100
100
-1.0	-1.0	-1.0	-1.0	-1.0	-1.0	-1.0	-1.0	-1.0	-1.0	-1.0	-1.0	-1.0	-1.0	-1.0	-1.0	-1.0	-1.0	-1.0	-1.0	-1.0	-1.0	-1.0	-1.0	-1.0	-1.0	-1.0	-1.0	-1.0	-1.0	-1.0	-1.0	-1.0	-1.0	-1.0	-1.0	-1.0	-1.0	-1.0	-1.0	-1.0	-1.0	-1.0	-1.0	-1.0	-1.0	-1.0	-1.0	-1.0	-1.0	-1.0	-1.0	-1.0	-1.0	-1.0	-1.0	-1.0	-1.0	-1.0	-1.0	-1.0	-1.0	-1.0	-1.0	-1.0	-1.0	-1.0	-1.0	-1.0	-1.0	-1.0	-1.0	-1.0	-1.0	-1.0	-1.0	-1.0	-1.0	-1.0	-1.0	-1.0	-1.0	-1.0	-1.0	-1.0	-1.0	-1.0	-1.0	-1.0	-1.0	-1.0	-1.0	-1.0	-1.0	-1.0	-1.0	-1.0	-1.0	-1.0	-1.0
-1.0	-1.0	-1.0	-1.0	-1.0	-1.0	-1.0	-1.0	-1.0	-1.0	-1.0	-1.0	-1.0	-1.0	-1.0	-1.0	-1.0	-1.0	-1.0	-1.0	-1.0	-1.0	-1.0	-1.0	-1.0	-1.0	-1.0	-1.0	-1.0	-1.0	-1.0	-1.0	-1.0	-1.0	-1.0	-1.0	-1.0	-1.0	-1.0	-1.0	-1.0	-1.0	-1.0	-1.0	-1.0	-1.0	-1.0	-1.0	-1.0	-1.0	-1.0	-1.0	-1.0	-1.0	-1.0	-1.0	-1.0	-1.0	-1.0	-1.0	-1.0	-1.0	-1.0	-1.0	-1.0	-1.0	-1.0	-1.0	-1.0	-1.0	-1.0	-1.0	-1.0	-1.0	-1.0	-1.0	-1.0	-1.0	-1.0	-1.0	-1.0	-1.0	-1.0	-1.0	-1.0	-1.0	-1.0	-1.0	-1.0	-1.0	-1.0	-1.0	-1.0	-1.0	-1.0	-1.0	-1.0	-1.0	-1.0	-1.0
-1.0	-1.0	-1.0	-1.0	-1.0	-1.0	-1.0	-1.0	-1.0	-1.0	-1.0	-1.0	-1.0	-1.0	-1.0	-1.0	-1.0	-1.0	-1.0	-1.0	-1.0	-1.0	-1.0	-1.0	-1.0	-1.0	-1.0	-1.0	-1.0	-1.0	-1.0	-1.0	-1.0	-1.0	-1.0	-1.0	-1.0	-1.0	-1.0	-1.0	-1.0	-1.0	-1.0	-1.0	-1.0	-1.0	-1.0	-1.0	-1.0	-1.0	-1.0	-1.0	-1.0	-1.0	-1.0	-1.0	-1.0	-1.0	-1.0	-1.0	-1.0	-1.0	-1.0	-1.0	-1.0	-1.0	-1.0	-1.0	-1.0	-1.0	-1.0	-1.0	-1.0	-1.0	-1.0	-1.0	-1.0	-1.0	-1.0	-1.0	-1.0	-1.0	-1.0	-1.0	-1.0	-1.0	-1.0	-1.0	-1.0	-1.0	-1.0	-1.0	-1.0	-1.0	-1.0	-1.0	-1.0	-1.0	-1.0	-1.0
-1.0	-1.0	-1.0	-1.0	-1.0	-1.0	-1.0	-1.0	-1.0	-1.0	-1.0	-1.0	-1.0	-1.0	-1.0	-1.0	-1.0	-1.0	-1.0	-1.0	-1.0	-1.0	-1.0	-1.0	-1.0	-1.0	-1.0	-1.0	-1.0	-1.0	-1.0	-1.0	-1.0	-1.0	-1.0	-1.0	-1.0	-1.0	-1.0	-1.0	-1.0	-1.0	-1.0	-1.0	-1.0	-1.0	-1.0	-1.0	-1.0	-1.0	-1.0	-1.0	-1.0	-1.0	-1.0	-1.0	-1.0	-1.0	-1.0	-1.0	-1.0	-1.0	-1.0	-1.0	-1.0	-1.0	-1.0	-1.0	-1.0	-1.0	-1.0	-1.0	-1.0	-1.0	-1.0	-1.0	-1.0	-1.0	-1.0	-1.0	-1.0	-1.0	-1.0	-1.0	-1.0	-1.0	-1.0	-1.0	-1.0	-1.0	-1.0	-1.0	-1.0	-1.0	-1.0	-1.0	-1.0	-1.0	-1.0	-1.0
-1.0	-1.0	-1.0	-1.0	-1.0	-1.0	-1.0	-1.0	-1.0	-1.0	-1.0	-1.0	-1.0	-1.0	-1.0	-1.0	-1.0	-1.0	-1.0	-1.0	-1.0	-1.0	-1.0	-1.0	-1.0	-1.0	-1.0	-1.0	-1.0	-1.0	-1.0	-1.0	-1.0	-1.0	-1.0	-1.0	-1.0	-1.0	-1.0	-1.0	-1.0	-1.0	-1.0	-1.0	-1.0	-1.0	-1.0	-1.0	-1.0	-1.0	-1.0	-1.0	-1.0	-1.0	-1.0	-1.0	-1.0	-1.0	-1.0	-1.0	-1.0	-1.0	-1.0	-1.0	-1.0	-1.0	-1.0	-1.0	-1.0	-1.0	-1.0	-1.0	-1.0	-1.0	-1.0	-1.0	-1.0	-1.0	-1.0	-1.0	-1.0	-1.0	-1.0	-1.0	-1.0	-1.0	-1.0	-1.0	-1.0	-1.0	-1.0	-1.0	-1.0	-1.0	-1.0	-1.0	-1.0	-1.0	-1.0	-1.0
-1.0	-1.0	-1.0	-1.0	-1.0	-1.0	-1.0	-1.0	-1.0	-1.0	-1.0	-1.0	-1.0	-1.0	-1.0	-1.0	-1.0	-1.0	-1.0	-1.0	-1.0	-1.0	-1.0	-1.0	-1.0	-1.0	-1.0	-1.0	-1.0	-1.0	-1.0	-1.0	-1.0	-1.0	-1.0	-1.0	-1.0	-1.0	-1.0	-1.0	-1.0	-1.0	-1.0	-1.0	-1.0	-1.0	-1.0	-1.0	-1.0	-1.0	-1.0	-1.0	-1.0	-1.0	-1.0	-1.0	-1.0	-1.0	-1.0	-1.0	-1.0	-1.0	-1.0	-1.0	-1.0	-1.0	-1.0	-1.0	-1.0	-1.0	-1.0	-1.0	-1.0	-1.0	-1.0	-1.0	-1.0	-1.0	-1.0	-1.0	-1.0	-1.0	-1.0	-1.0	-1.0	-1.0	-1.0	-1.0	-1.0	-1.0	-1.0	-1.0	-1.0	-1.0	-1.0	-1.0	-1.0	-1.0	-1.0	-1.0
-1.0	-1.0	-1.0	-1.0	-1.0	-1.0	-1.0	-1.0	-1.0	-1.0	-1.0	-1.0	-1.0	-1.0	-1.0	-1.0	-1.0	-1.0	-1.0	-1.0	-1.0	-1.0	-1.0	-1.0	-1.0	-1.0	-1.0	-1.0	-1.0	-1.0	-1.0	-1.0	-1.0	-1.0	-1.0	-1.0	-1.0	-1.0	-1.0	-1.0	-1.0	-1.0	-1.0	-1.0	-1.0	-1.0	-1.0	-1.0	-1.0	-1.0	-1.0	-1.0	-1.0	-1.0	-1.0	-1.0	-1.0	-1.0	-1.0	-1.0	-1.0	-1.0	-1.0	-1.0	-1.0	-1.0	-1.0	-1.0	-1.0	-1.0	-1.0	-1.0	-1.0	-1.0	-1.0	-1.0	-1.0	-1.0	-1.0	-1.0	-1.0	-1.0	-1.0	-1.0	-1.0	-1.0	-1.0	-1.0	-1.0	-1.0	-1.0	-1.0	-1.0	-1.0	-1.0	-1.0	-1.0	-1.0	-1.0	-1.0
-1.0	-1.0	-1.0	-1.0	1.2335301644295729	1.0327488481368405	1.2537921521700703	-1.0	-1.0	1.379035963227467	-1.0	-1.0	-1.0	-1.0	-1.0	1.3803352602610568	1.3077674666516923	1.1861768384088422	-1.0	-1.0	-1.0	-1.0	-1.0	1.347589916628474	-1.0	-1.0	-1.0	-1.0	-1.0	-1.0	-1.0	-1.0	1.3184717711175442	-1.0	-1.0	-1.0	-1.0	-1.0	-1.0	-1.0	-1.0	-1.0	-1.0	-1.0	-1.0	-1.0	-1.0	-1.0	-1.0	-1.0	-1.0	1.2331895115334017	-1.0	-1.0	-1.0	1.2152211385133906	1.2833266088261588	-1.0	-1.0	-1.0	-1.0	-1.0	-1.0	-1.0	-1.0	-1.0	-1.0	-1.0	-1.0	-1.0	-1.0	-1.0	-1.0	-1.0	-1.0	-1.0	-1.0	-1.0	-1.0	-1.0	1.3607674579131703	1.093435887720769	1.1501067016617794	1.297451192382166	1.2823887144391022	1.2811937195577436	-1.0	1.4963582559307613	-1.0	-1.0	-1.0	-1.0	1.1133570155661572	1.290252657457438	-1.0	1.1833762893805824	1.3142334795040136	-1.0	-1.0	1.0331432490443586
-1.0	-1.0	-1.0	-1.0	1.1156522983699302	1.118093422721111	1.3086187290209976	-1.0	-1.0	1.3812097807004025	-1.0	-1.0	-1.0	-1.0	-1.0	1.1742457566750906	1.3877635601528053	1.1747659993914565	-1.0	-1.0	-1.0	-1.0	-1.0	1.1634488965100445	-1.0	-1.0	-1.0	-1.0	-1.0	-1.0	-1.0	-1.0	1.1593849589393264	-1.0	-1.0	-1.0	-1.0	-1.0	-1.0	-1.0	-1.0	-1.0	-1.0	-1.0	-1.0	-1.0	-1.0	-1.0	-1.0	-1.0	-1.0	0.9102691713319495	-1.0	-1.0	-1.0	1.1868019992720058	1.246631880667193	-1.0	-1.0	-1.0	-1.0	-1.0	-1.0	-1.0	-1.0	-1.0	-1.0	-1.0	-1.0	-1.0	-1.0	-1.0	-1.0	-1.0	-1.0	-1.0	-1.0	-1.0	-1.0	-1.0	1.0629307018721874	1.364494674907121	1.167600835314053	1.371851575639096	1.0468818590655413	1.1829015325930676	-1.0	1.3641423549349232	-1.0	-1.0	-1.0	-1.0	1.2499379257551413	1.2743963928181221	-1.0	1.094358250896663	1.2648427891709833	-1.0	-1.0	0.9428811233949266
-1.0	-1.0	-1.0	-1.0	1.168044592607807	1.2099421451832881	1.0322228310852721	-1.0	-1.0	1.3254590445719403	-1.0	-1.0	-1.0	-1.0	-1.0	1.2138776877122346	1.0374698169606162	1.1945428351918475	-1.0	-1.0	-1.0	-1.0	-1.0	1.2875848233664218	-1.0	-1.0	-1.0	-1.0	-1.0	-1.0	-1.0	-1.0	1.1950982778039858	-1.0	-1.0	-1.0	-1.0	-1.0	-1.0	-1.0	-1.0	-1.0	-1.0	-1.0	-1.0	-1.0	-1.0	-1.0	-1.0	-1.0	-1.0	1.2973323403438903	-1.0	-1.0	-1.0	1.1654232162099745	1.279347160437154	-1.0	-1.0	-1.0	-1.0	-1.0	-1.0	-1.0	-1.0	-1.0	-1.0	-1.0	-1.0	-1.0	-1.0	-1.0	-1.0	-1.0	-1.0	-1.0	-1.0	-1.0	-1.0	-1.0	1.1116037140153443	1.3386555938622622	1.292671205163613	1.1276497218754469	1.1578614076936267	1.029634950560987	-1.0	1.0452413385119885	-1.0	-1.0	-1.0	-1.0	1.1662246768565376	1.351107548886507	-1.0	1.0807748232512888	1.3424108563858763	-1.0	-1.0	1.1107352082550939
-1.0	-1.0	-1.0	-1.0	-1.0	-1.0	-1.0	-1.0	-1.0	-1.0	-1.0	-1.0	-1.0	-1.0	-1.0	-1.0	-1.0	-1.0	-1.0	-1.0	-1.0	-1.0	-1.0	-1.0	-1.0	-1.0	-1.0	-1.0	-1.0	-1.0	-1.0	-1.0	-1.0	-1.0	-1.0	-1.0	-1.0	-1.0	-1.0	-1.0	-1.0	-1.0	-1.0	-1.0	-1.0	-1.0	-1.0	-1.0	-1.0	-1.0	-1.0	-1.0	-1.0	-1.0	-1.0	-1.0	-1.0	-1.0	-1.0	-1.0	-1.0	-1.0	-1.0	-1.0	-1.0	-1.0	-1.0	-1.0	-1.0	-1.0	-1.0	-1.0	-1.0	-1.0	-1.0	-1.0	-1.0	-1.0	-1.0	-1.0	-1.0	-1.0	-1.0	-1.0	-1.0	-1.0	-1.0	-1.0	-1.0	-1.0	-1.0	-1.0	-1.0	-1.0	-1.0	-1.0	-1.0	-1.0	-1.0	-1.0
-1.0	-1.0	-1.0	-1.0	-1.0	-1.0	-1.0	-1.0	-1.0	-1.0	-1.0	-1.0	-1.0	-1.0	-1.0	-1.0	-1.0	-1.0	-1.0	-1.0	-1.0	-1.0	-1.0	-1.0	-1.0	-1.0	-1.0	-1.0	-1.0	-1.0	-1.0	-1.0	-1.0	-1.0	-1.0	-1.0	-1.0	-1.0	-1.0	-1.0	-1.0	-1.0	-1.0	-1.0	-1.0	-1.0	-1.0	-1.0	-1.0	-1.0	-1.0	-1.0	-1.0	-1.0	-1.0	-1.0	-1.0	-1.0	-1.0	-1.0	-1.0	-1.0	-1.0	-1.0	-1.0	-1.0	-1.0	-1.0	-1.0	-1.0	-1.0	-1.0	-1.0	-1.0	-1.0	-1.0	-1.0	-1.0	-1.0	-1.0	-1.0	-1.0	-1.0	-1.0	-1.0	-1.0	-1.0	-1.0	-1.0	-1.0	-1.0	-1.0	-1.0	-1.0	-1.0	-1.0	-1.0	-1.0	-1.0	-1.0
-1.0	-1.0	-1.0	-1.0	-1.0	-1.0	-1.0	-1.0	-1.0	-1.0	-1.0	-1.0	-1.0	-1.0	-1.0	-1.0	-1.0	-1.0	-1.0	-1.0	-1.0	-1.0	-1.0	-1.0	-1.0	-1.0	-1.0	-1.0	-1.0	-1.0	-1.0	-1.0	-1.0	-1.0	-1.0	-1.0	-1.0	-1.0	-1.0	-1.0	-1.0	-1.0	-1.0	-1.0	-1.0	-1.0	-1.0	-1.0	-1.0	-1.0	-1.0	-1.0	-1.0	-1.0	-1.0	-1.0	-1.0	-1.0	-1.0	-1.0	-1.0	-1.0	-1.0	-1.0	-1.0	-1.0	-1.0	-1.0	-1.0	-1.0	-1.0	-1.0	-1.0	-1.0	-1.0	-1.0	-1.0	-1.0	-1.0	-1.0	-1.0	-1.0	-1.0	-1.0	-1.0	-1.0	-1.0	-1.0	-1.0	-1.0	-1.0	-1.0	-1.0	-1.0	-1.0	-1.0	-1.0	-1.0	-1.0	-1.0
-1.0	-1.0	-1.0	-1.0	1.229656690339207	1.1885841529247194	1.35615400485504	1.603016931092918	1.6160438649733324	1.328786055109378	1.589550216987261	-1.0	1.5775518033170461	-1.0	-1.0	1.0559856985587448	1.0363208433503899	1.19045261866419	1.7773859771210987	-1.0	-1.0	-1.0	-1.0	1.3925987650546334	-1.0	-1.0	-1.0	-1.0	-1.0	-1.0	-1.0	-1.0	1.1740536275504607	-1.0	1.7046347973394131	1.6039786936291467	-1.0	-1.0	-1.0	-1.0	-1.0	-1.0	-1.0	-1.0	-1.0	-1.0	-1.0	-1.0	1.5710289128829074	1.6409690162845936	1.4353637066442901	1.3132724310964385	1.720247687015717	-1.0	-1.0	1.2250488101006092	1.4002361790728526	-1.0	-1.0	-1.0	-1.0	-1.0	-1.0	-1.0	-1.0	-1.0	-1.0	-1.0	-1.0	-1.0	-1.0	-1.0	-1.0	-1.0	-1.0	-1.0	-1.0	-1.0	-1.0	-1.0	1.259997666839407	1.1953875802391323	1.2686346112243942	1.320950194840584	1.16975905957917	1.193386148655498	1.7654059016451606	1.1423461642715107	-1.0	1.2984498299144378	1.613358310679832	1.5453255565838202	1.128048554823195	1.3723166492164864	-1.0	1.0266738352303038	1.2617017561277644	1.7771382039560089	1.6550151207480737	1.2669797637695541
-1.0	-1.0	-1.0	-1.0	1.2248802830476717	1.324811536570117	1.278446805616885	1.7311368535872016	1.6479683119758515	1.2513191287237821	1.674843571062342	-1.0	1.0954037321436103	-1.0	-1.0	1.236415158415581	1.1539321898494148	1.436079291669841	1.575142824805856	-1.0	-1.0	-1.0	-1.0	1.2442364033855877	-1.0	-1.0	-1.0	-1.0	-1.0	-1.0	-1.0	-1.0	1.3458359270979927	1.2435165468562923	1.5688250438187796	1.7705839661884084	-1.0	-1.0	-1.0	-1.0	-1.0	-1.0	-1.0	-1.0	-1.0	-1.0	-1.0	-1.0	1.1057706164224377	1.6368908299535125	1.0940336242956603	1.2226706744966707	1.7775122582607767	1.2426188942390453	-1.0	1.274824869125301	1.1538295604624558	-1.0	-1.0	-1.0	-1.0	-1.0	-1.0	1.1508231036960133	0.9911150372793344	1.2482633988124032	1.0958830365256464	-1.0	-1.0	-1.0	-1.0	-1.0	-1.0	-1.0	-1.0	-1.0	-1.0	-1.0	-1.0	1.1997959971272263	1.2390829032702682	1.221904385880533	1.25711335112018	1.1620346712797593	1.1433717625703181	1.2303358448681427	1.2021239119455542	1.2590813997856034	-1.0	1.0422127025101213	1.5216419385737345	1.229082709717496	1.1714931209902377	1.172428971367658	-1.0	1.3574555796564587	1.1819819717866884	1.6142763476303021	1.6095668877990783	1.0363316910048224
-1.0	-1.0	-1.0	-1.0	1.391403683537	1.1165224280317045	1.2536145058597992	-1.0	-1.0	1.0831765887992344	-1.0	-1.0	1.3034500924084194	-1.0	-1.0	1.2557431221265876	1.2039135521131794	1.1113209539865927	1.293600472095478	-1.0	-1.0	-1.0	-1.0	1.1476818554451464	-1.0	-1.0	-1.0	-1.0	-1.0	-1.0	-1.0	-1.0	1.3974264656836455	1.3755351131699085	1.4181844581142438	1.4603332568714147	-1.0	-1.0	-1.0	-1.0	-1.0	-1.0	-1.0	-1.0	-1.0	-1.0	-1.0	-1.0	1.0312203131432274	1.2663129483516324	1.3726565596563822	1.2641571912637277	1.4364168935431658	1.2737447680119138	-1.0	1.181604968271701	1.1805509994374148	-1.0	-1.0	-1.0	-1.0	-1.0	-1.0	1.186656294451914	0.9283824442451185	1.197989180226995	1.311632458308213	-1.0	-1.0	-1.0	-1.0	-1.0	-1.0	-1.0	-1.0	-1.0	-1.0	-1.0	-1.0	1.2817001402780133	1.5319659467347402	1.069447002385067	1.2415725647294502	1.1217777596025962	1.0324594002371719	1.1842905702404936	1.0804204866515221	1.2167457288205112	-1.0	1.3190911015856472	1.2668285837007174	1.2195562148518244	1.1488798070117228	1.1577633776249283	-1.0	1.2993369689390415	1.338901031823358	-1.0	-1.0	1.3237422569791375
-1.0	-1.0	-1.0	-1.0	-1.0	-1.0	-1.0	1.8055077691045427	1.7247091652473154	1.5418311760778642	1.7041214711080854	-1.0	1.4916496366871577	-1.0	-1.0	1.4211104300439406	1.8477849698776077	1.8035404376498798	1.6494789359324187	-1.0	-1.0	-1.0	-1.0	-1.0	-1.0	-1.0	-1.0	-1.0	-1.0	-1.0	-1.0	-1.0	1.4893590630949967	-1.0	1.727360545536765	1.7085170222092514	-1.0	-1.0	-1.0	-1.0	-1.0	-1.0	-1.0	-1.0	-1.0	-1.0	-1.0	-1.0	1.4830989975751998	1.6998527527193312	1.4145922137814158	1.3411278120879975	1.6502163555988716	-1.0	-1.0	-1.0	-1.0	-1.0	-1.0	-1.0	-1.0	-1.0	-1.0	-1.0	-1.0	-1.0	-1.0	-1.0	-1.0	-1.0	-1.0	-1.0	-1.0	-1.0	-1.0	-1.0	-1.0	-1.0	-1.0	-1.0	1.511959804677863	-1.0	-1.0	1.3656288573885538	1.6666200165618017	1.7421305772968423	1.5314466201890946	1.738502598001812	-1.0	1.289974668519082	1.6225139889620215	1.6920270007062217	1.6826222926023635	1.4401191052046918	-1.0	1.5810710296555281	1.3946303550932566	1.56531949714423	1.6841567116180067	1.15748801606339
-1.0	-1.0	-1.0	-1.0	-1.0	-1.0	-1.0	1.6495770978359992	1.4879415739663322	1.476780825778687	1.4936624452206233	-1.0	1.7459580014920306	-1.0	-1.0	1.2962595783397957	1.589676173345153	1.6267545185462826	1.8264477464531093	-1.0	-1.0	-1.0	-1.0	-1.0	-1.0	-1.0	-1.0	-1.0	-1.0	-1.0	-1.0	-1.0	1.1980828664109182	-1.0	1.6858898949307166	1.6171468829088536	-1.0	-1.0	-1.0	-1.0	-1.0	-1.0	-1.0	-1.0	-1.0	-1.0	-1.0	-1.0	1.7613863345517733	1.5586559450916215	1.354610151303147	1.292789702315337	1.5841681697235992	-1.0	-1.0	-1.0	-1.0	-1.0	-1.0	-1.0	-1.0	-1.0	-1.0	-1.0	-1.0	-1.0	-1.0	-1.0	-1.0	-1.0	-1.0	-1.0	-1.0	-1.0	-1.0	-1.0	-1.0	-1.0	-1.0	-1.0	1.3437165106933893	-1.0	-1.0	1.4789847256619424	1.5429190597460947	1.7210226679018474	1.6162988505646356	1.674343878555672	-1.0	1.342056690110362	1.6950219273173621	1.6080885329360006	1.589037378481693	1.5375037777747838	-1.0	1.6686389757185527	1.471146698693202	1.8688735469291722	1.6573815920219823	1.3460367425579622
-1.0	-1.0	-1.0	-1.0	-1.0	-1.0	-1.0	-1.0	-1.0	-1.0	-1.0	-1.0	-1.0	-1.0	-1.0	-1.0	-1.0	-1.0	-1.0	-1.0	-1.0	-1.0	-1.0	-1.0	-1.0	-1.0	-1.0	-1.0	-1.0	-1.0	-1.0	-1.0	-1.0	-1.0	-1.0	-1.0	-1.0	-1.0	-1.0	-1.0	-1.0	-1.0	-1.0	-1.0	-1.0	-1.0	-1.0	-1.0	-1.0	-1.0	-1.0	-1.0	-1.0	-1.0	-1.0	-1.0	-1.0	-1.0	-1.0	-1.0	-1.0	-1.0	-1.0	-1.0	-1.0	-1.0	-1.0	-1.0	-1.0	-1.0	-1.0	-1.0	-1.0	-1.0	-1.0	-1.0	-1.0	-1.0	-1.0	-1.0	-1.0	-1.0	-1.0	-1.0	-1.0	-1.0	-1.0	-1.0	-1.0	-1.0	-1.0	-1.0	-1.0	-1.0	-1.0	-1.0	-1.0	-1.0	-1.0	-1.0
-1.0	-1.0	-1.0	-1.0	-1.0	-1.0	-1.0	-1.0	-1.0	-1.0	-1.0	-1.0	-1.0	-1.0	-1.0	-1.0	-1.0	-1.0	-1.0	-1.0	-1.0	-1.0	-1.0	-1.0	-1.0	-1.0	-1.0	-1.0	-1.0	-1.0	-1.0	-1.0	-1.0	-1.0	-1.0	-1.0	-1.0	-1.0	-1.0	-1.0	-1.0	-1.0	-1.0	-1.0	-1.0	-1.0	-1.0	-1.0	-1.0	-1.0	-1.0	-1.0	-1.0	-1.0	-1.0	-1.0	-1.0	-1.0	-1.0	-1.0	-1.0	-1.0	-1.0	-1.0	-1.0	-1.0	-1.0	-1.0	-1.0	-1.0	-1.0	-1.0	-1.0	-1.0	-1.0	-1.0	-1.0	-1.0	-1.0	-1.0	-1.0	-1.0	-1.0	-1.0	-1.0	-1.0	-1.0	-1.0	-1.0	-1.0	-1.0	-1.0	-1.0	-1.0	-1.0	-1.0	-1.0	-1.0	-1.0	-1.0
-1.0	-1.0	-1.0	-1.0	-1.0	-1.0	-1.0	-1.0	-1.0	-1.0	-1.0	-1.0	-1.0	-1.0	-1.0	-1.0	-1.0	-1.0	-1.0	-1.0	-1.0	-1.0	-1.0	-1.0	-1.0	-1.0	-1.0	-1.0	-1.0	-1.0	-1.0	-1.0	-1.0	-1.0	-1.0	-1.0	-1.0	-1.0	-1.0	-1.0	-1.0	-1.0	-1.0	-1.0	-1.0	-1.0	-1.0	-1.0	-1.0	-1.0	-1.0	-1.0	-1.0	-1.0	-1.0	-1.0	-1.0	-1.0	-1.0	-1.0	-1.0	-1.0	-1.0	-1.0	-1.0	-1.0	-1.0	-1.0	-1.0	-1.0	-1.0	-1.0	-1.0	-1.0	-1.0	-1.0	-1.0	-1.0	-1.0	-1.0	-1.0	-1.0	-1.0	-1.0	-1.0	-1.0	-1.0	-1.0	-1.0	-1.0	-1.0	-1.0	-1.0	-1.0	-1.0	-1.0	-1.0	-1.0	-1.0	-1.0
-1.0	-1.0	-1.0	-1.0	1.1879572611511495	1.1839700958730306	1.3049400964947993	-1.0	-1.0	0.9804174205204158	-1.0	-1.0	-1.0	-1.0	-1.0	1.2615946363071175	1.1710464678844048	1.1821254223359754	1.3452653983730078	-1.0	-1.0	-1.0	-1.0	1.3103153928116589	-1.0	-1.0	-1.0	-1.0	-1.0	-1.0	-1.0	-1.0	1.2636267468902418	1.4069417148405936	1.2583262979375833	1.117399883286137	-1.0	-1.0	-1.0	-1.0	-1.0	-1.0	-1.0	-1.0	-1.0	-1.0	-1.0	-1.0	1.3906835538420408	1.3967266364417301	1.4962973198340823	1.464747193680895	1.4347801352345222	-1.0	-1.0	1.2694634995169465	1.2313626342008335	-1.0	-1.0	-1.0	-1.0	-1.0	-1.0	-1.0	-1.0	-1.0	-1.0	-1.0	-1.0	-1.0	-1.0	-1.0	-1.0	-1.0	-1.0	-1.0	-1.0	-1.0	-1.0	-1.0	1.4858790479605797	1.31895697610946	1.24454719486776	1.1751505464329208	1.2118997709303772	1.4768799465005311	1.123225192664152	1.269204425408095	-1.0	1.5382309013735331	1.3553750319332531	1.4419926047197171	1.0648050768220099	1.276293207096227	1.5957845738988128	1.1596386463598904	1.373425534760971	1.3887901513053786	1.4298821552480205	1.261595549548228
-1.0	-1.0	-1.0	-1.0	-1.0	-1.0	-1.0	-1.0	-1.0	-1.0	-1.0	-1.0	-1.0	-1.0	-1.0	1.4303469794321702	1.49116098292814	1.2358953574896359	1.5468566709059275	-1.0	-1.0	-1.0	-1.0	1.4067877175863752	-1.0	-1.0	-1.0	-1.0	-1.0	-1.0	-1.0	-1.0	1.3950418634911963	1.3866366456321977	1.3923194746572038	1.3230172067399146	-1.0	-1.0	-1.0	-1.0	-1.0	-1.0	-1.0	-1.0	-1.0	-1.0	-1.0	-1.0	-1.0	-1.0	-1.0	-1.0	-1.0	-1.0	-1.0	-1.0	-1.0	-1.0	-1.0	-1.0	-1.0	-1.0	-1.0	-1.0	-1.0	-1.0	-1.0	-1.0	-1.0	-1.0	-1.0	-1.0	-1.0	-1.0	-1.0	-1.0	-1.0	-1.0	-1.0	-1.0	1.3863899605566081	1.4095707076206572	-1.0	1.4230780903168585	1.4385806575542004	1.506999600590337	1.2717150006035447	-1.0	-1.0	1.5495258595808115	1.3096763990203724	1.4332044742433994	1.552033551950686	1.3783707446720852	1.391686302647063	1.3612041308013794	1.5041781647251693	1.4735997945851673	1.5133202510626738	1.4150905774686098
-1.0	-1.0	-1.0	-1.0	-1.0	-1.0	-1.0	1.594685037186206	1.6669066740199256	1.7466875966478845	1.6044769678184827	-1.0	1.5245772563264786	-1.0	-1.0	1.3188310833224084	1.6281745251039623	1.599208101413119	1.494959875779385	-1.0	-1.0	-1.0	-1.0	1.434043082010778	-1.0	-1.0	-1.0	-1.0	-1.0	-1.0	-1.0	-1.0	1.5145543544674611	1.4671734869081892	1.7157014547260108	1.5242695514170543	-1.0	-1.0	-1.0	-1.0	-1.0	-1.0	-1.0	-1.0	-1.0	-1.0	-1.0	-1.0	1.8442443432536741	1.6650666267725758	1.2572357036355661	1.3207045531414503	1.6124504438830818	-1.0	-1.0	-1.0	-1.0	-1.0	-1.0	-1.0	-1.0	-1.0	-1.0	-1.0	-1.0	-1.0	-1.0	-1.0	-1.0	-1.0	-1.0	-1.0	-1.0	-1.0	-1.0	-1.0	-1.0	-1.0	-1.0	-1.0	1.2524727773461768	1.3389869397861713	-1.0	1.5090389552453063	1.59329392501765	1.651044813530768	1.5222213975371204	1.6732493936790804	-1.0	1.4281790949868267	1.5317556491034097	1.620907018961656	1.5800694374887105	1.5923939342691944	1.4571874181570947	1.5686695989249704	1.3512565985763878	1.6788676904100366	1.6926956591638556	1.4120503850258357
-1.0	-1.0	-1.0	-1.0	-1.0	-1.0	-1.0	1.485896952963298	1.6919812446671632	1.7089997936814338	1.6563833137200128	-1.0	1.6684093479750595	-1.0	-1.0	1.3482930036651866	1.7163095551367786	1.5056581452999522	1.7551188515048795	-1.0	-1.0	-1.0	-1.0	1.5204257489803823	-1.0	-1.0	-1.0	-1.0	-1.0	-1.0	-1.0	-1.0	1.2467047044829018	1.519211280338351	1.6640901127106495	1.5633392223131575	-1.0	-1.0	-1.0	-1.0	-1.0	-1.0	-1.0	-1.0	-1.0	-1.0	-1.0	-1.0	1.4279739249461032	1.6037051450255622	1.2222337324215358	1.721137339394982	1.6036564315230897	-1.0	-1.0	-1.0	-1.0	-1.0	-1.0	-1.0	-1.0	-1.0	-1.0	-1.0	-1.0	-1.0	-1.0	-1.0	-1.0	-1.0	-1.0	-1.0	-1.0	-1.0	-1.0	-1.0	-1.0	-1.0	-1.0	2.063969190981454	1.5895692809887172	1.3341901342240503	1.779066657430036	1.397924397348554	1.5833092474233978	1.7253565806684565	1.4957313390340663	1.7208625272442015	1.8469790530211445	1.4577569801387016	1.7865675780050125	1.6325075472869266	1.6522635983009268	1.493537227641555	1.3509209569830594	1.572806212408898	1.36643100441391	1.625290800042907	1.733332531109574	1.380624310554979
-1.0	-1.0	-1.0	-1.0	1.2202483726086022	1.092769778080262	-1.0	-1.0	-1.0	1.1280594983081758	-1.0	-1.0	1.3308336469210467	-1.0	-1.0	1.279917210853492	1.295996017177945	1.1889315438370567	1.3397095587185106	-1.0	-1.0	-1.0	-1.0	1.1656851839930857	-1.0	-1.0	-1.0	-1.0	-1.0	-1.0	-1.0	-1.0	1.4468964723712798	1.0959280118003372	1.1519299973767771	1.292017482467678	-1.0	-1.0	-1.0	-1.0	-1.0	-1.0	-1.0	-1.0	-1.0	-1.0	-1.0	-1.0	1.2121451188582835	1.3923311477734135	1.2330420042669437	1.453737489523684	1.484535056739672	1.1523394451357818	-1.0	-1.0	-1.0	-1.0	-1.0	-1.0	-1.0	-1.0	-1.0	1.2047350039113591	1.1985340916719918	1.11049127703465	1.175807228444965	-1.0	-1.0	-1.0	-1.0	-1.0	-1.0	-1.0	-1.0	-1.0	-1.0	-1.0	-1.0	1.3321561735219665	1.0148711671711523	1.3971562914964555	1.0704620962734066	1.250151740435412	1.535148889489031	1.265644951903853	1.2049446459155362	1.2120589718575425	1.99298717878603	1.1455436070968965	1.3883507008958227	1.1935205921486804	1.3548311472572807	1.0695395152938207	1.4542987569246435	1.1752701994772714	1.2078830145547232	1.4070653932255326	1.634894212269094	1.3419322137090752
-1.0	-1.0	-1.0	-1.0	1.1836105279698124	1.2211629364114134	-1.0	-1.0	-1.0	1.2675774098578592	-1.0	-1.0	1.284342776972566	-1.0	-1.0	1.1213059355621984	1.1591582848750204	1.576592409464725	1.5286845765049697	-1.0	-1.0	-1.0	-1.0	1.1011294031263137	-1.0	-1.0	-1.0	-1.0	-1.0	-1.0	-1.0	-1.0	1.5009477695341369	1.2516815690284238	1.4563373664351513	1.5747907412681998	-1.0	-1.0	-1.0	-1.0	-1.0	-1.0	-1.0	-1.0	-1.0	-1.0	-1.0	-1.0	1.1478789694052016	-1.0	1.18732133117167	-1.0	-1.0	1.1504821274327846	-1.0	-1.0	-1.0	-1.0	-1.0	-1.0	-1.0	-1.0	-1.0	1.006477399754296	1.1563272004900496	1.4377540391517893	1.180349006237848	-1.0	-1.0	-1.0	-1.0	-1.0	-1.0	-1.0	-1.0	-1.0	-1.0	-1.0	-1.0	1.1439704964686506	1.253185598063203	1.4800955420473625	1.2268621654410188	1.316576637657043	1.5476664335457437	1.042639822341774	1.2750338703518795	1.1964488749063273	1.9634786860251892	1.2990183259247945	1.4414664523063845	1.0494262723289405	1.5200922542032316	1.1579745304211435	1.4792063704095417	1.395583976931364	1.3407060390619243	1.3446152714660893	1.4988408807986144	1.422844390834762
-1.0	-1.0	-1.0	-1.0	1.1348986060602158	1.2658358945871444	-1.0	1.6701713284881246	1.6972661794977266	1.2398368951435617	1.5844976592259858	-1.0	1.255293104596649	-1.0	-1.0	1.2719089694230892	1.3491535431102077	1.6147958240374023	1.5989056665641888	-1.0	-1.0	-1.0	-1.0	1.0027963168774265	-1.0	-1.0	-1.0	-1.0	-1.0	-1.0	-1.0	-1.0	1.4180739573279135	1.0696600476681175	1.6535984210798271	1.7118316174577748	-1.0	-1.0	-1.0	-1.0	-1.0	-1.0	-1.0	-1.0	-1.0	-1.0	-1.0	-1.0	1.195515768348287	1.6269866198070018	1.3677312221575177	1.4722773915650873	1.5930757703355363	1.2915638957723499	-1.0	-1.0	-1.0	-1.0	-1.0	-1.0	-1.0	-1.0	-1.0	0.968399477570815	1.348294667825171	1.3033026082643835	1.2042488582975917	-1.0	-1.0	-1.0	-1.0	-1.0	-1.0	-1.0	-1.0	-1.0	-1.0	-1.0	-1.0	0.9325158770659389	1.2160595781570884	1.574518421462797	1.088946762351219	1.1737424223898494	1.6901178277300344	1.2447348027932637	1.1458052178778162	1.3096044668930855	2.028516008224847	1.2622796638164917	1.6074880101577138	1.3753979140388712	1.5107251167463887	1.1038525437985425	1.4354395494433705	1.2454240653700257	1.3461019215970793	1.645336292311488	1.647611051222349	1.4970396282554341
-1.0	-1.0	-1.0	-1.0	1.3322748644910123	1.397151809196487	1.2541031283296356	1.7258530449786846	1.4382377841698017	1.2347900541375842	1.582736859431323	-1.0	1.7018439716660438	-1.0	-1.0	1.258798153481143	1.2874758532117272	1.1680933465015224	1.6906616890164072	-1.0	-1.0	-1.0	-1.0	1.3051504348951835	-1.0	-1.0	-1.0	-1.0	-1.0	-1.0	-1.0	-1.0	1.1824595587547624	1.6127358047927955	1.6943777580094763	1.7474073435570425	-1.0	-1.0	-1.0	-1.0	-1.0	-1.0	-1.0	-1.0	-1.0	-1.0	-1.0	-1.0	1.5161523467629365	1.695429467503717	-1.0	1.334743084361604	1.493112620243384	-1.0	-1.0	1.259645181327745	1.0960704761729099	-1.0	-1.0	-1.0	-1.0	-1.0	-1.0	-1.0	-1.0	-1.0	-1.0	-1.0	-1.0	-1.0	-1.0	-1.0	-1.0	-1.0	-1.0	-1.0	-1.0	-1.0	-1.0	1.7052384484833931	1.112292519637078	1.1576500301387969	1.3319789621443958	1.4050738613244056	1.2609976559941105	1.0802859818238464	1.4656636373936318	1.1916509657630858	1.9849672278288866	1.4152853421514286	1.6772623993193405	1.5795166566195689	1.4281626053119871	1.1357550430051864	1.3709131836036366	1.1841325380064092	1.2294072557863795	1.5664038232680102	1.7661504062396105	1.2803248170710049
-1.0	-1.0	-1.0	-1.0	1.2785881395151972	1.2722248536925127	1.296514587788619	1.6862095782157531	1.6692506419719781	1.248108350102864	1.6868541224325915	-1.0	1.1608417657088332	-1.0	-1.0	1.1921081604908785	1.3452384355808005	1.2139546537861514	1.602870947873757	-1.0	-1.0	-1.0	-1.0	1.237843480624224	-1.0	-1.0	-1.0	-1.0	-1.0	-1.0	-1.0	-1.0	1.0858657874435598	1.067121942150463	1.6786592180301183	1.6220171206876737	-1.0	-1.0	-1.0	-1.0	-1.0	-1.0	-1.0	-1.0	-1.0	-1.0	-1.0	-1.0	1.167323601112083	1.6391005458289443	1.1469291459023612	1.188651015574525	1.76945714705075	1.165356419195845	-1.0	1.2071197999905454	1.2075853276960273	-1.0	-1.0	-1.0	-1.0	-1.0	-1.0	1.2145375599002528	1.0593376695507912	1.2848271022365247	1.2978723787208881	-1.0	-1.0	-1.0	-1.0	-1.0	-1.0	-1.0	-1.0	-1.0	-1.0	-1.0	-1.0	1.2191817873158382	1.2074683282041072	1.2129509019902582	1.0729887113395171	1.1606141430811001	1.1903490901683809	1.2710074067071198	1.1990203404978528	1.1958251427823645	1.7965193248720448	1.200942648645723	1.6430624955877344	1.3205259584383509	1.1585547951359294	1.1074720801753837	1.4873554572468	1.2872246206416913	1.1690086707837017	1.5381091281945383	1.6520533040803518	1.2858886147343005
-1.0	-1.0	-1.0	-1.0	1.263203451997015	1.2205895952125847	1.187229822856736	1.8673711016054702	1.7191534290161243	1.150247855435058	1.794813008623571	-1.0	1.5288648001210756	-1.0	-1.0	1.166799634850151	1.0855484222045266	1.1601209808986273	1.6592635179590869	-1.0	-1.0	-1.0	-1.0	1.2509149226320808	-1.0	-1.0	-1.0	-1.0	-1.0	-1.0	-1.0	-1.0	1.2985890614063775	1.5251060300626467	1.7324261964833396	1.644383665342861	-1.0	-1.0	-1.0	-1.0	-1.0	-1.0	-1.0	-1.0	-1.0	-1.0	-1.0	-1.0	1.6912188671237938	1.5468489060771367	1.5447106681278964	1.091136692669408	1.7098348759604838	-1.0	-1.0	1.086595377568285	1.303464844439936	-1.0	-1.0	-1.0	-1.0	-1.0	-1.0	-1.0	-1.0	-1.0	-1.0	-1.0	-1.0	-1.0	-1.0	-1.0	-1.0	-1.0	-1.0	-1.0	-1.0	-1.0	-1.0	1.7748772243227149	1.0590505623087232	1.2397698547513663	1.2366859851899838	1.5288916755340503	1.2185071356746509	1.306376160193886	1.699879302194774	1.1983766707388772	2.0436509431570156	1.328820619231363	1.7832932710392486	1.5740502123916675	1.1818128316855203	1.1003229716671679	1.4780323020915997	1.3041287848243797	1.1983646315189567	1.609219370049274	1.74803907021936	1.3363120535157658
-1.0	-1.0	-1.0	-1.0	1.1094978264877091	1.2823412189657244	-1.0	1.8649115820140605	1.4749489097610209	1.1891292600533616	1.6536338017997398	-1.0	1.24949795073741	-1.0	-1.0	1.0351101838996284	1.2161508296362342	1.465803935350729	1.4983148897486849	-1.0	-1.0	-1.0	-1.0	1.2375724674751551	-1.0	-1.0	-1.0	-1.0	-1.0	-1.0	-1.0	-1.0	1.2004698143293735	1.259668596005314	1.578419587655865	1.757647296467138	-1.0	-1.0	-1.0	-1.0	-1.0	-1.0	-1.0	-1.0	-1.0	-1.0	-1.0	-1.0	1.2301923593345248	1.4719654363680184	1.0901510576599922	1.3478491637160965	1.5750826199441277	1.1291684419458032	-1.0	-1.0	-1.0	-1.0	-1.0	-1.0	-1.0	-1.0	-1.0	1.2302342493043195	1.147645829739729	1.1861362086973892	1.1959713668096412	-1.0	-1.0	-1.0	-1.0	-1.0	-1.0	-1.0	-1.0	-1.0	-1.0	-1.0	-1.0	1.1484042132224634	1.2518588415524636	1.2911066493249965	1.4080729018699054	1.1671493244486728	1.6548721452654394	1.0748612834555094	1.2055043923614874	1.3147713132781078	2.0362557468537097	1.1453216769218466	1.6955328891092376	1.3015330189202363	1.600173214235311	1.1268222873346483	1.4780299869792954	1.163145900973747	1.3081232242323615	1.6525508707678405	1.5892951151078611	1.2538706282018075
-1.0	-1.0	-1.0	-1.0	-1.0	-1.0	-1.0	1.838358592037872	1.5420764489654009	1.6194264000067564	1.730615444792825	-1.0	1.6411183659792303	-1.0	-1.0	-1.0	1.5845664621870035	1.5765632848474624	1.7066684741309508	-1.0	-1.0	-1.0	-1.0	-1.0	-1.0	-1.0	-1.0	-1.0	-1.0	-1.0	-1.0	-1.0	1.9822900357622006	1.893965680400945	1.6277100880789588	1.6735594938697909	-1.0	-1.0	-1.0	-1.0	-1.0	-1.0	-1.0	-1.0	-1.0	-1.0	-1.0	-1.0	1.5542222216935793	1.5737235870785076	-1.0	-1.0	1.6513963028203933	-1.0	-1.0	-1.0	-1.0	-1.0	-1.0	-1.0	-1.0	-1.0	-1.0	-1.0	-1.0	-1.0	-1.0	-1.0	-1.0	-1.0	-1.0	-1.0	-1.0	-1.0	-1.0	-1.0	-1.0	-1.0	-1.0	2.1422120252491452	1.7797971278011615	1.95595385808531	1.8811938058498918	1.7690126892011642	1.7609079172427773	1.7923800827859622	1.6198246478517566	1.5435455689817679	1.9156333639006404	1.861132092443586	1.8009735672097391	1.645837720501708	1.6683442538445774	1.5489817357358304	1.8066164611991404	1.5832870047985892	1.9882247325445646	1.8283945490916629	1.48878834589405	1.7564891499467883
-1.0	-1.0	-1.0	-1.0	1.1231373322325688	1.159373523687088	1.1661808912734344	1.5877666131268229	1.7042262923798277	1.07177641231306	1.80860433535329	-1.0	1.3518207471000778	-1.0	-1.0	1.2798445115634496	1.328290020786332	1.2127933440021033	1.6614735189172163	-1.0	-1.0	-1.0	-1.0	1.279827510618432	-1.0	-1.0	-1.0	-1.0	-1.0	-1.0	-1.0	-1.0	1.3428119567464782	1.25996772364164	1.5715045870733608	1.5889311437260154	-1.0	-1.0	-1.0	-1.0	-1.0	-1.0	-1.0	-1.0	-1.0	-1.0	-1.0	-1.0	1.1630038855665614	1.701561618104247	1.2598437359707406	1.312351319392855	1.5176936422210092	1.3171582964332686	-1.0	1.1742332349051765	1.2706427321390175	-1.0	-1.0	-1.0	-1.0	-1.0	-1.0	1.1947798715873734	1.2747880748960185	1.116330208296612	1.2862448781541043	-1.0	-1.0	-1.0	-1.0	-1.0	-1.0	-1.0	-1.0	-1.0	-1.0	-1.0	-1.0	1.1567542321795208	1.289314185701591	1.102517036000141	1.042622683335952	1.2799426362052277	1.3340365555198646	1.0350066967864806	1.1671423919974624	1.1918348719483371	1.902984515080937	1.3211991419484592	1.6721240481428596	1.2767170084167627	1.1225376088481631	1.1388935194977174	1.4447192613422122	1.213275727024849	1.3385820602903813	1.6276033743310507	1.5669255326958669	1.2408664914199217
-1.0	-1.0	-1.0	-1.0	1.2055096795681637	1.286712332354682	-1.0	1.708488441846927	1.5874540089077402	1.1559454727896057	1.667386085496418	-1.0	1.1768880226850087	-1.0	-1.0	1.1450572556710115	1.104316911717747	1.551094191089168	1.3312042406151763	-1.0	-1.0	-1.0	-1.0	1.2821251016823778	-1.0	-1.0	-1.0	-1.0	-1.0	-1.0	-1.0	-1.0	1.33538136249269	1.3665838156657188	1.614725274562358	1.8160953283198848	-1.0	-1.0	-1.0	-1.0	-1.0	-1.0	-1.0	-1.0	-1.0	-1.0	-1.0	-1.0	1.1488901243331326	1.93578465672325	1.1935942464429106	1.2559980072681836	1.797474889126937	1.0200477065412528	-1.0	-1.0	-1.0	-1.0	-1.0	-1.0	-1.0	-1.0	-1.0	1.298972804717687	1.1818819227479676	1.180761218210607	1.1526407494640354	-1.0	-1.0	-1.0	-1.0	-1.0	-1.0	-1.0	-1.0	-1.0	-1.0	-1.0	-1.0	1.2464846527540026	1.037949358841722	1.8705974607238312	1.197148600559454	1.2570803786616878	1.7132033554497061	1.1898276807237007	1.046914440631279	1.2062257534592895	1.9808401869612424	1.3103510970461385	1.7051843440559524	1.0124121389711793	1.6674118558934978	1.265746427554278	1.9202241248628864	1.1880275713519817	1.3933863309151544	1.585724871786754	1.5870935272868223	1.5504402155451384
-1.0	-1.0	-1.0	-1.0	-1.0	-1.0	-1.0	-1.0	-1.0	-1.0	-1.0	-1.0	-1.0	-1.0	-1.0	1.3500112610657207	1.4392292267818452	1.3409006010462903	1.29925824994379	-1.0	-1.0	-1.0	-1.0	1.5431509754483343	-1.0	-1.0	-1.0	-1.0	-1.0	-1.0	-1.0	-1.0	1.4263600789554807	1.4619278682900791	1.4438266718788426	1.3151048429884955	-1.0	-1.0	-1.0	-1.0	-1.0	-1.0	-1.0	-1.0	-1.0	-1.0	-1.0	-1.0	1.4804775488944564	1.2027223994709138	1.3223674648906996	1.2821363352521469	1.328143814939296	-1.0	-1.0	-1.0	-1.0	-1.0	-1.0	-1.0	-1.0	-1.0	-1.0	-1.0	-1.0	-1.0	-1.0	-1.0	-1.0	-1.0	-1.0	-1.0	-1.0	-1.0	-1.0	-1.0	-1.0	-1.0	-1.0	1.6319979617101255	1.1861912030110544	1.3912004760180419	1.9787837982304015	1.4999565577763294	1.550524567596085	1.3855260002383556	1.1114118700834643	1.280791054345156	1.6968216019866689	1.4050752028680236	1.4025312225390092	1.3905294032799067	1.530869653902936	1.507381229051185	1.346560105173604	1.2067230698124547	1.3113668474650164	1.5998252999963205	1.3335868449138328	1.4598241188228411
-1.0	-1.0	-1.0	-1.0	-1.0	-1.0	-1.0	-1.0	-1.0	-1.0	-1.0	-1.0	-1.0	-1.0	-1.0	-1.0	-1.0	-1.0	-1.0	-1.0	-1.0	-1.0	-1.0	-1.0	-1.0	-1.0	-1.0	-1.0	-1.0	-1.0	-1.0	-1.0	1.6878466612009986	1.750074144408371	1.7398797476900911	1.9188326378555727	-1.0	-1.0	-1.0	-1.0	-1.0	-1.0	-1.0	-1.0	-1.0	-1.0	-1.0	-1.0	-1.0	-1.0	-1.0	-1.0	-1.0	-1.0	-1.0	-1.0	-1.0	-1.0	-1.0	-1.0	-1.0	-1.0	-1.0	-1.0	-1.0	-1.0	-1.0	-1.0	-1.0	-1.0	-1.0	-1.0	-1.0	-1.0	-1.0	-1.0	-1.0	-1.0	-1.0	1.9312266440764634	1.9552043464164044	1.9153497519410454	1.8613060762226172	1.9755950147644847	2.0213195277547102	1.8920305034226883	1.761026796796113	1.9164143307325938	1.8512947040834262	1.9398930818532587	1.8701468568013797	1.6501390736482358	1.8028347375482854	1.8824999861429221	1.9534374065562137	1.7455281504747797	1.899485590100217	1.9427764704095511	1.7455756719065632	1.7697188729852031
-1.0	-1.0	-1.0	-1.0	1.3487817694345807	1.222744385833451	1.081113661019385	-1.0	-1.0	1.2199185875215193	-1.0	-1.0	-1.0	-1.0	-1.0	1.3513173285094127	1.3274053126084278	1.1022901882629246	1.3920569482233833	-1.0	-1.0	-1.0	-1.0	1.2177698852385512	-1.0	-1.0	-1.0	-1.0	-1.0	-1.0	-1.0	-1.0	1.0562582848481552	1.3098490532771856	1.3669934577516702	1.1825856538579622	-1.0	-1.0	-1.0	-1.0	-1.0	-1.0	-1.0	-1.0	-1.0	-1.0	-1.0	-1.0	1.3949906696676169	1.2697595583895984	1.399742967620614	1.1670380563673637	1.3506157994209085	-1.0	-1.0	1.301561093720732	1.241754657788611	-1.0	-1.0	-1.0	-1.0	-1.0	-1.0	-1.0	-1.0	-1.0	-1.0	-1.0	-1.0	-1.0	-1.0	-1.0	-1.0	-1.0	-1.0	-1.0	-1.0	-1.0	-1.0	1.6725387303495016	1.3946229162185122	1.0778955493763052	1.3527417679599805	1.1996108148061224	1.1798377068058554	1.2603234069870624	1.3038536581183013	1.2400653476492163	1.945281618445395	1.3204263591770404	1.5085249475301017	1.4982898053175318	1.289018952406696	1.132197085031156	1.328677936643673	1.2870252141080594	1.2182694078517582	1.4694076963362004	1.518724934297804	1.2025810446854894
-1.0	-1.0	-1.0	-1.0	1.2597497252861196	1.3505944180142184	-1.0	-1.0	-1.0	1.1298664656758413	-1.0	-1.0	1.2065718016078952	-1.0	-1.0	1.1290185576478466	1.2141194834567441	-1.0	-1.0	-1.0	-1.0	-1.0	-1.0	1.0995209747944932	-1.0	-1.0	-1.0	-1.0	-1.0	-1.0	-1.0	-1.0	-1.0	1.2432211371721513	-1.0	-1.0	-1.0	-1.0	-1.0	-1.0	-1.0	-1.0	-1.0	-1.0	-1.0	-1.0	-1.0	-1.0	1.2159901073459332	-1.0	1.2584023337010377	-1.0	-1.0	1.0441727692826726	-1.0	-1.0	-1.0	-1.0	-1.0	-1.0	-1.0	-1.0	-1.0	1.2001738735741772	1.0951036451791167	1.2944512324247097	1.2561688322155073	-1.0	-1.0	-1.0	-1.0	-1.0	-1.0	-1.0	-1.0	-1.0	-1.0	-1.0	-1.0	1.1164391613488984	1.3673202664348838	-1.0	1.1647516848390493	1.3378791739755072	-1.0	1.2100848459881806	1.2893082624658645	1.202656719933727	-1.0	1.190146419619243	-1.0	1.201048314543158	-1.0	1.2136499405086352	-1.0	1.297359559595333	-1.0	-1.0	-1.0	-1.0
-1.0	-1.0	-1.0	-1.0	1.330984422426842	1.4070262832293645	-1.0	-1.0	-1.0	1.1857873926071838	-1.0	-1.0	1.1885897312218074	-1.0	-1.0	1.1456411922018792	1.2154354575925947	-1.0	-1.0	-1.0	-1.0	-1.0	-1.0	1.1795956155884408	-1.0	-1.0	-1.0	-1.0	-1.0	-1.0	-1.0	-1.0	-1.0	1.1024074594335536	-1.0	-1.0	-1.0	-1.0	-1.0	-1.0	-1.0	-1.0	-1.0	-1.0	-1.0	-1.0	-1.0	-1.0	1.148129450390651	-1.0	1.2782106806028861	-1.0	-1.0	1.3016906032154132	-1.0	-1.0	-1.0	-1.0	-1.0	-1.0	-1.0	-1.0	-1.0	1.2187580605712534	1.3041858902750099	1.2469877949911103	1.1974291271396165	-1.0	-1.0	-1.0	-1.0	-1.0	-1.0	-1.0	-1.0	-1.0	-1.0	-1.0	-1.0	1.127762737992435	1.3489782253026426	-1.0	1.456928324544095	0.9581798552304023	-1.0	1.336269203351223	1.4082057055815496	1.2570864471997654	-1.0	1.1477330976863762	-1.0	1.1988426267574626	-1.0	1.265847113057323	-1.0	1.2165581218376254	-1.0	-1.0	-1.0	-1.0
-1.0	-1.0	-1.0	-1.0	-1.0	-1.0	-1.0	-1.0	-1.0	-1.0	-1.0	-1.0	-1.0	-1.0	-1.0	1.2095167228439283	1.3734915721410246	1.371787452464834	1.3064491515281516	-1.0	-1.0	-1.0	-1.0	1.3608515058480997	-1.0	-1.0	-1.0	-1.0	-1.0	-1.0	-1.0	-1.0	1.4195865570592872	1.5449827661575626	1.4248924639381053	1.2148659424563641	-1.0	-1.0	-1.0	-1.0	-1.0	-1.0	-1.0	-1.0	-1.0	-1.0	-1.0	-1.0	1.3332703134717454	1.3186376660184795	1.221276943003549	1.147516119630305	1.538114806337666	-1.0	-1.0	-1.0	-1.0	-1.0	-1.0	-1.0	-1.0	-1.0	-1.0	-1.0	-1.0	-1.0	-1.0	-1.0	-1.0	-1.0	-1.0	-1.0	-1.0	-1.0	-1.0	-1.0	-1.0	-1.0	-1.0	-1.0	1.2972516110376837	1.4486724506174324	-1.0	1.3938935080182826	1.6054799516705323	1.403069699468448	1.3408889212431654	1.4471203443753207	-1.0	1.4430310717301322	1.4262536699594734	1.1020252386051372	1.305500374068729	1.4489166152511033	1.4022218237158806	1.31375731233764	1.4084446740145093	1.4968807872476015	1.4855716314449812	1.3286614350505666
-1.0	-1.0	-1.0	-1.0	1.190367561123556	0.9582738723384214	-1.0	-1.0	-1.0	1.101969817487781	-1.0	-1.0	1.2391181236597708	-1.0	-1.0	1.2927865913906238	1.0993983517587254	1.3970209568557366	1.382959873494386	-1.0	-1.0	-1.0	-1.0	1.0571240451081714	-1.0	-1.0	-1.0	-1.0	-1.0	-1.0	-1.0	-1.0	1.2900892420405126	1.34367273951535	1.4366754561654798	1.2778040828852952	-1.0	-1.0	-1.0	-1.0	-1.0	-1.0	-1.0	-1.0	-1.0	-1.0	-1.0	-1.0	1.171517865526001	1.2193527839500937	1.1295111028021496	1.3601573787807575	1.3757752520804392	1.2950054699814073	-1.0	-1.0	-1.0	-1.0	-1.0	-1.0	-1.0	-1.0	-1.0	1.1861229304948666	1.322057969400836	1.1872609621069532	1.28328652238247	-1.0	-1.0	-1.0	-1.0	-1.0	-1.0	-1.0	-1.0	-1.0	-1.0	-1.0	-1.0	1.3380393749256798	1.1711023079624332	1.4524190837154956	1.303401101248568	1.3157702326313678	1.3977420694583365	1.1446158299101097	1.2386595113036187	1.1607127412110236	-1.0	1.0555657536707106	1.3549891141067925	1.0863917227025786	1.4449001856793764	1.4345603600397572	1.2703311165287727	1.1019323864035517	1.472846468481688	1.3629940543833425	1.3955307074747363	1.213993897038766
-1.0	-1.0	-1.0	-1.0	-1.0	-1.0	-1.0	-1.0	-1.0	-1.0	-1.0	-1.0	-1.0	-1.0	-1.0	-1.0	-1.0	-1.0	-1.0	-1.0	-1.0	-1.0	-1.0	-1.0	-1.0	-1.0	-1.0	-1.0	-1.0	-1.0	-1.0	-1.0	-1.0	-1.0	-1.0	-1.0	-1.0	-1.0	-1.0	-1.0	-1.0	-1.0	-1.0	-1.0	-1.0	-1.0	-1.0	-1.0	-1.0	-1.0	-1.0	-1.0	-1.0	-1.0	-1.0	-1.0	-1.0	-1.0	-1.0	-1.0	-1.0	-1.0	-1.0	-1.0	-1.0	-1.0	-1.0	-1.0	-1.0	-1.0	-1.0	-1.0	-1.0	-1.0	-1.0	-1.0	-1.0	-1.0	-1.0	-1.0	-1.0	-1.0	-1.0	-1.0	-1.0	-1.0	-1.0	-1.0	-1.0	-1.0	-1.0	-1.0	-1.0	-1.0	-1.0	-1.0	-1.0	-1.0	-1.0	-1.0
-1.0	-1.0	-1.0	-1.0	1.3693463798281802	1.2430063715244013	1.1839109865915536	-1.0	-1.0	1.2073377793701061	-1.0	-1.0	-1.0	-1.0	-1.0	1.0556765776727906	1.2873506470614362	1.4646619412643882	-1.0	-1.0	-1.0	-1.0	-1.0	1.2765931866203284	-1.0	-1.0	-1.0	-1.0	-1.0	-1.0	-1.0	-1.0	1.1225099146162205	-1.0	-1.0	-1.0	-1.0	-1.0	-1.0	-1.0	-1.0	-1.0	-1.0	-1.0	-1.0	-1.0	-1.0	-1.0	-1.0	-1.0	-1.0	1.2152970930948377	-1.0	-1.0	-1.0	1.3434837926643972	1.1278018668972167	-1.0	-1.0	-1.0	-1.0	-1.0	-1.0	-1.0	-1.0	-1.0	-1.0	-1.0	-1.0	-1.0	-1.0	-1.0	-1.0	-1.0	-1.0	-1.0	-1.0	-1.0	-1.0	-1.0	1.3586399826072677	1.2578701266515624	1.3784914307007636	1.2047856978053726	1.36127305823481	1.2162365757113398	-1.0	1.3431595649013712	-1.0	-1.0	-1.0	-1.0	1.2463473522044881	1.386766607897814	-1.0	1.1484012439713456	1.253827726156107	-1.0	-1.0	1.3736430380450328
-1.0	-1.0	-1.0	-1.0	1.1764351074987176	1.2085714115377764	1.14566836399732	-1.0	-1.0	1.3604066595692168	-1.0	-1.0	-1.0	-1.0	-1.0	1.1552685555840911	1.194937987705698	1.0518587948515767	-1.0	-1.0	-1.0	-1.0	-1.0	1.1516365522230658	-1.0	-1.0	-1.0	-1.0	-1.0	-1.0	-1.0	-1.0	1.3073115198278502	-1.0	-1.0	-1.0	-1.0	-1.0	-1.0	-1.0	-1.0	-1.0	-1.0	-1.0	-1.0	-1.0	-1.0	-1.0	-1.0	-1.0	-1.0	1.0485884220283597	-1.0	-1.0	-1.0	1.3054389743218766	1.2460824197494758	-1.0	-1.0	-1.0	-1.0	-1.0	-1.0	-1.0	-1.0	-1.0	-1.0	-1.0	-1.0	-1.0	-1.0	-1.0	-1.0	-1.0	-1.0	-1.0	-1.0	-1.0	-1.0	-1.0	1.2136525020241506	1.232915257390765	1.1264597872999351	1.3343532837878889	1.2666946577026936	1.1246795970325785	-1.0	1.2369477747100992	-1.0	-1.0	-1.0	-1.0	1.3139741328286867	1.245351478186772	-1.0	1.2268565859673504	1.2440670304440082	-1.0	-1.0	1.2507935480405692
-1.0	-1.0	-1.0	-1.0	-1.0	-1.0	-1.0	-1.0	-1.0	-1.0	-1.0	-1.0	-1.0	-1.0	-1.0	-1.0	-1.0	-1.0	-1.0	-1.0	-1.0	-1.0	-1.0	-1.0	-1.0	-1.0	-1.0	-1.0	-1.0	-1.0	-1.0	-1.0	-1.0	-1.0	-1.0	-1.0	-1.0	-1.0	-1.0	-1.0	-1.0	-1.0	-1.0	-1.0	-1.0	-1.0	-1.0	-1.0	-1.0	-1.0	-1.0	-1.0	-1.0	-1.0	-1.0	-1.0	-1.0	-1.0	-1.0	-1.0	-1.0	-1.0	-1.0	-1.0	-1.0	-1.0	-1.0	-1.0	-1.0	-1.0	-1.0	-1.0	-1.0	-1.0	-1.0	-1.0	-1.0	-1.0	-1.0	-1.0	-1.0	-1.0	-1.0	-1.0	-1.0	-1.0	-1.0	-1.0	-1.0	-1.0	-1.0	-1.0	-1.0	-1.0	-1.0	-1.0	-1.0	-1.0	-1.0	-1.0
-1.0	-1.0	-1.0	-1.0	-1.0	-1.0	-1.0	-1.0	-1.0	-1.0	-1.0	-1.0	-1.0	-1.0	-1.0	-1.0	-1.0	-1.0	-1.0	-1.0	-1.0	-1.0	-1.0	-1.0	-1.0	-1.0	-1.0	-1.0	-1.0	-1.0	-1.0	-1.0	-1.0	-1.0	-1.0	-1.0	-1.0	-1.0	-1.0	-1.0	-1.0	-1.0	-1.0	-1.0	-1.0	-1.0	-1.0	-1.0	-1.0	-1.0	-1.0	-1.0	-1.0	-1.0	-1.0	-1.0	-1.0	-1.0	-1.0	-1.0	-1.0	-1.0	-1.0	-1.0	-1.0	-1.0	-1.0	-1.0	-1.0	-1.0	-1.0	-1.0	-1.0	-1.0	-1.0	-1.0	-1.0	-1.0	-1.0	-1.0	-1.0	-1.0	-1.0	-1.0	-1.0	-1.0	-1.0	-1.0	-1.0	-1.0	-1.0	-1.0	-1.0	-1.0	-1.0	-1.0	-1.0	-1.0	-1.0	-1.0
-1.0	-1.0	-1.0	-1.0	1.252673719039268	1.2804211720451064	-1.0	-1.0	-1.0	1.198914537256188	-1.0	-1.0	1.3270204249051576	-1.0	-1.0	1.0768190795703383	1.164162847395301	-1.0	-1.0	-1.0	-1.0	-1.0	-1.0	1.2529062470121493	-1.0	-1.0	-1.0	-1.0	-1.0	-1.0	-1.0	-1.0	-1.0	1.1269036172176627	-1.0	-1.0	-1.0	-1.0	-1.0	-1.0	-1.0	-1.0	-1.0	-1.0	-1.0	-1.0	-1.0	-1.0	1.091848020422706	-1.0	1.218811470152562	-1.0	-1.0	1.3185096522318533	-1.0	-1.0	-1.0	-1.0	-1.0	-1.0	-1.0	-1.0	-1.0	1.1640992777064418	1.184438150909188	1.304428852191518	1.2173007999018153	-1.0	-1.0	-1.0	-1.0	-1.0	-1.0	-1.0	-1.0	-1.0	-1.0	-1.0	-1.0	1.1316001233763238	1.1372552340164408	-1.0	1.3549939310378747	1.252911657263972	-1.0	1.2110960807372741	1.492728358243867	1.2231714440543313	-1.0	1.1374269165090596	-1.0	1.143532503848446	-1.0	1.1484604447960136	-1.0	1.1643703595927868	-1.0	-1.0	-1.0	-1.0
-1.0	-1.0	-1.0	-1.0	1.2356706109145208	1.2510833872952383	-1.0	-1.0	-1.0	1.1602523997677658	-1.0	-1.0	1.038913250842195	-1.0	-1.0	1.2588804909252607	1.1974459009911895	-1.0	-1.0	-1.0	-1.0	-1.0	-1.0	1.3331690529086668	-1.0	-1.0	-1.0	-1.0	-1.0	-1.0	-1.0	-1.0	-1.0	1.3075068403510304	-1.0	-1.0	-1.0	-1.0	-1.0	-1.0	-1.0	-1.0	-1.0	-1.0	-1.0	-1.0	-1.0	-1.0	1.2652037588321066	-1.0	1.181206650593254	-1.0	-1.0	1.2090509144550445	-1.0	-1.0	-1.0	-1.0	-1.0	-1.0	-1.0	-1.0	-1.0	1.2156045366440766	1.3298564553661145	1.2025479882216807	1.236689298460038	-1.0	-1.0	-1.0	-1.0	-1.0	-1.0	-1.0	-1.0	-1.0	-1.0	-1.0	-1.0	1.3128200806521466	1.151311406452381	-1.0	1.2128110908013965	1.1803874066673126	-1.0	1.0922316351173182	1.2604702674115753	1.2191714906541653	-1.0	1.4143962715949754	-1.0	1.13092745331374	-1.0	1.1914448442070729	-1.0	1.2735070259006576	-1.0	-1.0	-1.0	-1.0
-1.0	-1.0	-1.0	-1.0	1.0877729841074222	1.1957587753357077	-1.0	-1.0	-1.0	1.2432205998256411	-1.0	-1.0	1.0817569933559361	-1.0	-1.0	1.1005355214767252	1.0891982768791617	-1.0	-1.0	-1.0	-1.0	-1.0	-1.0	1.3361065854599248	-1.0	-1.0	-1.0	-1.0	-1.0	-1.0	-1.0	-1.0	-1.0	1.3850369214526315	-1.0	-1.0	-1.0	-1.0	-1.0	-1.0	-1.0	-1.0	-1.0	-1.0	-1.0	-1.0	-1.0	-1.0	1.394611972739356	-1.0	1.2059226219762342	-1.0	-1.0	1.2269895832401596	-1.0	-1.0	-1.0	-1.0	-1.0	-1.0	-1.0	-1.0	-1.0	1.2467538600632466	1.245074095909797	1.101728458424736	1.1811929421715133	-1.0	-1.0	-1.0	-1.0	-1.0	-1.0	-1.0	-1.0	-1.0	-1.0	-1.0	-1.0	1.337217396807674	1.244266016370707	-1.0	1.187482464922353	1.125197728686172	-1.0	0.9585493166024273	1.1330374786022759	1.2013330856978963	-1.0	1.4051334422335604	-1.0	1.1947321230365342	-1.0	1.3213354410679803	-1.0	1.0130375865470247	-1.0	-1.0	-1.0	-1.0
-1.0	-1.0	-1.0	-1.0	-1.0	-1.0	-1.0	-1.0	-1.0	-1.0	-1.0	-1.0	-1.0	-1.0	-1.0	-1.0	-1.0	-1.0	-1.0	-1.0	-1.0	-1.0	-1.0	-1.0	-1.0	-1.0	-1.0	-1.0	-1.0	-1.0	-1.0	-1.0	-1.0	-1.0	-1.0	-1.0	-1.0	-1.0	-1.0	-1.0	-1.0	-1.0	-1.0	-1.0	-1.0	-1.0	-1.0	-1.0	-1.0	-1.0	-1.0	-1.0	-1.0	-1.0	-1.0	-1.0	-1.0	-1.0	-1.0	-1.0	-1.0	-1.0	-1.0	-1.0	-1.0	-1.0	-1.0	-1.0	-1.0	-1.0	-1.0	-1.0	-1.0	-1.0	-1.0	-1.0	-1.0	-1.0	-1.0	-1.0	-1.0	-1.0	-1.0	-1.0	-1.0	-1.0	-1.0	-1.0	-1.0	-1.0	-1.0	-1.0	-1.0	-1.0	-1.0	-1.0	-1.0	-1.0	-1.0	-1.0
-1.0	-1.0	-1.0	-1.0	1.1410993151008997	1.1891814730955492	1.164588001072711	1.6051599044444143	1.7347005498823926	1.2969316407758638	1.8339280515286225	-1.0	1.7608852131412793	-1.0	-1.0	1.2254252447373137	1.2596301671536934	0.9958794806206797	1.5984698708572698	-1.0	-1.0	-1.0	-1.0	1.1240664218944345	-1.0	-1.0	-1.0	-1.0	-1.0	-1.0	-1.0	-1.0	1.147574616526514	-1.0	1.6613208056284559	1.4584169286693072	-1.0	-1.0	-1.0	-1.0	-1.0	-1.0	-1.0	-1.0	-1.0	-1.0	-1.0	-1.0	1.6265131621236135	1.5114392520446231	-1.0	1.355949212776972	1.769247268057565	-1.0	-1.0	1.2107029871278843	1.094687845483902	-1.0	-1.0	-1.0	-1.0	-1.0	-1.0	-1.0	-1.0	-1.0	-1.0	-1.0	-1.0	-1.0	-1.0	-1.0	-1.0	-1.0	-1.0	-1.0	-1.0	-1.0	-1.0	-1.0	1.3896194853485366	1.1508219425899557	1.21181753105154	1.0762494282693829	1.243305733916253	1.1719240432230662	1.5737415095582803	1.0579366752435275	-1.0	-1.0	1.6669731299397033	1.5862675568934765	1.064566501910778	1.0062003466111658	-1.0	1.2468411324646262	1.432625978575217	1.3733993928317585	1.6476516331112356	1.064458645949234
-1.0	-1.0	-1.0	-1.0	1.2040805244092707	1.0974425871908255	-1.0	1.6605510243296837	1.5258745426834148	1.1628690304435918	1.7717752611614015	-1.0	1.085066368289574	-1.0	-1.0	1.1863662672553563	1.377032870152676	1.63706220926921	1.6223583559180945	-1.0	-1.0	-1.0	-1.0	1.2185002403305134	-1.0	-1.0	-1.0	-1.0	-1.0	-1.0	-1.0	-1.0	-1.0	1.1734387462052975	1.6855726091433731	1.5579963674037	-1.0	-1.0	-1.0	-1.0	-1.0	-1.0	-1.0	-1.0	-1.0	-1.0	-1.0	-1.0	1.372407613197688	1.6812802338332091	1.0632898748134134	-1.0	1.5480496898097633	1.1418184522526347	-1.0	-1.0	-1.0	-1.0	-1.0	-1.0	-1.0	-1.0	-1.0	1.2033325930691825	1.3209158715691776	1.2561851939098139	1.1440934771019253	-1.0	-1.0	-1.0	-1.0	-1.0	-1.0	-1.0	-1.0	-1.0	-1.0	-1.0	-1.0	1.2248971553190051	0.944867492820457	-1.0	1.42859155951299	1.2096516126676262	1.5073085156561221	1.1411918293062466	1.3193532759677797	1.265359765720639	-1.0	1.1050278899143327	1.6910462708451823	1.4112550970009325	1.6881426260779873	1.1907079886240577	-1.0	1.3646200145822243	-1.0	1.7202676250453166	1.6226133189125496	-1.0
-1.0	-1.0	-1.0	-1.0	1.1405245483551523	1.2097125744856556	-1.0	1.535687725906117	1.670586827049738	1.243360055344741	1.4443388450362482	-1.0	1.2193363363170007	-1.0	-1.0	1.3043087173134216	1.1786030707078838	1.6003552989256395	1.5936191653799854	-1.0	-1.0	-1.0	-1.0	1.102973093676382	-1.0	-1.0	-1.0	-1.0	-1.0	-1.0	-1.0	-1.0	-1.0	1.257750129088118	1.7075240955406024	1.684415417947494	-1.0	-1.0	-1.0	-1.0	-1.0	-1.0	-1.0	-1.0	-1.0	-1.0	-1.0	-1.0	1.1918311882684116	1.7391474586741582	1.1627702695634183	-1.0	1.6241334972165489	1.145584670954897	-1.0	-1.0	-1.0	-1.0	-1.0	-1.0	-1.0	-1.0	-1.0	1.3110698198396118	1.2167692734479028	1.057587685310323	1.339002336392534	-1.0	-1.0	-1.0	-1.0	-1.0	-1.0	-1.0	-1.0	-1.0	-1.0	-1.0	-1.0	1.2058337871805482	1.291682727175387	-1.0	1.314597033432054	1.2233573542668645	1.7704343562748257	1.194858778507555	1.3026465577683157	1.1765529036526354	-1.0	1.2205184065325403	1.6763816511849432	1.1031261605529719	1.5706556863415029	1.1887696695960974	-1.0	1.3227662957548174	-1.0	1.8406587570523893	1.7131595326937437	-1.0
-1.0	-1.0	-1.0	-1.0	1.0458568714668017	1.2840790216137394	1.2498575361837154	-1.0	-1.0	1.3786297014140745	-1.0	-1.0	-1.0	-1.0	-1.0	1.2023159561564247	1.4790118589819965	1.2946984365579188	1.4292898609665015	-1.0	-1.0	-1.0	-1.0	1.1688728376057538	-1.0	-1.0	-1.0	-1.0	-1.0	-1.0	-1.0	-1.0	1.1705087539348606	1.4153999695098332	1.3866753546160406	1.524887050483998	-1.0	-1.0	-1.0	-1.0	-1.0	-1.0	-1.0	-1.0	-1.0	-1.0	-1.0	-1.0	1.4288338616641472	1.4990538618244598	1.2054926120645018	1.4672714261590398	1.38986599285031	-1.0	-1.0	1.3093483408245927	1.2740503193432966	-1.0	-1.0	-1.0	-1.0	-1.0	-1.0	-1.0	-1.0	-1.0	-1.0	-1.0	-1.0	-1.0	-1.0	-1.0	-1.0	-1.0	-1.0	-1.0	-1.0	-1.0	-1.0	-1.0	1.2166256508396056	1.2546035573284662	1.0988543175448857	1.0415294303016402	1.2763467709214205	1.2536320626031348	1.3414366311694776	1.1689423253597901	-1.0	1.4178951592827005	1.3949668679234235	1.3427747919389408	1.1090530451142993	1.3868114583175997	1.3974005869053199	1.3301964073776018	1.2401511801500114	1.5341387397839779	1.5533478830912673	1.171689301917071
-1.0	-1.0	-1.0	-1.0	-1.0	-1.0	-1.0	-1.0	-1.0	-1.0	-1.0	-1.0	-1.0	-1.0	-1.0	-1.0	-1.0	-1.0	-1.0	-1.0	-1.0	-1.0	-1.0	-1.0	-1.0	-1.0	-1.0	-1.0	-1.0	-1.0	-1.0	-1.0	-1.0	-1.0	-1.0	-1.0	-1.0	-1.0	-1.0	-1.0	-1.0	-1.0	-1.0	-1.0	-1.0	-1.0	-1.0	-1.0	-1.0	-1.0	-1.0	-1.0	-1.0	-1.0	-1.0	-1.0	-1.0	-1.0	-1.0	-1.0	-1.0	-1.0	-1.0	-1.0	-1.0	-1.0	-1.0	-1.0	-1.0	-1.0	-1.0	-1.0	-1.0	-1.0	-1.0	-1.0	-1.0	-1.0	-1.0	-1.0	-1.0	-1.0	-1.0	-1.0	-1.0	-1.0	-1.0	-1.0	-1.0	-1.0	-1.0	-1.0	-1.0	-1.0	-1.0	-1.0	-1.0	-1.0	-1.0	-1.0
-1.0	-1.0	-1.0	-1.0	-1.0	-1.0	-1.0	-1.0	-1.0	-1.0	-1.0	-1.0	-1.0	-1.0	-1.0	-1.0	-1.0	-1.0	-1.0	-1.0	-1.0	-1.0	-1.0	-1.0	-1.0	-1.0	-1.0	-1.0	-1.0	-1.0	-1.0	-1.0	-1.0	-1.0	-1.0	-1.0	-1.0	-1.0	-1.0	-1.0	-1.0	-1.0	-1.0	-1.0	-1.0	-1.0	-1.0	-1.0	-1.0	-1.0	-1.0	-1.0	-1.0	-1.0	-1.0	-1.0	-1.0	-1.0	-1.0	-1.0	-1.0	-1.0	-1.0	-1.0	-1.0	-1.0	-1.0	-1.0	-1.0	-1.0	-1.0	-1.0	-1.0	-1.0	-1.0	-1.0	-1.0	-1.0	-1.0	-1.0	-1.0	-1.0	-1.0	-1.0	-1.0	-1.0	-1.0	-1.0	-1.0	-1.0	-1.0	-1.0	-1.0	-1.0	-1.0	-1.0	-1.0	-1.0	-1.0	-1.0
-1.0	-1.0	-1.0	-1.0	-1.0	-1.0	-1.0	-1.0	-1.0	-1.0	-1.0	-1.0	-1.0	-1.0	-1.0	-1.0	-1.0	-1.0	-1.0	-1.0	-1.0	-1.0	-1.0	-1.0	-1.0	-1.0	-1.0	-1.0	-1.0	-1.0	-1.0	-1.0	-1.0	-1.0	-1.0	-1.0	-1.0	-1.0	-1.0	-1.0	-1.0	-1.0	-1.0	-1.0	-1.0	-1.0	-1.0	-1.0	-1.0	-1.0	-1.0	-1.0	-1.0	-1.0	-1.0	-1.0	-1.0	-1.0	-1.0	-1.0	-1.0	-1.0	-1.0	-1.0	-1.0	-1.0	-1.0	-1.0	-1.0	-1.0	-1.0	-1.0	-1.0	-1.0	-1.0	-1.0	-1.0	-1.0	-1.0	-1.0	-1.0	-1.0	-1.0	-1.0	-1.0	-1.0	-1.0	-1.0	-1.0	-1.0	-1.0	-1.0	-1.0	-1.0	-1.0	-1.0	-1.0	-1.0	-1.0	-1.0
-1.0	-1.0	-1.0	-1.0	-1.0	-1.0	-1.0	-1.0	-1.0	-1.0	-1.0	-1.0	-1.0	-1.0	-1.0	-1.0	-1.0	-1.0	-1.0	-1.0	-1.0	-1.0	-1.0	-1.0	-1.0	-1.0	-1.0	-1.0	-1.0	-1.0	-1.0	-1.0	-1.0	-1.0	-1.0	-1.0	-1.0	-1.0	-1.0	-1.0	-1.0	-1.0	-1.0	-1.0	-1.0	-1.0	-1.0	-1.0	-1.0	-1.0	-1.0	-1.0	-1.0	-1.0	-1.0	-1.0	-1.0	-1.0	-1.0	-1.0	-1.0	-1.0	-1.0	-1.0	-1.0	-1.0	-1.0	-1.0	-1.0	-1.0	-1.0	-1.0	-1.0	-1.0	-1.0	-1.0	-1.0	-1.0	-1.0	-1.0	-1.0	-1.0	-1.0	-1.0	-1.0	-1.0	-1.0	-1.0	-1.0	-1.0	-1.0	-1.0	-1.0	-1.0	-1.0	-1.0	-1.0	-1.0	-1.0	-1.0
-1.0	-1.0	-1.0	-1.0	-1.0	-1.0	-1.0	-1.0	-1.0	-1.0	-1.0	-1.0	-1.0	-1.0	-1.0	-1.0	-1.0	-1.0	-1.0	-1.0	-1.0	-1.0	-1.0	-1.0	-1.0	-1.0	-1.0	-1.0	-1.0	-1.0	-1.0	-1.0	-1.0	-1.0	-1.0	-1.0	-1.0	-1.0	-1.0	-1.0	-1.0	-1.0	-1.0	-1.0	-1.0	-1.0	-1.0	-1.0	-1.0	-1.0	-1.0	-1.0	-1.0	-1.0	-1.0	-1.0	-1.0	-1.0	-1.0	-1.0	-1.0	-1.0	-1.0	-1.0	-1.0	-1.0	-1.0	-1.0	-1.0	-1.0	-1.0	-1.0	-1.0	-1.0	-1.0	-1.0	-1.0	-1.0	-1.0	-1.0	-1.0	-1.0	-1.0	-1.0	-1.0	-1.0	-1.0	-1.0	-1.0	-1.0	-1.0	-1.0	-1.0	-1.0	-1.0	-1.0	-1.0	-1.0	-1.0	-1.0
-1.0	-1.0	-1.0	-1.0	-1.0	-1.0	-1.0	-1.0	-1.0	-1.0	-1.0	-1.0	-1.0	-1.0	-1.0	-1.0	-1.0	-1.0	-1.0	-1.0	-1.0	-1.0	-1.0	-1.0	-1.0	-1.0	-1.0	-1.0	-1.0	-1.0	-1.0	-1.0	-1.0	-1.0	-1.0	-1.0	-1.0	-1.0	-1.0	-1.0	-1.0	-1.0	-1.0	-1.0	-1.0	-1.0	-1.0	-1.0	-1.0	-1.0	-1.0	-1.0	-1.0	-1.0	-1.0	-1.0	-1.0	-1.0	-1.0	-1.0	-1.0	-1.0	-1.0	-1.0	-1.0	-1.0	-1.0	-1.0	-1.0	-1.0	-1.0	-1.0	-1.0	-1.0	-1.0	-1.0	-1.0	-1.0	-1.0	-1.0	-1.0	-1.0	-1.0	-1.0	-1.0	-1.0	-1.0	-1.0	-1.0	-1.0	-1.0	-1.0	-1.0	-1.0	-1.0	-1.0	-1.0	-1.0	-1.0	-1.0
-1.0	-1.0	-1.0	-1.0	-1.0	-1.0	-1.0	-1.0	-1.0	-1.0	-1.0	-1.0	-1.0	-1.0	-1.0	-1.0	-1.0	-1.0	-1.0	-1.0	-1.0	-1.0	-1.0	-1.0	-1.0	-1.0	-1.0	-1.0	-1.0	-1.0	-1.0	-1.0	-1.0	-1.0	-1.0	-1.0	-1.0	-1.0	-1.0	-1.0	-1.0	-1.0	-1.0	-1.0	-1.0	-1.0	-1.0	-1.0	-1.0	-1.0	-1.0	-1.0	-1.0	-1.0	-1.0	-1.0	-1.0	-1.0	-1.0	-1.0	-1.0	-1.0	-1.0	-1.0	-1.0	-1.0	-1.0	-1.0	-1.0	-1.0	-1.0	-1.0	-1.0	-1.0	-1.0	-1.0	-1.0	-1.0	-1.0	-1.0	-1.0	-1.0	-1.0	-1.0	-1.0	-1.0	-1.0	-1.0	-1.0	-1.0	-1.0	-1.0	-1.0	-1.0	-1.0	-1.0	-1.0	-1.0	-1.0	-1.0
-1.0	-1.0	-1.0	-1.0	-1.0	-1.0	-1.0	-1.0	-1.0	-1.0	-1.0	-1.0	-1.0	-1.0	-1.0	-1.0	-1.0	-1.0	-1.0	-1.0	-1.0	-1.0	-1.0	-1.0	-1.0	-1.0	-1.0	-1.0	-1.0	-1.0	-1.0	-1.0	-1.0	-1.0	-1.0	-1.0	-1.0	-1.0	-1.0	-1.0	-1.0	-1.0	-1.0	-1.0	-1.0	-1.0	-1.0	-1.0	-1.0	-1.0	-1.0	-1.0	-1.0	-1.0	-1.0	-1.0	-1.0	-1.0	-1.0	-1.0	-1.0	-1.0	-1.0	-1.0	-1.0	-1.0	-1.0	-1.0	-1.0	-1.0	-1.0	-1.0	-1.0	-1.0	-1.0	-1.0	-1.0	-1.0	-1.0	-1.0	-1.0	-1.0	-1.0	-1.0	-1.0	-1.0	-1.0	-1.0	-1.0	-1.0	-1.0	-1.0	-1.0	-1.0	-1.0	-1.0	-1.0	-1.0	-1.0	-1.0
-1.0	-1.0	-1.0	-1.0	1.0436714311461979	1.1369814935052338	1.2034260065338	1.5463079653430856	1.605977989119966	1.1553850007526687	1.7239091621857234	-1.0	1.608777652232448	-1.0	-1.0	1.2473347237179895	1.2992855862234163	1.322949326462399	1.667925966121599	-1.0	-1.0	-1.0	-1.0	1.140213515911411	-1.0	-1.0	-1.0	-1.0	-1.0	-1.0	-1.0	-1.0	1.2923018116703173	1.8357261741743987	1.5262739131671441	1.7290415902582716	-1.0	-1.0	-1.0	-1.0	-1.0	-1.0	-1.0	-1.0	-1.0	-1.0	-1.0	-1.0	1.6735901832846904	1.5193966597320774	-1.0	1.4389925551515022	1.6793921325274574	-1.0	-1.0	1.2875876127054782	1.1058635489975284	-1.0	-1.0	-1.0	-1.0	-1.0	-1.0	-1.0	-1.0	-1.0	-1.0	-1.0	-1.0	-1.0	-1.0	-1.0	-1.0	-1.0	-1.0	-1.0	-1.0	-1.0	-1.0	1.9061131996322958	1.1506270583198421	1.192536706112038	1.1783324992469337	1.3593871810558076	1.236314603454102	1.0835657466477042	1.5106088577789325	1.0773444037090134	1.9798762347985053	1.8777976181435343	1.6877198118661674	1.7734968103967923	1.2629253845772839	1.2645703805003026	1.8397594174927119	1.2592919725926925	1.071814463517564	1.5421150686461615	1.691756731385144	1.2632842487593956
-1.0	-1.0	-1.0	-1.0	1.3308020252092838	1.3003724035918978	1.1671822062201713	-1.0	-1.0	1.425424401723923	-1.0	-1.0	-1.0	-1.0	-1.0	1.1783260031795069	1.2586462077620582	1.3550340929667832	1.4008469990613486	-1.0	-1.0	-1.0	-1.0	1.1243277061691885	-1.0	-1.0	-1.0	-1.0	-1.0	-1.0	-1.0	-1.0	1.2726428931661156	1.585636330473255	1.099140097126674	1.423135097000664	-1.0	-1.0	-1.0	-1.0	-1.0	-1.0	-1.0	-1.0	-1.0	-1.0	-1.0	-1.0	1.40096318043239	1.2647269865365673	1.206261418934694	1.1744945897178767	1.1917809407554305	-1.0	-1.0	1.2572583204423358	1.3476106502418692	-1.0	-1.0	-1.0	-1.0	-1.0	-1.0	-1.0	-1.0	-1.0	-1.0	-1.0	-1.0	-1.0	-1.0	-1.0	-1.0	-1.0	-1.0	-1.0	-1.0	-1.0	-1.0	1.9723074947862955	1.2108466634492496	1.057497093593589	1.2294158671836584	1.3188031317360727	1.2882641561863222	1.2606387390183842	1.4825317422137838	1.1775817419922823	1.7388447237821436	1.5379908349929197	1.249390552008164	1.3379464377140518	1.3250391213729324	1.2471555660468892	1.517958768486066	1.011886628994509	1.4213374685794953	1.3359423151965442	1.4527957865642964	1.233345890737402
-1.0	-1.0	-1.0	-1.0	1.1770364549211374	1.08874821184478	-1.0	-1.0	-1.0	1.2606669679548057	-1.0	-1.0	1.245073764726859	-1.0	-1.0	1.2367169265056666	1.2006144753538048	1.2943760902252937	1.2689534333271848	-1.0	-1.0	-1.0	-1.0	1.1995951681890356	-1.0	-1.0	-1.0	-1.0	-1.0	-1.0	-1.0	-1.0	1.4071034639817763	1.2822863066036516	1.253771544757113	1.2409321035376777	-1.0	-1.0	-1.0	-1.0	-1.0	-1.0	-1.0	-1.0	-1.0	-1.0	-1.0	-1.0	1.3284899108370931	1.3686558629835441	1.2097581092067413	1.4766861904140343	1.3842882418595277	1.072539544709344	-1.0	-1.0	-1.0	-1.0	-1.0	-1.0	-1.0	-1.0	-1.0	1.0913588388513313	1.057592586621646	1.1498300132834018	1.2562382930293958	-1.0	-1.0	-1.0	-1.0	-1.0	-1.0	-1.0	-1.0	-1.0	-1.0	-1.0	-1.0	1.1186463635785204	1.2573666166320667	1.534979394201549	1.3420214045709578	1.0374151177950326	1.396452877424345	1.1391064673267028	1.3427309127277458	1.1690302194923128	2.000115989231147	1.2959453983680522	1.273071913668574	1.2285288945570965	1.3397801857526783	1.146111855401577	1.3961984553949591	1.1273303265102446	1.22792410124314	1.415077570981021	1.4259235262502494	1.46747500868625
-1.0	-1.0	-1.0	-1.0	-1.0	-1.0	-1.0	-1.0	-1.0	-1.0	-1.0	-1.0	-1.0	-1.0	-1.0	1.367706527789367	1.3543100923414704	1.364710831584749	1.3208486122039746	-1.0	-1.0	-1.0	-1.0	1.510919542548566	-1.0	-1.0	-1.0	-1.0	-1.0	-1.0	-1.0	-1.0	1.3941460910111128	1.3281697044854315	1.3382096398349452	1.3366143292261823	-1.0	-1.0	-1.0	-1.0	-1.0	-1.0	-1.0	-1.0	-1.0	-1.0	-1.0	-1.0	1.323039333110974	1.4310876456792627	1.3199994727014308	1.501300333311752	1.419525328482344	-1.0	-1.0	-1.0	-1.0	-1.0	-1.0	-1.0	-1.0	-1.0	-1.0	-1.0	-1.0	-1.0	-1.0	-1.0	-1.0	-1.0	-1.0	-1.0	-1.0	-1.0	-1.0	-1.0	-1.0	-1.0	-1.0	1.7947730886176425	1.1879696529257426	1.33320036791551	1.8017423033392517	1.3768622145823053	1.417889091560319	1.5286796272524301	1.3856928816575378	1.4254160018228412	1.8881448153522806	1.4810413145519243	1.3980628253914622	1.4042050869550908	1.3117365486312256	1.3961719554464551	1.5494466072251134	1.4340631435531028	1.4260830819503711	1.33270382803696	1.2088468261633762	1.10101444478918
-1.0	-1.0	-1.0	-1.0	1.2816756371017717	1.0346866619900317	1.1469442635907616	-1.0	-1.0	1.2365169299788348	-1.0	-1.0	-1.0	-1.0	-1.0	1.0292046849972794	1.0231075984407882	1.1860899097054105	1.4399121604238425	-1.0	-1.0	-1.0	-1.0	1.2631376390976303	-1.0	-1.0	-1.0	-1.0	-1.0	-1.0	-1.0	-1.0	1.1965011926309994	1.6356557089628017	1.4362595300488616	1.531644814273872	-1.0	-1.0	-1.0	-1.0	-1.0	-1.0	-1.0	-1.0	-1.0	-1.0	-1.0	-1.0	-1.0	-1.0	-1.0	1.291199354652031	-1.0	-1.0	-1.0	1.2347335681017313	1.1894609274945644	-1.0	-1.0	-1.0	-1.0	-1.0	-1.0	-1.0	-1.0	-1.0	-1.0	-1.0	-1.0	-1.0	-1.0	-1.0	-1.0	-1.0	-1.0	-1.0	-1.0	-1.0	-1.0	1.6508743867796685	1.2434785372343422	1.1886378534525583	1.147553928711331	1.103417305064587	1.2397117318028603	1.2885173415615847	1.49411810573961	1.0938548646752622	1.867433936519509	1.263627569303739	1.52626712129628	1.5518522554204204	1.3418694937592646	1.0527569677565827	1.420149565771945	1.331291530428857	1.2795587678413178	1.4310914265920192	1.3320009692043846	1.0446082561781334
-1.0	-1.0	-1.0	-1.0	1.285649997107283	0.9966005302766547	-1.0	1.8679871217334367	1.8033839393021038	1.0741222559901347	1.5822453947461457	-1.0	1.3212484243120506	-1.0	-1.0	1.3205470297457484	1.0653767245116652	1.8363789637532972	1.8501149601438223	-1.0	-1.0	-1.0	-1.0	1.3852623481394981	-1.0	-1.0	-1.0	-1.0	-1.0	-1.0	-1.0	-1.0	1.5425958311000265	1.1632679294443213	1.6624409451977116	1.7578948613154644	-1.0	-1.0	-1.0	-1.0	-1.0	-1.0	-1.0	-1.0	-1.0	-1.0	-1.0	-1.0	1.3043320318212959	1.5243716741469056	1.2870474848345603	-1.0	1.5833585089571778	1.3229238325723909	-1.0	-1.0	-1.0	-1.0	-1.0	-1.0	-1.0	-1.0	-1.0	1.1480327469078857	1.1869179148370574	1.2390201905797786	1.1270380898169108	-1.0	-1.0	-1.0	-1.0	-1.0	-1.0	-1.0	-1.0	-1.0	-1.0	-1.0	-1.0	1.2046979519141652	1.214918477731179	1.4174736733665112	1.0026051968050422	1.0991509777649617	1.898668239704962	1.141095827709101	1.2552264382352671	1.0315250209719897	1.8843716816453906	1.0210986967909887	1.6726866319962268	1.3216443972858756	1.6128968670371733	1.2295240822591762	1.5200880900579528	1.2715491058720625	1.6047119635320026	1.7424472453916662	1.822410295689464	1.598730177079863
-1.0	-1.0	-1.0	-1.0	1.1925534591999873	1.338028714253669	1.266682622716634	1.6129764155474053	1.6306710767322197	1.1891556866145125	1.7406504686775284	-1.0	1.0514849052536503	-1.0	-1.0	1.1198094071787843	0.8789596602100849	1.1534401692201413	1.7275223396768258	-1.0	-1.0	-1.0	-1.0	1.1600527084970926	-1.0	-1.0	-1.0	-1.0	-1.0	-1.0	-1.0	-1.0	1.1464957065450938	1.3185861480356276	1.6728469758352842	1.607076552534395	-1.0	-1.0	-1.0	-1.0	-1.0	-1.0	-1.0	-1.0	-1.0	-1.0	-1.0	-1.0	1.1926857794030878	1.5767507354498764	1.2186392477390926	1.2224260748357139	1.6239582255267258	1.2423919547470215	-1.0	1.2462360191018669	1.1690721701971925	-1.0	-1.0	-1.0	-1.0	-1.0	-1.0	1.0941261426654654	1.0610426663398698	1.2201613077473972	1.3828719645311887	-1.0	-1.0	-1.0	-1.0	-1.0	-1.0	-1.0	-1.0	-1.0	-1.0	-1.0	-1.0	1.3404726832968104	1.1436305075429147	1.141755228202357	1.148587257064964	1.3294805586065044	1.274666310366068	1.1966728056999896	1.297602217434054	1.049488105299813	1.6349825626398915	1.1185160237912346	1.6322327559883945	1.1944485648431633	1.2640301309878077	1.1128916780794262	1.5087885309402926	1.3469891916918275	1.186152744532351	1.4693610028955664	1.7698752210474633	1.2392015631971443
-1.0	-1.0	-1.0	-1.0	-1.0	-1.0	-1.0	-1.0	-1.0	-1.0	-1.0	-1.0	-1.0	-1.0	-1.0	1.4088824213092976	1.2913531049951734	1.419651248613136	1.4103728003642997	-1.0	-1.0	-1.0	-1.0	1.5169907837450538	-1.0	-1.0	-1.0	-1.0	-1.0	-1.0	-1.0	-1.0	1.399330686030622	1.484248728497633	1.401498104196972	1.3746932904192604	-1.0	-1.0	-1.0	-1.0	-1.0	-1.0	-1.0	-1.0	-1.0	-1.0	-1.0	-1.0	1.2453517448755345	1.3082924389468384	1.217799402193726	1.3765108297497675	1.311777036462765	-1.0	-1.0	-1.0	-1.0	-1.0	-1.0	-1.0	-1.0	-1.0	-1.0	-1.0	-1.0	-1.0	-1.0	-1.0	-1.0	-1.0	-1.0	-1.0	-1.0	-1.0	-1.0	-1.0	-1.0	-1.0	-1.0	1.6942619743166356	1.166394123551828	1.436606051891075	1.882617335783983	1.2422797473421996	1.2930302004706606	1.4262078132237923	1.4493295229668302	1.3226944753413923	1.760434566613761	1.3923623300839314	1.4009739467223292	1.5018152811514633	1.255976739204927	1.48776911600438	1.6095159860999335	1.2790318912063543	1.2792834627623728	1.5637801103242488	1.32568989714227	1.2448269432016887
-1.0	-1.0	-1.0	-1.0	1.296276099381778	1.3269499577503687	-1.0	1.6615961584157692	1.6953610160297998	1.094546051976081	1.6345246270559686	-1.0	1.214586542094266	-1.0	-1.0	1.3119661213011535	1.2954706025057754	1.6063609637196619	1.5574024404932982	-1.0	-1.0	-1.0	-1.0	1.1564367283973596	-1.0	-1.0	-1.0	-1.0	-1.0	-1.0	-1.0	-1.0	1.4512318091601293	1.1888271612447407	1.6354154904712337	1.774395346688676	-1.0	-1.0	-1.0	-1.0	-1.0	-1.0	-1.0	-1.0	-1.0	-1.0	-1.0	-1.0	1.2013047081840271	1.7017826697348293	1.368586051199536	-1.0	1.6380736322367466	1.2175681345452525	-1.0	-1.0	-1.0	-1.0	-1.0	-1.0	-1.0	-1.0	-1.0	1.3217647538027966	1.232160498883301	1.2293404133209531	1.2615888497554886	-1.0	-1.0	-1.0	-1.0	-1.0	-1.0	-1.0	-1.0	-1.0	-1.0	-1.0	-1.0	1.342858022790683	1.1236694754060212	1.262597639767996	1.1059943988633214	1.0653700588518062	1.6486410245572258	1.2937865798073542	1.2211787639058609	1.077300578767853	1.8240612961102907	1.140336393244752	1.7209982618531885	1.2043485967555725	1.8459928525392955	1.1879909117950846	1.5889766693766716	1.2011346698396368	1.3620867035101891	1.5401400427809535	1.75856036350774	1.332257553615511
-1.0	-1.0	-1.0	-1.0	1.353911998324076	1.217624332307449	1.3804432883136841	1.7332558101225062	1.7959602997569908	1.1299622869833827	1.6541661975385276	-1.0	1.6297910024929854	-1.0	-1.0	1.3818610307933739	1.3454582567402762	1.1705091468311755	1.7823162998169282	-1.0	-1.0	-1.0	-1.0	1.2827124965449683	-1.0	-1.0	-1.0	-1.0	-1.0	-1.0	-1.0	-1.0	1.1065720402879933	1.897616103162514	1.7170623649152803	1.7437199607080756	-1.0	-1.0	-1.0	-1.0	-1.0	-1.0	-1.0	-1.0	-1.0	-1.0	-1.0	-1.0	1.444892093216922	1.5828074935813725	1.3832174986578125	1.2143055283581512	1.6258574887989787	-1.0	-1.0	1.2735099884242682	1.0989668844638227	-1.0	-1.0	-1.0	-1.0	-1.0	-1.0	-1.0	-1.0	-1.0	-1.0	-1.0	-1.0	-1.0	-1.0	-1.0	-1.0	-1.0	-1.0	-1.0	-1.0	-1.0	-1.0	2.012476805365588	1.2218830883706209	1.2575031148854154	1.3116208813845553	1.21331000931653	1.3055409356911858	1.494858118126901	1.6393838050378964	1.3801316328365845	1.8768403072528974	1.3723550553867523	1.7745276716497884	1.725894346775312	1.1232395733954619	1.095309842595885	1.7554531795745356	1.254016054048358	1.3748495410794657	1.7589772769739447	1.6962449732801212	1.2713594294166406
-1.0	-1.0	-1.0	-1.0	1.1596676573114333	1.1192653535517858	-1.0	1.482109453921937	1.5442701287915221	1.3400734003714585	1.895361498616824	-1.0	1.3753397096495021	-1.0	-1.0	1.320032737257844	1.124090834971679	1.7973890676252129	1.4527185820416153	-1.0	-1.0	-1.0	-1.0	1.1983643752413469	-1.0	-1.0	-1.0	-1.0	-1.0	-1.0	-1.0	-1.0	1.898235946372715	1.2425873584149418	1.7379281092633807	1.7842889754593665	-1.0	-1.0	-1.0	-1.0	-1.0	-1.0	-1.0	-1.0	-1.0	-1.0	-1.0	-1.0	1.2782796681965252	1.5402261942858682	1.276017429403381	-1.0	1.4638667437588415	1.0808493563537382	-1.0	-1.0	-1.0	-1.0	-1.0	-1.0	-1.0	-1.0	-1.0	1.2768858117426742	1.2885607307731002	1.3958393892696417	1.1109548747122169	-1.0	-1.0	-1.0	-1.0	-1.0	-1.0	-1.0	-1.0	-1.0	-1.0	-1.0	-1.0	1.1861915729672368	1.2732769440545126	1.6472872836450747	1.1639215354279924	1.1992322271773668	1.3941601087699658	1.2156642465376293	1.0800829154388092	1.0971036151789155	1.9055405354395885	1.0657549688592616	1.7099043403840926	1.1159979846784747	1.6644107766139082	1.1609314496413905	1.9107561629502439	1.1965235286274334	2.0837717369618174	1.4361244933259214	1.611249259231651	1.8375827325916438
-1.0	-1.0	-1.0	-1.0	-1.0	-1.0	-1.0	-1.0	-1.0	-1.0	-1.0	-1.0	-1.0	-1.0	-1.0	-1.0	-1.0	-1.0	-1.0	-1.0	-1.0	-1.0	-1.0	-1.0	-1.0	-1.0	-1.0	-1.0	-1.0	-1.0	-1.0	-1.0	-1.0	-1.0	-1.0	-1.0	-1.0	-1.0	-1.0	-1.0	-1.0	-1.0	-1.0	-1.0	-1.0	-1.0	-1.0	-1.0	-1.0	-1.0	-1.0	-1.0	-1.0	-1.0	-1.0	-1.0	-1.0	-1.0	-1.0	-1.0	-1.0	-1.0	-1.0	-1.0	-1.0	-1.0	-1.0	-1.0	-1.0	-1.0	-1.0	-1.0	-1.0	-1.0	-1.0	-1.0	-1.0	-1.0	-1.0	-1.0	-1.0	-1.0	-1.0	-1.0	-1.0	-1.0	-1.0	-1.0	-1.0	-1.0	-1.0	-1.0	-1.0	-1.0	-1.0	-1.0	-1.0	-1.0	-1.0	-1.0
-1.0	-1.0	-1.0	-1.0	-1.0	-1.0	-1.0	-1.0	-1.0	-1.0	-1.0	-1.0	-1.0	-1.0	-1.0	-1.0	-1.0	-1.0	-1.0	-1.0	-1.0	-1.0	-1.0	-1.0	-1.0	-1.0	-1.0	-1.0	-1.0	-1.0	-1.0	-1.0	-1.0	-1.0	-1.0	-1.0	-1.0	-1.0	-1.0	-1.0	-1.0	-1.0	-1.0	-1.0	-1.0	-1.0	-1.0	-1.0	-1.0	-1.0	-1.0	-1.0	-1.0	-1.0	-1.0	-1.0	-1.0	-1.0	-1.0	-1.0	-1.0	-1.0	-1.0	-1.0	-1.0	-1.0	-1.0	-1.0	-1.0	-1.0	-1.0	-1.0	-1.0	-1.0	-1.0	-1.0	-1.0	-1.0	-1.0	-1.0	-1.0	-1.0	-1.0	-1.0	-1.0	-1.0	-1.0	-1.0	-1.0	-1.0	-1.0	-1.0	-1.0	-1.0	-1.0	-1.0	-1.0	-1.0	-1.0	-1.0
-1.0	-1.0	-1.0	-1.0	-1.0	-1.0	-1.0	-1.0	-1.0	-1.0	-1.0	-1.0	-1.0	-1.0	-1.0	-1.0	-1.0	-1.0	-1.0	-1.0	-1.0	-1.0	-1.0	-1.0	-1.0	-1.0	-1.0	-1.0	-1.0	-1.0	-1.0	-1.0	-1.0	-1.0	-1.0	-1.0	-1.0	-1.0	-1.0	-1.0	-1.0	-1.0	-1.0	-1.0	-1.0	-1.0	-1.0	-1.0	-1.0	-1.0	-1.0	-1.0	-1.0	-1.0	-1.0	-1.0	-1.0	-1.0	-1.0	-1.0	-1.0	-1.0	-1.0	-1.0	-1.0	-1.0	-1.0	-1.0	-1.0	-1.0	-1.0	-1.0	-1.0	-1.0	-1.0	-1.0	-1.0	-1.0	-1.0	-1.0	-1.0	-1.0	-1.0	-1.0	-1.0	-1.0	-1.0	-1.0	-1.0	-1.0	-1.0	-1.0	-1.0	-1.0	-1.0	-1.0	-1.0	-1.0	-1.0	-1.0
-1.0	-1.0	-1.0	-1.0	-1.0	-1.0	-1.0	-1.0	-1.0	-1.0	-1.0	-1.0	-1.0	-1.0	-1.0	-1.0	-1.0	-1.0	-1.0	-1.0	-1.0	-1.0	-1.0	-1.0	-1.0	-1.0	-1.0	-1.0	-1.0	-1.0	-1.0	-1.0	-1.0	-1.0	-1.0	-1.0	-1.0	-1.0	-1.0	-1.0	-1.0	-1.0	-1.0	-1.0	-1.0	-1.0	-1.0	-1.0	-1.0	-1.0	-1.0	-1.0	-1.0	-1.0	-1.0	-1.0	-1.0	-1.0	-1.0	-1.0	-1.0	-1.0	-1.0	-1.0	-1.0	-1.0	-1.0	-1.0	-1.0	-1.0	-1.0	-1.0	-1.0	-1.0	-1.0	-1.0	-1.0	-1.0	-1.0	-1.0	-1.0	-1.0	-1.0	-1.0	-1.0	-1.0	-1.0	-1.0	-1.0	-1.0	-1.0	-1.0	-1.0	-1.0	-1.0	-1.0	-1.0	-1.0	-1.0	-1.0
-1.0	-1.0	-1.0	-1.0	-1.0	-1.0	-1.0	-1.0	-1.0	-1.0	-1.0	-1.0	-1.0	-1.0	-1.0	-1.0	-1.0	-1.0	-1.0	-1.0	-1.0	-1.0	-1.0	-1.0	-1.0	-1.0	-1.0	-1.0	-1.0	-1.0	-1.0	-1.0	-1.0	-1.0	-1.0	-1.0	-1.0	-1.0	-1.0	-1.0	-1.0	-1.0	-1.0	-1.0	-1.0	-1.0	-1.0	-1.0	-1.0	-1.0	-1.0	-1.0	-1.0	-1.0	-1.0	-1.0	-1.0	-1.0	-1.0	-1.0	-1.0	-1.0	-1.0	-1.0	-1.0	-1.0	-1.0	-1.0	-1.0	-1.0	-1.0	-1.0	-1.0	-1.0	-1.0	-1.0	-1.0	-1.0	-1.0	-1.0	-1.0	-1.0	-1.0	-1.0	-1.0	-1.0	-1.0	-1.0	-1.0	-1.0	-1.0	-1.0	-1.0	-1.0	-1.0	-1.0	-1.0	-1.0	-1.0	-1.0
-1.0	-1.0	-1.0	-1.0	-1.0	-1.0	-1.0	-1.0	-1.0	-1.0	-1.0	-1.0	-1.0	-1.0	-1.0	-1.0	-1.0	-1.0	-1.0	-1.0	-1.0	-1.0	-1.0	-1.0	-1.0	-1.0	-1.0	-1.0	-1.0	-1.0	-1.0	-1.0	-1.0	-1.0	-1.0	-1.0	-1.0	-1.0	-1.0	-1.0	-1.0	-1.0	-1.0	-1.0	-1.0	-1.0	-1.0	-1.0	-1.0	-1.0	-1.0	-1.0	-1.0	-1.0	-1.0	-1.0	-1.0	-1.0	-1.0	-1.0	-1.0	-1.0	-1.0	-1.0	-1.0	-1.0	-1.0	-1.0	-1.0	-1.0	-1.0	-1.0	-1.0	-1.0	-1.0	-1.0	-1.0	-1.0	-1.0	-1.0	-1.0	-1.0	-1.0	-1.0	-1.0	-1.0	-1.0	-1.0	-1.0	-1.0	-1.0	-1.0	-1.0	-1.0	-1.0	-1.0	-1.0	-1.0	-1.0	-1.0
-1.0	-1.0	-1.0	-1.0	-1.0	-1.0	-1.0	-1.0	-1.0	-1.0	-1.0	-1.0	-1.0	-1.0	-1.0	-1.0	-1.0	-1.0	-1.0	-1.0	-1.0	-1.0	-1.0	-1.0	-1.0	-1.0	-1.0	-1.0	-1.0	-1.0	-1.0	-1.0	-1.0	-1.0	-1.0	-1.0	-1.0	-1.0	-1.0	-1.0	-1.0	-1.0	-1.0	-1.0	-1.0	-1.0	-1.0	-1.0	-1.0	-1.0	-1.0	-1.0	-1.0	-1.0	-1.0	-1.0	-1.0	-1.0	-1.0	-1.0	-1.0	-1.0	-1.0	-1.0	-1.0	-1.0	-1.0	-1.0	-1.0	-1.0	-1.0	-1.0	-1.0	-1.0	-1.0	-1.0	-1.0	-1.0	-1.0	-1.0	-1.0	-1.0	-1.0	-1.0	-1.0	-1.0	-1.0	-1.0	-1.0	-1.0	-1.0	-1.0	-1.0	-1.0	-1.0	-1.0	-1.0	-1.0	-1.0	-1.0
-1.0	-1.0	-1.0	-1.0	-1.0	-1.0	-1.0	-1.0	-1.0	-1.0	-1.0	-1.0	-1.0	-1.0	-1.0	-1.0	-1.0	-1.0	-1.0	-1.0	-1.0	-1.0	-1.0	-1.0	-1.0	-1.0	-1.0	-1.0	-1.0	-1.0	-1.0	-1.0	-1.0	-1.0	-1.0	-1.0	-1.0	-1.0	-1.0	-1.0	-1.0	-1.0	-1.0	-1.0	-1.0	-1.0	-1.0	-1.0	-1.0	-1.0	-1.0	-1.0	-1.0	-1.0	-1.0	-1.0	-1.0	-1.0	-1.0	-1.0	-1.0	-1.0	-1.0	-1.0	-1.0	-1.0	-1.0	-1.0	-1.0	-1.0	-1.0	-1.0	-1.0	-1.0	-1.0	-1.0	-1.0	-1.0	-1.0	-1.0	-1.0	-1.0	-1.0	-1.0	-1.0	-1.0	-1.0	-1.0	-1.0	-1.0	-1.0	-1.0	-1.0	-1.0	-1.0	-1.0	-1.0	-1.0	-1.0	-1.0
-1.0	-1.0	-1.0	-1.0	-1.0	-1.0	-1.0	-1.0	-1.0	-1.0	-1.0	-1.0	-1.0	-1.0	-1.0	-1.0	-1.0	-1.0	-1.0	-1.0	-1.0	-1.0	-1.0	-1.0	-1.0	-1.0	-1.0	-1.0	-1.0	-1.0	-1.0	-1.0	-1.0	-1.0	-1.0	-1.0	-1.0	-1.0	-1.0	-1.0	-1.0	-1.0	-1.0	-1.0	-1.0	-1.0	-1.0	-1.0	-1.0	-1.0	-1.0	-1.0	-1.0	-1.0	-1.0	-1.0	-1.0	-1.0	-1.0	-1.0	-1.0	-1.0	-1.0	-1.0	-1.0	-1.0	-1.0	-1.0	-1.0	-1.0	-1.0	-1.0	-1.0	-1.0	-1.0	-1.0	-1.0	-1.0	-1.0	-1.0	-1.0	-1.0	-1.0	-1.0	-1.0	-1.0	-1.0	-1.0	-1.0	-1.0	-1.0	-1.0	-1.0	-1.0	-1.0	-1.0	-1.0	-1.0	-1.0	-1.0
-1.0	-1.0	-1.0	-1.0	-1.0	-1.0	-1.0	-1.0	-1.0	-1.0	-1.0	-1.0	-1.0	-1.0	-1.0	-1.0	-1.0	-1.0	-1.0	-1.0	-1.0	-1.0	-1.0	-1.0	-1.0	-1.0	-1.0	-1.0	-1.0	-1.0	-1.0	-1.0	-1.0	-1.0	-1.0	-1.0	-1.0	-1.0	-1.0	-1.0	-1.0	-1.0	-1.0	-1.0	-1.0	-1.0	-1.0	-1.0	-1.0	-1.0	-1.0	-1.0	-1.0	-1.0	-1.0	-1.0	-1.0	-1.0	-1.0	-1.0	-1.0	-1.0	-1.0	-1.0	-1.0	-1.0	-1.0	-1.0	-1.0	-1.0	-1.0	-1.0	-1.0	-1.0	-1.0	-1.0	-1.0	-1.0	-1.0	-1.0	-1.0	-1.0	-1.0	-1.0	-1.0	-1.0	-1.0	-1.0	-1.0	-1.0	-1.0	-1.0	-1.0	-1.0	-1.0	-1.0	-1.0	-1.0	-1.0	-1.0
-1.0	-1.0	-1.0	-1.0	-1.0	-1.0	-1.0	-1.0	-1.0	-1.0	-1.0	-1.0	-1.0	-1.0	-1.0	-1.0	-1.0	-1.0	-1.0	-1.0	-1.0	-1.0	-1.0	-1.0	-1.0	-1.0	-1.0	-1.0	-1.0	-1.0	-1.0	-1.0	-1.0	-1.0	-1.0	-1.0	-1.0	-1.0	-1.0	-1.0	-1.0	-1.0	-1.0	-1.0	-1.0	-1.0	-1.0	-1.0	-1.0	-1.0	-1.0	-1.0	-1.0	-1.0	-1.0	-1.0	-1.0	-1.0	-1.0	-1.0	-1.0	-1.0	-1.0	-1.0	-1.0	-1.0	-1.0	-1.0	-1.0	-1.0	-1.0	-1.0	-1.0	-1.0	-1.0	-1.0	-1.0	-1.0	-1.0	-1.0	-1.0	-1.0	-1.0	-1.0	-1.0	-1.0	-1.0	-1.0	-1.0	-1.0	-1.0	-1.0	-1.0	-1.0	-1.0	-1.0	-1.0	-1.0	-1.0	-1.0
-1.0	-1.0	-1.0	-1.0	-1.0	-1.0	-1.0	-1.0	-1.0	-1.0	-1.0	-1.0	-1.0	-1.0	-1.0	-1.0	-1.0	-1.0	-1.0	-1.0	-1.0	-1.0	-1.0	-1.0	-1.0	-1.0	-1.0	-1.0	-1.0	-1.0	-1.0	-1.0	-1.0	-1.0	-1.0	-1.0	-1.0	-1.0	-1.0	-1.0	-1.0	-1.0	-1.0	-1.0	-1.0	-1.0	-1.0	-1.0	-1.0	-1.0	-1.0	-1.0	-1.0	-1.0	-1.0	-1.0	-1.0	-1.0	-1.0	-1.0	-1.0	-1.0	-1.0	-1.0	-1.0	-1.0	-1.0	-1.0	-1.0	-1.0	-1.0	-1.0	-1.0	-1.0	-1.0	-1.0	-1.0	-1.0	-1.0	-1.0	-1.0	-1.0	-1.0	-1.0	-1.0	-1.0	-1.0	-1.0	-1.0	-1.0	-1.0	-1.0	-1.0	-1.0	-1.0	-1.0	-1.0	-1.0	-1.0	-1.0
-1.0	-1.0	-1.0	-1.0	-1.0	-1.0	-1.0	-1.0	-1.0	-1.0	-1.0	-1.0	-1.0	-1.0	-1.0	-1.0	-1.0	-1.0	-1.0	-1.0	-1.0	-1.0	-1.0	-1.0	-1.0	-1.0	-1.0	-1.0	-1.0	-1.0	-1.0	-1.0	-1.0	-1.0	-1.0	-1.0	-1.0	-1.0	-1.0	-1.0	-1.0	-1.0	-1.0	-1.0	-1.0	-1.0	-1.0	-1.0	-1.0	-1.0	-1.0	-1.0	-1.0	-1.0	-1.0	-1.0	-1.0	-1.0	-1.0	-1.0	-1.0	-1.0	-1.0	-1.0	-1.0	-1.0	-1.0	-1.0	-1.0	-1.0	-1.0	-1.0	-1.0	-1.0	-1.0	-1.0	-1.0	-1.0	-1.0	-1.0	-1.0	-1.0	-1.0	-1.0	-1.0	-1.0	-1.0	-1.0	-1.0	-1.0	-1.0	-1.0	-1.0	-1.0	-1.0	-1.0	-1.0	-1.0	-1.0	-1.0
-1.0	-1.0	-1.0	-1.0	-1.0	-1.0	-1.0	-1.0	-1.0	-1.0	-1.0	-1.0	-1.0	-1.0	-1.0	-1.0	-1.0	-1.0	-1.0	-1.0	-1.0	-1.0	-1.0	-1.0	-1.0	-1.0	-1.0	-1.0	-1.0	-1.0	-1.0	-1.0	-1.0	-1.0	-1.0	-1.0	-1.0	-1.0	-1.0	-1.0	-1.0	-1.0	-1.0	-1.0	-1.0	-1.0	-1.0	-1.0	-1.0	-1.0	-1.0	-1.0	-1.0	-1.0	-1.0	-1.0	-1.0	-1.0	-1.0	-1.0	-1.0	-1.0	-1.0	-1.0	-1.0	-1.0	-1.0	-1.0	-1.0	-1.0	-1.0	-1.0	-1.0	-1.0	-1.0	-1.0	-1.0	-1.0	-1.0	-1.0	-1.0	-1.0	-1.0	-1.0	-1.0	-1.0	-1.0	-1.0	-1.0	-1.0	-1.0	-1.0	-1.0	-1.0	-1.0	-1.0	-1.0	-1.0	-1.0	-1.0
-1.0	-1.0	-1.0	-1.0	-1.0	-1.0	-1.0	-1.0	-1.0	-1.0	-1.0	-1.0	-1.0	-1.0	-1.0	-1.0	-1.0	-1.0	-1.0	-1.0	-1.0	-1.0	-1.0	-1.0	-1.0	-1.0	-1.0	-1.0	-1.0	-1.0	-1.0	-1.0	-1.0	-1.0	-1.0	-1.0	-1.0	-1.0	-1.0	-1.0	-1.0	-1.0	-1.0	-1.0	-1.0	-1.0	-1.0	-1.0	-1.0	-1.0	-1.0	-1.0	-1.0	-1.0	-1.0	-1.0	-1.0	-1.0	-1.0	-1.0	-1.0	-1.0	-1.0	-1.0	-1.0	-1.0	-1.0	-1.0	-1.0	-1.0	-1.0	-1.0	-1.0	-1.0	-1.0	-1.0	-1.0	-1.0	-1.0	-1.0	-1.0	-1.0	-1.0	-1.0	-1.0	-1.0	-1.0	-1.0	-1.0	-1.0	-1.0	-1.0	-1.0	-1.0	-1.0	-1.0	-1.0	-1.0	-1.0	-1.0
-1.0	-1.0	-1.0	-1.0	-1.0	-1.0	-1.0	-1.0	-1.0	-1.0	-1.0	-1.0	-1.0	-1.0	-1.0	-1.0	-1.0	-1.0	-1.0	-1.0	-1.0	-1.0	-1.0	-1.0	-1.0	-1.0	-1.0	-1.0	-1.0	-1.0	-1.0	-1.0	-1.0	-1.0	-1.0	-1.0	-1.0	-1.0	-1.0	-1.0	-1.0	-1.0	-1.0	-1.0	-1.0	-1.0	-1.0	-1.0	-1.0	-1.0	-1.0	-1.0	-1.0	-1.0	-1.0	-1.0	-1.0	-1.0	-1.0	-1.0	-1.0	-1.0	-1.0	-1.0	-1.0	-1.0	-1.0	-1.0	-1.0	-1.0	-1.0	-1.0	-1.0	-1.0	-1.0	-1.0	-1.0	-1.0	-1.0	-1.0	-1.0	-1.0	-1.0	-1.0	-1.0	-1.0	-1.0	-1.0	-1.0	-1.0	-1.0	-1.0	-1.0	-1.0	-1.0	-1.0	-1.0	-1.0	-1.0	-1.0
-1.0	-1.0	-1.0	-1.0	-1.0	-1.0	-1.0	-1.0	-1.0	-1.0	-1.0	-1.0	-1.0	-1.0	-1.0	-1.0	-1.0	-1.0	-1.0	-1.0	-1.0	-1.0	-1.0	-1.0	-1.0	-1.0	-1.0	-1.0	-1.0	-1.0	-1.0	-1.0	-1.0	-1.0	-1.0	-1.0	-1.0	-1.0	-1.0	-1.0	-1.0	-1.0	-1.0	-1.0	-1.0	-1.0	-1.0	-1.0	-1.0	-1.0	-1.0	-1.0	-1.0	-1.0	-1.0	-1.0	-1.0	-1.0	-1.0	-1.0	-1.0	-1.0	-1.0	-1.0	-1.0	-1.0	-1.0	-1.0	-1.0	-1.0	-1.0	-1.0	-1.0	-1.0	-1.0	-1.0	-1.0	-1.0	-1.0	-1.0	-1.0	-1.0	-1.0	-1.0	-1.0	-1.0	-1.0	-1.0	-1.0	-1.0	-1.0	-1.0	-1.0	-1.0	-1.0	-1.0	-1.0	-1.0	-1.0	-1.0
-1.0	-1.0	-1.0	-1.0	1.0750988055000466	1.227201476959862	1.3054492645536198	1.5156288876815027	1.5433582595631519	1.3050192446183948	1.7415957563416526	-1.0	1.6379547759094688	-1.0	-1.0	1.2550604332672113	1.1962706562747987	1.2457119386006	1.5048984813992146	-1.0	-1.0	-1.0	-1.0	1.3945446650722086	-1.0	-1.0	-1.0	-1.0	-1.0	-1.0	-1.0	-1.0	1.2422450328010322	-1.0	1.6235368474961547	1.6576319731486715	-1.0	-1.0	-1.0	-1.0	-1.0	-1.0	-1.0	-1.0	-1.0	-1.0	-1.0	-1.0	1.5448522932251125	1.5439740330627816	-1.0	1.180680412339704	1.6294852310265164	-1.0	-1.0	1.1845427567347724	1.3746573783692324	-1.0	-1.0	-1.0	-1.0	-1.0	-1.0	-1.0	-1.0	-1.0	-1.0	-1.0	-1.0	-1.0	-1.0	-1.0	-1.0	-1.0	-1.0	-1.0	-1.0	-1.0	-1.0	-1.0	1.2355935017815236	1.3149232753573066	1.2926732397641607	1.1514274577411716	1.1383005216295234	1.2605355917100947	1.6530537521371704	1.2313263141445414	-1.0	-1.0	1.7041096787958234	1.526704425824142	1.1003202667748946	1.1552685498221031	-1.0	1.452380444279433	1.1566368159830516	1.7044411904226369	1.70217143803678	1.2493390726774973
-1.0	-1.0	-1.0	-1.0	1.195354437564757	1.2927457120284325	1.1123366461077042	1.654351312687424	1.674530036301089	1.2558882528189286	1.6436661003530297	-1.0	1.2377186613326738	-1.0	-1.0	1.4690780717768106	1.1633023509002187	1.33562918830065	1.8575973091680118	-1.0	-1.0	-1.0	-1.0	1.274788864927419	-1.0	-1.0	-1.0	-1.0	-1.0	-1.0	-1.0	-1.0	1.278155467575596	1.3995139356896338	1.597729001438761	1.5255816566589968	-1.0	-1.0	-1.0	-1.0	-1.0	-1.0	-1.0	-1.0	-1.0	-1.0	-1.0	-1.0	1.222295791486328	1.6773766053922865	1.2486386664575206	1.2870866716904734	1.753776492243631	1.1179421271965757	-1.0	1.1495790412817521	1.114261741914266	-1.0	-1.0	-1.0	-1.0	-1.0	-1.0	1.2799875456766878	1.238684544851673	1.069696743659051	1.3456173586148334	-1.0	-1.0	-1.0	-1.0	-1.0	-1.0	-1.0	-1.0	-1.0	-1.0	-1.0	-1.0	1.2851427284800554	1.1386802533033922	1.1551528928503023	1.0250560566450901	1.2245805882377774	1.339681607837344	1.3102608971440544	1.1927862183553808	1.3205935429123397	-1.0	1.3146167838169434	1.6878952712948108	1.2888387604242864	1.227337536044598	1.3619446988652657	-1.0	1.463110735989765	1.2597315148978678	1.730468674443646	1.8149115698391154	1.1886919924424675
-1.0	-1.0	-1.0	-1.0	-1.0	-1.0	-1.0	-1.0	-1.0	-1.0	-1.0	-1.0	-1.0	-1.0	-1.0	-1.0	-1.0	-1.0	-1.0	-1.0	-1.0	-1.0	-1.0	-1.0	-1.0	-1.0	-1.0	-1.0	-1.0	-1.0	-1.0	-1.0	-1.0	-1.0	-1.0	-1.0	-1.0	-1.0	-1.0	-1.0	-1.0	-1.0	-1.0	-1.0	-1.0	-1.0	-1.0	-1.0	-1.0	-1.0	-1.0	-1.0	-1.0	-1.0	-1.0	-1.0	-1.0	-1.0	-1.0	-1.0	-1.0	-1.0	-1.0	-1.0	-1.0	-1.0	-1.0	-1.0	-1.0	-1.0	-1.0	-1.0	-1.0	-1.0	-1.0	-1.0	-1.0	-1.0	-1.0	-1.0	-1.0	-1.0	-1.0	-1.0	-1.0	-1.0	-1.0	-1.0	-1.0	-1.0	-1.0	-1.0	-1.0	-1.0	-1.0	-1.0	-1.0	-1.0	-1.0	-1.0
-1.0	-1.0	-1.0	-1.0	-1.0	-1.0	-1.0	-1.0	-1.0	-1.0	-1.0	-1.0	-1.0	-1.0	-1.0	-1.0	-1.0	-1.0	-1.0	-1.0	-1.0	-1.0	-1.0	-1.0	-1.0	-1.0	-1.0	-1.0	-1.0	-1.0	-1.0	-1.0	-1.0	-1.0	-1.0	-1.0	-1.0	-1.0	-1.0	-1.0	-1.0	-1.0	-1.0	-1.0	-1.0	-1.0	-1.0	-1.0	-1.0	-1.0	-1.0	-1.0	-1.0	-1.0	-1.0	-1.0	-1.0	-1.0	-1.0	-1.0	-1.0	-1.0	-1.0	-1.0	-1.0	-1.0	-1.0	-1.0	-1.0	-1.0	-1.0	-1.0	-1.0	-1.0	-1.0	-1.0	-1.0	-1.0	-1.0	-1.0	-1.0	-1.0	-1.0	-1.0	-1.0	-1.0	-1.0	-1.0	-1.0	-1.0	-1.0	-1.0	-1.0	-1.0	-1.0	-1.0	-1.0	-1.0	-1.0	-1.0
-1.0	-1.0	-1.0	-1.0	-1.0	-1.0	-1.0	-1.0	-1.0	-1.0	-1.0	-1.0	-1.0	-1.0	-1.0	-1.0	-1.0	-1.0	-1.0	-1.0	-1.0	-1.0	-1.0	-1.0	-1.0	-1.0	-1.0	-1.0	-1.0	-1.0	-1.0	-1.0	-1.0	-1.0	-1.0	-1.0	-1.0	-1.0	-1.0	-1.0	-1.0	-1.0	-1.0	-1.0	-1.0	-1.0	-1.0	-1.0	-1.0	-1.0	-1.0	-1.0	-1.0	-1.0	-1.0	-1.0	-1.0	-1.0	-1.0	-1.0	-1.0	-1.0	-1.0	-1.0	-1.0	-1.0	-1.0	-1.0	-1.0	-1.0	-1.0	-1.0	-1.0	-1.0	-1.0	-1.0	-1.0	-1.0	-1.0	-1.0	-1.0	-1.0	-1.0	-1.0	-1.0	-1.0	-1.0	-1.0	-1.0	-1.0	-1.0	-1.0	-1.0	-1.0	-1.0	-1.0	-1.0	-1.0	-1.0	-1.0
-1.0	-1.0	-1.0	-1.0	-1.0	-1.0	-1.0	-1.0	-1.0	-1.0	-1.0	-1.0	-1.0	-1.0	-1.0	-1.0	-1.0	-1.0	-1.0	-1.0	-1.0	-1.0	-1.0	-1.0	-1.0	-1.0	-1.0	-1.0	-1.0	-1.0	-1.0	-1.0	-1.0	-1.0	-1.0	-1.0	-1.0	-1.0	-1.0	-1.0	-1.0	-1.0	-1.0	-1.0	-1.0	-1.0	-1.0	-1.0	-1.0	-1.0	-1.0	-1.0	-1.0	-1.0	-1.0	-1.0	-1.0	-1.0	-1.0	-1.0	-1.0	-1.0	-1.0	-1.0	-1.0	-1.0	-1.0	-1.0	-1.0	-1.0	-1.0	-1.0	-1.0	-1.0	-1.0	-1.0	-1.0	-1.0	-1.0	-1.0	-1.0	-1.0	-1.0	-1.0	-1.0	-1.0	-1.0	-1.0	-1.0	-1.0	-1.0	-1.0	-1.0	-1.0	-1.0	-1.0	-1.0	-1.0	-1.0	-1.0
-1.0	-1.0	-1.0	-1.0	-1.0	-1.0	-1.0	-1.0	-1.0	-1.0	-1.0	-1.0	-1.0	-1.0	-1.0	-1.0	-1.0	-1.0	-1.0	-1.0	-1.0	-1.0	-1.0	-1.0	-1.0	-1.0	-1.0	-1.0	-1.0	-1.0	-1.0	-1.0	-1.0	-1.0	-1.0	-1.0	-1.0	-1.0	-1.0	-1.0	-1.0	-1.0	-1.0	-1.0	-1.0	-1.0	-1.0	-1.0	-1.0	-1.0	-1.0	-1.0	-1.0	-1.0	-1.0	-1.0	-1.0	-1.0	-1.0	-1.0	-1.0	-1.0	-1.0	-1.0	-1.0	-1.0	-1.0	-1.0	-1.0	-1.0	-1.0	-1.0	-1.0	-1.0	-1.0	-1.0	-1.0	-1.0	-1.0	-1.0	-1.0	-1.0	-1.0	-1.0	-1.0	-1.0	-1.0	-1.0	-1.0	-1.0	-1.0	-1.0	-1.0	-1.0	-1.0	-1.0	-1.0	-1.0	-1.0	-1.0
-1.0	-1.0	-1.0	-1.0	-1.0	-1.0	-1.0	-1.0	-1.0	-1.0	-1.0	-1.0	-1.0	-1.0	-1.0	-1.0	-1.0	-1.0	-1.0	-1.0	-1.0	-1.0	-1.0	-1.0	-1.0	-1.0	-1.0	-1.0	-1.0	-1.0	-1.0	-1.0	-1.0	-1.0	-1.0	-1.0	-1.0	-1.0	-1.0	-1.0	-1.0	-1.0	-1.0	-1.0	-1.0	-1.0	-1.0	-1.0	-1.0	-1.0	-1.0	-1.0	-1.0	-1.0	-1.0	-1.0	-1.0	-1.0	-1.0	-1.0	-1.0	-1.0	-1.0	-1.0	-1.0	-1.0	-1.0	-1.0	-1.0	-1.0	-1.0	-1.0	-1.0	-1.0	-1.0	-1.0	-1.0	-1.0	-1.0	-1.0	-1.0	-1.0	-1.0	-1.0	-1.0	-1.0	-1.0	-1.0	-1.0	-1.0	-1.0	-1.0	-1.0	-1.0	-1.0	-1.0	-1.0	-1.0	-1.0	-1.0
-1.0	-1.0	-1.0	-1.0	-1.0	-1.0	-1.0	-1.0	-1.0	-1.0	-1.0	-1.0	-1.0	-1.0	-1.0	-1.0	-1.0	-1.0	-1.0	-1.0	-1.0	-1.0	-1.0	-1.0	-1.0	-1.0	-1.0	-1.0	-1.0	-1.0	-1.0	-1.0	-1.0	-1.0	-1.0	-1.0	-1.0	-1.0	-1.0	-1.0	-1.0	-1.0	-1.0	-1.0	-1.0	-1.0	-1.0	-1.0	-1.0	-1.0	-1.0	-1.0	-1.0	-1.0	-1.0	-1.0	-1.0	-1.0	-1.0	-1.0	-1.0	-1.0	-1.0	-1.0	-1.0	-1.0	-1.0	-1.0	-1.0	-1.0	-1.0	-1.0	-1.0	-1.0	-1.0	-1.0	-1.0	-1.0	-1.0	-1.0	-1.0	-1.0	-1.0	-1.0	-1.0	-1.0	-1.0	-1.0	-1.0	-1.0	-1.0	-1.0	-1.0	-1.0	-1.0	-1.0	-1.0	-1.0	-1.0	-1.0
