100
100
-1.0	-1.0	-1.0	-1.0	-1.0	-1.0	-1.0	-1.0	-1.0	-1.0	-1.0	-1.0	-1.0	-1.0	-1.0	-1.0	-1.0	-1.0	-1.0	-1.0	-1.0	-1.0	-1.0	-1.0	-1.0	-1.0	-1.0	-1.0	-1.0	-1.0	-1.0	-1.0	-1.0	-1.0	-1.0	-1.0	-1.0	-1.0	-1.0	-1.0	-1.0	-1.0	-1.0	-1.0	-1.0	-1.0	-1.0	-1.0	-1.0	-1.0	-1.0	-1.0	-1.0	-1.0	-1.0	-1.0	-1.0	-1.0	-1.0	-1.0	-1.0	-1.0	-1.0	-1.0	-1.0	-1.0	-1.0	-1.0	-1.0	-1.0	-1.0	-1.0	-1.0	-1.0	-1.0	-1.0	-1.0	-1.0	-1.0	-1.0	-1.0	-1.0	-1.0	-1.0	-1.0	-1.0	-1.0	-1.0	-1.0	-1.0	-1.0	-1.0	-1.0	-1.0	-1.0	-1.0	-1.0	-1.0	-1.0	-1.0
-1.0	-1.0	-1.0	-1.0	-1.0	-1.0	-1.0	-1.0	-1.0	-1.0	-1.0	-1.0	-1.0	-1.0	-1.0	-1.0	-1.0	-1.0	-1.0	-1.0	-1.0	-1.0	-1.0	-1.0	-1.0	-1.0	-1.0	-1.0	-1.0	-1.0	-1.0	-1.0	-1.0	-1.0	-1.0	-1.0	-1.0	-1.0	-1.0	-1.0	-1.0	-1.0	-1.0	-1.0	-1.0	-1.0	-1.0	-1.0	-1.0	-1.0	-1.0	-1.0	-1.0	-1.0	-1.0	-1.0	-1.0	-1.0	-1.0	-1.0	-1.0	-1.0	-1.0	-1.0	-1.0	-1.0	-1.0	-1.0	-1.0	-1.0	-1.0	-1.0	-1.0	-1.0	-1.0	-1.0	-1.0	-1.0	-1.0	-1.0	-1.0	-1.0	-1.0	-1.0	-1.0	-1.0	-1.0	-1.0	-1.0	-1.0	-1.0	-1.0	-1.0	-1.0	-1.0	-1.0	-1.0	-1.0	-1.0	-1.0
-1.0	-1.0	-1.0	-1.0	-1.0	-1.0	-1.0	-1.0	-1.0	-1.0	-1.0	-1.0	-1.0	-1.0	-1.0	-1.0	-1.0	-1.0	-1.0	-1.0	-1.0	-1.0	-1.0	-1.0	-1.0	-1.0	-1.0	-1.0	-1.0	-1.0	-1.0	-1.0	-1.0	-1.0	-1.0	-1.0	-1.0	-1.0	-1.0	-1.0	-1.0	-1.0	-1.0	-1.0	-1.0	-1.0	-1.0	-1.0	-1.0	-1.0	-1.0	-1.0	-1.0	-1.0	-1.0	-1.0	-1.0	-1.0	-1.0	-1.0	-1.0	-1.0	-1.0	-1.0	-1.0	-1.0	-1.0	-1.0	-1.0	-1.0	-1.0	-1.0	-1.0	-1.0	-1.0	-1.0	-1.0	-1.0	-1.0	-1.0	-1.0	-1.0	-1.0	-1.0	-1.0	-1.0	-1.0	-1.0	-1.0	-1.0	-1.0	-1.0	-1.0	-1.0	-1.0	-1.0	-1.0	-1.0	-1.0	-1.0
-1.0	-1.0	-1.0	-1.0	-1.0	-1.0	-1.0	-1.0	-1.0	-1.0	-1.0	-1.0	-1.0	-1.0	-1.0	-1.0	-1.0	-1.0	-1.0	-1.0	-1.0	-1.0	-1.0	-1.0	-1.0	-1.0	-1.0	-1.0	-1.0	-1.0	-1.0	-1.0	-1.0	-1.0	-1.0	-1.0	-1.0	-1.0	-1.0	-1.0	-1.0	-1.0	-1.0	-1.0	-1.0	-1.0	-1.0	-1.0	-1.0	-1.0	-1.0	-1.0	-1.0	-1.0	-1.0	-1.0	-1.0	-1.0	-1.0	-1.0	-1.0	-1.0	-1.0	-1.0	-1.0	-1.0	-1.0	-1.0	-1.0	-1.0	-1.0	-1.0	-1.0	-1.0	-1.0	-1.0	-1.0	-1.0	-1.0	-1.0	-1.0	-1.0	-1.0	-1.0	-1.0	-1.0	-1.0	-1.0	-1.0	-1.0	-1.0	-1.0	-1.0	-1.0	-1.0	-1.0	-1.0	-1.0	-1.0	-1.0
-1.0	-1.0	-1.0	-1.0	-1.0	-1.0	-1.0	-1.0	-1.0	-1.0	-1.0	-1.0	-1.0	-1.0	-1.0	-1.0	-1.0	-1.0	-1.0	-1.0	-1.0	-1.0	-1.0	-1.0	-1.0	-1.0	-1.0	-1.0	-1.0	-1.0	-1.0	-1.0	-1.0	-1.0	-1.0	-1.0	-1.0	-1.0	-1.0	-1.0	-1.0	-1.0	-1.0	-1.0	-1.0	-1.0	-1.0	-1.0	-1.0	-1.0	-1.0	-1.0	-1.0	-1.0	-1.0	-1.0	-1.0	-1.0	-1.0	-1.0	-1.0	-1.0	-1.0	-1.0	-1.0	-1.0	-1.0	-1.0	-1.0	-1.0	-1.0	-1.0	-1.0	-1.0	-1.0	-1.0	-1.0	-1.0	-1.0	-1.0	-1.0	-1.0	-1.0	-1.0	-1.0	-1.0	-1.0	-1.0	-1.0	-1.0	-1.0	-1.0	-1.0	-1.0	-1.0	-1.0	-1.0	-1.0	-1.0	-1.0
-1.0	-1.0	-1.0	-1.0	-1.0	-1.0	-1.0	-1.0	-1.0	-1.0	-1.0	-1.0	-1.0	-1.0	-1.0	-1.0	-1.0	-1.0	-1.0	-1.0	-1.0	-1.0	-1.0	-1.0	-1.0	-1.0	-1.0	-1.0	-1.0	-1.0	-1.0	-1.0	-1.0	-1.0	-1.0	-1.0	-1.0	-1.0	-1.0	-1.0	-1.0	-1.0	-1.0	-1.0	-1.0	-1.0	-1.0	-1.0	-1.0	-1.0	-1.0	-1.0	-1.0	-1.0	-1.0	-1.0	-1.0	-1.0	-1.0	-1.0	-1.0	-1.0	-1.0	-1.0	-1.0	-1.0	-1.0	-1.0	-1.0	-1.0	-1.0	-1.0	-1.0	-1.0	-1.0	-1.0	-1.0	-1.0	-1.0	-1.0	-1.0	-1.0	-1.0	-1.0	-1.0	-1.0	-1.0	-1.0	-1.0	-1.0	-1.0	-1.0	-1.0	-1.0	-1.0	-1.0	-1.0	-1.0	-1.0	-1.0
-1.0	-1.0	-1.0	-1.0	-1.0	-1.0	-1.0	-1.0	-1.0	-1.0	-1.0	-1.0	-1.0	-1.0	-1.0	-1.0	-1.0	-1.0	-1.0	-1.0	-1.0	-1.0	-1.0	-1.0	-1.0	-1.0	-1.0	-1.0	-1.0	-1.0	-1.0	-1.0	-1.0	-1.0	-1.0	-1.0	-1.0	-1.0	-1.0	-1.0	-1.0	-1.0	-1.0	-1.0	-1.0	-1.0	-1.0	-1.0	-1.0	-1.0	-1.0	-1.0	-1.0	-1.0	-1.0	-1.0	-1.0	-1.0	-1.0	-1.0	-1.0	-1.0	-1.0	-1.0	-1.0	-1.0	-1.0	-1.0	-1.0	-1.0	-1.0	-1.0	-1.0	-1.0	-1.0	-1.0	-1.0	-1.0	-1.0	-1.0	-1.0	-1.0	-1.0	-1.0	-1.0	-1.0	-1.0	-1.0	-1.0	-1.0	-1.0	-1.0	-1.0	-1.0	-1.0	-1.0	-1.0	-1.0	-1.0	-1.0
-1.0	-1.0	-1.0	-1.0	-1.0	-1.0	-1.0	-1.0	-1.0	-1.0	-1.0	-1.0	-1.0	-1.0	-1.0	-1.0	-1.0	-1.0	-1.0	-1.0	-1.0	-1.0	-1.0	-1.0	-1.0	-1.0	-1.0	-1.0	-1.0	-1.0	-1.0	-1.0	-1.0	-1.0	-1.0	-1.0	-1.0	-1.0	-1.0	-1.0	-1.0	-1.0	-1.0	-1.0	-1.0	-1.0	-1.0	-1.0	-1.0	-1.0	-1.0	-1.0	-1.0	-1.0	-1.0	-1.0	-1.0	-1.0	-1.0	-1.0	-1.0	-1.0	-1.0	-1.0	-1.0	-1.0	-1.0	-1.0	-1.0	-1.0	-1.0	-1.0	-1.0	-1.0	-1.0	-1.0	-1.0	-1.0	-1.0	-1.0	-1.0	-1.0	-1.0	-1.0	-1.0	-1.0	-1.0	-1.0	-1.0	-1.0	-1.0	-1.0	-1.0	-1.0	-1.0	-1.0	-1.0	-1.0	-1.0	-1.0
-1.0	-1.0	-1.0	-1.0	-1.0	-1.0	-1.0	-1.0	-1.0	-1.0	-1.0	-1.0	-1.0	-1.0	-1.0	-1.0	-1.0	-1.0	-1.0	-1.0	-1.0	-1.0	-1.0	-1.0	-1.0	-1.0	-1.0	-1.0	-1.0	-1.0	-1.0	-1.0	-1.0	-1.0	-1.0	-1.0	-1.0	-1.0	-1.0	-1.0	-1.0	-1.0	-1.0	-1.0	-1.0	-1.0	-1.0	-1.0	-1.0	-1.0	-1.0	-1.0	-1.0	-1.0	-1.0	-1.0	-1.0	-1.0	-1.0	-1.0	-1.0	-1.0	-1.0	-1.0	-1.0	-1.0	-1.0	-1.0	-1.0	-1.0	-1.0	-1.0	-1.0	-1.0	-1.0	-1.0	-1.0	-1.0	-1.0	-1.0	-1.0	-1.0	-1.0	-1.0	-1.0	-1.0	-1.0	-1.0	-1.0	-1.0	-1.0	-1.0	-1.0	-1.0	-1.0	-1.0	-1.0	-1.0	-1.0	-1.0
-1.0	-1.0	-1.0	-1.0	-1.0	-1.0	-1.0	-1.0	-1.0	-1.0	-1.0	-1.0	-1.0	-1.0	-1.0	-1.0	-1.0	-1.0	-1.0	-1.0	-1.0	-1.0	-1.0	-1.0	-1.0	-1.0	-1.0	-1.0	-1.0	-1.0	-1.0	-1.0	-1.0	-1.0	-1.0	-1.0	-1.0	-1.0	-1.0	-1.0	-1.0	-1.0	-1.0	-1.0	-1.0	-1.0	-1.0	-1.0	-1.0	-1.0	-1.0	-1.0	-1.0	-1.0	-1.0	-1.0	-1.0	-1.0	-1.0	-1.0	-1.0	-1.0	-1.0	-1.0	-1.0	-1.0	-1.0	-1.0	-1.0	-1.0	-1.0	-1.0	-1.0	-1.0	-1.0	-1.0	-1.0	-1.0	-1.0	-1.0	-1.0	-1.0	-1.0	-1.0	-1.0	-1.0	-1.0	-1.0	-1.0	-1.0	-1.0	-1.0	-1.0	-1.0	-1.0	-1.0	-1.0	-1.0	-1.0	-1.0
-1.0	1.2199999836198652	1.081409830204937	1.2501043377122778	1.1508634200162062	-1.0	-1.0	1.2108875466545568	-1.0	-1.0	-1.0	1.2824391017381138	-1.0	-1.0	1.1363253482500109	-1.0	1.0958909525333909	-1.0	-1.0	1.2162553974057235	1.183919207757185	1.1267595547949294	-1.0	-1.0	-1.0	-1.0	-1.0	-1.0	-1.0	-1.0	1.2018206957926045	-1.0	-1.0	-1.0	-1.0	1.1198667587747595	1.1170029999593132	1.1735923495238334	-1.0	-1.0	1.0516751758040506	-1.0	-1.0	-1.0	-1.0	-1.0	-1.0	-1.0	-1.0	1.2595422411451984	-1.0	-1.0	-1.0	-1.0	-1.0	-1.0	-1.0	-1.0	-1.0	-1.0	-1.0	-1.0	-1.0	-1.0	1.1404869446681318	-1.0	-1.0	-1.0	-1.0	-1.0	-1.0	-1.0	-1.0	-1.0	-1.0	-1.0	-1.0	-1.0	-1.0	-1.0	-1.0	1.2000046977347425	-1.0	-1.0	1.0557842220291598	0.9904649114206097	-1.0	-1.0	-1.0	-1.0	-1.0	-1.0	-1.0	-1.0	-1.0	-1.0	-1.0	1.2529107831513766	1.0113063329142506	1.1262558308523116
-1.0	1.1998706815973583	1.0672154947717072	1.160926462585842	1.1238168914352773	-1.0	-1.0	1.0321617967167482	-1.0	-1.0	-1.0	1.1513843276949713	-1.0	-1.0	1.0834164254041252	-1.0	1.2115704520524002	-1.0	-1.0	1.2498805841318177	1.042118056922192	1.0109269725749817	-1.0	-1.0	-1.0	-1.0	-1.0	-1.0	-1.0	-1.0	1.2058585868917266	-1.0	-1.0	-1.0	-1.0	1.1072038842588343	1.2445824244436607	1.120993755959022	-1.0	-1.0	1.2919076511982626	-1.0	-1.0	-1.0	-1.0	-1.0	-1.0	-1.0	-1.0	1.284409756460862	-1.0	-1.0	-1.0	-1.0	-1.0	-1.0	-1.0	-1.0	-1.0	-1.0	-1.0	-1.0	-1.0	-1.0	1.0809749750445665	-1.0	-1.0	-1.0	-1.0	-1.0	-1.0	-1.0	-1.0	-1.0	-1.0	-1.0	-1.0	-1.0	-1.0	-1.0	-1.0	1.114589598270666	-1.0	-1.0	1.1256812302377168	1.1476769297387504	-1.0	-1.0	-1.0	-1.0	-1.0	-1.0	-1.0	-1.0	-1.0	-1.0	-1.0	1.1933730062432872	1.3624200772011388	1.1429355324159127
-1.0	1.0305590317583078	0.9517014832217752	1.1538736645411758	1.2302307699234853	-1.0	-1.0	0.9583913272978448	-1.0	-1.0	-1.0	1.0788489167602224	-1.0	-1.0	1.187886921544878	-1.0	1.1189989847727095	-1.0	-1.0	1.0973597577952363	1.0613678472621637	1.3491606981532127	-1.0	-1.0	-1.0	-1.0	-1.0	-1.0	-1.0	-1.0	1.1533872637839164	-1.0	-1.0	-1.0	-1.0	1.0920304314204168	1.3072445275994766	1.250239504566046	-1.0	-1.0	1.2232655347181574	-1.0	-1.0	-1.0	-1.0	-1.0	-1.0	-1.0	-1.0	1.0562020299039903	-1.0	-1.0	-1.0	-1.0	-1.0	-1.0	-1.0	-1.0	-1.0	-1.0	-1.0	-1.0	-1.0	-1.0	1.1179314142924168	-1.0	-1.0	-1.0	-1.0	-1.0	-1.0	-1.0	-1.0	-1.0	-1.0	-1.0	-1.0	-1.0	-1.0	-1.0	-1.0	1.1583029093115225	-1.0	-1.0	1.1943819287046278	1.068422589517398	-1.0	-1.0	-1.0	-1.0	-1.0	-1.0	-1.0	-1.0	-1.0	-1.0	-1.0	1.2131483904306903	1.2440413651518525	1.1668084265577103
-1.0	1.075932343026364	0.9716703457102152	1.3661683594846348	1.0899649877896849	-1.0	-1.0	1.1875635286759838	-1.0	-1.0	-1.0	1.1418528483417894	-1.0	-1.0	1.2303003162720296	-1.0	1.20684947554263	-1.0	-1.0	0.9951398275871902	1.1424744597275807	1.1474175957798372	-1.0	-1.0	-1.0	-1.0	-1.0	-1.0	-1.0	-1.0	1.179416135326262	-1.0	-1.0	-1.0	-1.0	0.9991177796840254	1.084180832080459	1.1750753136739551	-1.0	-1.0	1.1321126214447914	-1.0	-1.0	-1.0	-1.0	-1.0	-1.0	-1.0	-1.0	1.216724500223084	-1.0	-1.0	-1.0	-1.0	-1.0	-1.0	-1.0	-1.0	-1.0	-1.0	-1.0	-1.0	-1.0	-1.0	1.104731884627491	-1.0	-1.0	-1.0	-1.0	-1.0	-1.0	-1.0	-1.0	-1.0	-1.0	-1.0	-1.0	-1.0	-1.0	-1.0	-1.0	1.1962456088482314	-1.0	-1.0	1.1606182625013868	0.9004288085076659	-1.0	-1.0	-1.0	-1.0	-1.0	-1.0	-1.0	-1.0	-1.0	-1.0	-1.0	1.1748151655590542	1.319547828223056	1.154250993297757
-1.0	1.0148360545747752	1.2311339310494949	1.251270435466537	0.9937793000654416	-1.0	-1.0	1.273905988894791	-1.0	-1.0	-1.0	1.0513075529667504	-1.0	-1.0	1.1423084530972503	-1.0	1.1756905163061022	-1.0	-1.0	1.176979437864729	1.0770029339226395	1.1954470305728833	-1.0	-1.0	-1.0	-1.0	-1.0	-1.0	-1.0	-1.0	1.0775891556200436	-1.0	-1.0	-1.0	-1.0	1.1087530229830609	1.1008372174601815	1.1267542549893526	-1.0	-1.0	1.132264545248767	-1.0	-1.0	-1.0	-1.0	-1.0	-1.0	-1.0	-1.0	1.054879737215568	-1.0	-1.0	-1.0	-1.0	-1.0	-1.0	-1.0	-1.0	-1.0	-1.0	-1.0	-1.0	-1.0	-1.0	1.02681450085576	-1.0	-1.0	-1.0	-1.0	-1.0	-1.0	-1.0	-1.0	-1.0	-1.0	-1.0	-1.0	-1.0	-1.0	-1.0	-1.0	1.1455990946220613	-1.0	-1.0	1.1257181147624487	1.2577043552961078	-1.0	-1.0	-1.0	-1.0	-1.0	-1.0	-1.0	-1.0	-1.0	-1.0	-1.0	1.1803538583946769	1.282771571644562	1.1540794092237612
-1.0	-1.0	-1.0	-1.0	-1.0	-1.0	-1.0	-1.0	-1.0	-1.0	-1.0	-1.0	-1.0	-1.0	-1.0	-1.0	-1.0	-1.0	-1.0	-1.0	-1.0	-1.0	-1.0	-1.0	-1.0	-1.0	-1.0	-1.0	-1.0	-1.0	-1.0	-1.0	-1.0	-1.0	-1.0	-1.0	-1.0	-1.0	-1.0	-1.0	-1.0	-1.0	-1.0	-1.0	-1.0	-1.0	-1.0	-1.0	-1.0	-1.0	-1.0	-1.0	-1.0	-1.0	-1.0	-1.0	-1.0	-1.0	-1.0	-1.0	-1.0	-1.0	-1.0	-1.0	-1.0	-1.0	-1.0	-1.0	-1.0	-1.0	-1.0	-1.0	-1.0	-1.0	-1.0	-1.0	-1.0	-1.0	-1.0	-1.0	-1.0	-1.0	-1.0	-1.0	-1.0	-1.0	-1.0	-1.0	-1.0	-1.0	-1.0	-1.0	-1.0	-1.0	-1.0	-1.0	-1.0	-1.0	-1.0	-1.0
-1.0	-1.0	-1.0	-1.0	-1.0	-1.0	-1.0	-1.0	-1.0	-1.0	-1.0	-1.0	-1.0	-1.0	-1.0	-1.0	-1.0	-1.0	-1.0	-1.0	-1.0	-1.0	-1.0	-1.0	-1.0	-1.0	-1.0	-1.0	-1.0	-1.0	-1.0	-1.0	-1.0	-1.0	-1.0	-1.0	-1.0	-1.0	-1.0	-1.0	-1.0	-1.0	-1.0	-1.0	-1.0	-1.0	-1.0	-1.0	-1.0	-1.0	-1.0	-1.0	-1.0	-1.0	-1.0	-1.0	-1.0	-1.0	-1.0	-1.0	-1.0	-1.0	-1.0	-1.0	-1.0	-1.0	-1.0	-1.0	-1.0	-1.0	-1.0	-1.0	-1.0	-1.0	-1.0	-1.0	-1.0	-1.0	-1.0	-1.0	-1.0	-1.0	-1.0	-1.0	-1.0	-1.0	-1.0	-1.0	-1.0	-1.0	-1.0	-1.0	-1.0	-1.0	-1.0	-1.0	-1.0	-1.0	-1.0	-1.0
-1.0	-1.0	-1.0	-1.0	-1.0	-1.0	-1.0	-1.0	-1.0	-1.0	-1.0	-1.0	-1.0	-1.0	-1.0	-1.0	-1.0	-1.0	-1.0	-1.0	-1.0	-1.0	-1.0	-1.0	-1.0	-1.0	-1.0	-1.0	-1.0	-1.0	-1.0	-1.0	-1.0	-1.0	-1.0	-1.0	-1.0	-1.0	-1.0	-1.0	-1.0	-1.0	-1.0	-1.0	-1.0	-1.0	-1.0	-1.0	-1.0	-1.0	-1.0	-1.0	-1.0	-1.0	-1.0	-1.0	-1.0	-1.0	-1.0	-1.0	-1.0	-1.0	-1.0	-1.0	-1.0	-1.0	-1.0	-1.0	-1.0	-1.0	-1.0	-1.0	-1.0	-1.0	-1.0	-1.0	-1.0	-1.0	-1.0	-1.0	-1.0	-1.0	-1.0	-1.0	-1.0	-1.0	-1.0	-1.0	-1.0	-1.0	-1.0	-1.0	-1.0	-1.0	-1.0	-1.0	-1.0	-1.0	-1.0	-1.0
-1.0	1.131410075921503	1.2173886448489655	1.2458901735501438	1.1685414226136277	1.7472009978034067	1.7824945727921622	0.9893955363636756	-1.0	1.8916328558821616	-1.0	1.1748013195628118	-1.0	-1.0	1.1104346491266142	1.854972940616592	1.1179240455107737	-1.0	-1.0	1.2171749748157596	1.2041184644490572	1.1195827513041157	-1.0	-1.0	1.7141508898361535	1.8407772003887732	1.7900526947391506	1.9381440566576948	1.7295206289736214	1.7914993683286573	0.9713559744634948	-1.0	1.885349010140779	1.8148138498645567	1.8776155031864552	1.0080186550983032	1.1182342209039502	1.3387967258030427	-1.0	-1.0	1.0789371744778102	-1.0	-1.0	-1.0	-1.0	-1.0	-1.0	-1.0	-1.0	1.1601708072347185	-1.0	-1.0	-1.0	-1.0	-1.0	-1.0	-1.0	-1.0	-1.0	-1.0	-1.0	-1.0	-1.0	-1.0	1.2285192497017081	1.8010486847083496	1.9142580787560661	-1.0	-1.0	-1.0	1.8013732418246844	-1.0	-1.0	1.7814701773087434	1.8026517912068651	-1.0	-1.0	-1.0	-1.0	1.8494878034583493	-1.0	1.1373022511665432	-1.0	-1.0	1.2399692789335206	1.0680303656201096	-1.0	-1.0	-1.0	-1.0	-1.0	-1.0	-1.0	-1.0	-1.0	-1.0	-1.0	1.1713450950616227	1.1879831112927768	1.0747859507823188
-1.0	-1.0	-1.0	-1.0	-1.0	1.833777101532787	1.594258178368436	1.8687159076174884	-1.0	1.9139752803919294	-1.0	1.8356628088003493	-1.0	-1.0	-1.0	1.763633722331123	-1.0	-1.0	-1.0	1.8876372529634302	-1.0	-1.0	-1.0	-1.0	1.7394541178883967	1.7524288418740204	1.7954495304439926	1.7875704946032889	1.6572608308682302	1.7389208226689175	-1.0	-1.0	1.7597157756885946	1.75667930591194	1.9454608462462792	1.8075385021330241	1.9054116525880704	-1.0	-1.0	-1.0	-1.0	-1.0	-1.0	-1.0	-1.0	-1.0	-1.0	-1.0	-1.0	-1.0	-1.0	-1.0	-1.0	-1.0	-1.0	-1.0	-1.0	-1.0	-1.0	-1.0	-1.0	-1.0	-1.0	-1.0	-1.0	1.7577198951934982	1.8452177782900043	-1.0	-1.0	-1.0	1.9579547912664745	-1.0	-1.0	1.8373145534265793	1.8474239608441718	-1.0	-1.0	-1.0	-1.0	1.7890840588349537	-1.0	1.678812910967426	-1.0	-1.0	-1.0	-1.0	-1.0	-1.0	-1.0	-1.0	-1.0	-1.0	-1.0	-1.0	-1.0	-1.0	-1.0	-1.0	-1.0	-1.0
-1.0	-1.0	-1.0	-1.0	-1.0	1.8901596157867002	1.946878248403956	1.746964174164358	-1.0	1.9165175478937129	-1.0	1.936084915131104	-1.0	-1.0	-1.0	1.95460094956664	-1.0	-1.0	-1.0	2.070386433898326	-1.0	-1.0	-1.0	-1.0	2.000303040543024	1.9568130031776334	1.6900508148546984	1.780275108099054	1.7749368927985008	2.0123023382598446	-1.0	-1.0	1.8988645843046148	1.6610155549821397	1.7984166810683315	1.7247884110259968	1.812340187167202	-1.0	-1.0	-1.0	-1.0	-1.0	-1.0	-1.0	-1.0	-1.0	-1.0	-1.0	-1.0	-1.0	-1.0	-1.0	-1.0	-1.0	-1.0	-1.0	-1.0	-1.0	-1.0	-1.0	-1.0	-1.0	-1.0	-1.0	-1.0	1.7246768604260392	1.8447923312515733	-1.0	-1.0	-1.0	1.9448928367964635	-1.0	-1.0	1.8494411274584097	1.986024239451187	-1.0	-1.0	-1.0	-1.0	1.8128994603621058	-1.0	1.7615696679267339	-1.0	-1.0	-1.0	-1.0	-1.0	-1.0	-1.0	-1.0	-1.0	-1.0	-1.0	-1.0	-1.0	-1.0	-1.0	-1.0	-1.0	-1.0
-1.0	-1.0	-1.0	-1.0	-1.0	-1.0	-1.0	-1.0	-1.0	-1.0	-1.0	-1.0	-1.0	-1.0	-1.0	-1.0	-1.0	-1.0	-1.0	-1.0	-1.0	-1.0	-1.0	-1.0	-1.0	-1.0	-1.0	-1.0	-1.0	-1.0	-1.0	-1.0	-1.0	-1.0	-1.0	-1.0	-1.0	-1.0	-1.0	-1.0	-1.0	-1.0	-1.0	-1.0	-1.0	-1.0	-1.0	-1.0	-1.0	-1.0	-1.0	-1.0	-1.0	-1.0	-1.0	-1.0	-1.0	-1.0	-1.0	-1.0	-1.0	-1.0	-1.0	-1.0	-1.0	-1.0	-1.0	-1.0	-1.0	-1.0	-1.0	-1.0	-1.0	-1.0	-1.0	-1.0	-1.0	-1.0	-1.0	-1.0	-1.0	-1.0	-1.0	-1.0	-1.0	-1.0	-1.0	-1.0	-1.0	-1.0	-1.0	-1.0	-1.0	-1.0	-1.0	-1.0	-1.0	-1.0	-1.0	-1.0
-1.0	-1.0	-1.0	-1.0	-1.0	-1.0	-1.0	-1.0	-1.0	-1.0	-1.0	-1.0	-1.0	-1.0	-1.0	-1.0	-1.0	-1.0	-1.0	-1.0	-1.0	-1.0	-1.0	-1.0	-1.0	-1.0	-1.0	-1.0	-1.0	-1.0	-1.0	-1.0	-1.0	-1.0	-1.0	-1.0	-1.0	-1.0	-1.0	-1.0	-1.0	-1.0	-1.0	-1.0	-1.0	-1.0	-1.0	-1.0	-1.0	-1.0	-1.0	-1.0	-1.0	-1.0	-1.0	-1.0	-1.0	-1.0	-1.0	-1.0	-1.0	-1.0	-1.0	-1.0	-1.0	-1.0	-1.0	-1.0	-1.0	-1.0	-1.0	-1.0	-1.0	-1.0	-1.0	-1.0	-1.0	-1.0	-1.0	-1.0	-1.0	-1.0	-1.0	-1.0	-1.0	-1.0	-1.0	-1.0	-1.0	-1.0	-1.0	-1.0	-1.0	-1.0	-1.0	-1.0	-1.0	-1.0	-1.0	-1.0
-1.0	-1.0	-1.0	-1.0	-1.0	-1.0	-1.0	-1.0	-1.0	-1.0	-1.0	-1.0	-1.0	-1.0	-1.0	-1.0	-1.0	-1.0	-1.0	-1.0	-1.0	-1.0	-1.0	-1.0	-1.0	-1.0	-1.0	-1.0	-1.0	-1.0	-1.0	-1.0	-1.0	-1.0	-1.0	-1.0	-1.0	-1.0	-1.0	-1.0	-1.0	-1.0	-1.0	-1.0	-1.0	-1.0	-1.0	-1.0	-1.0	-1.0	-1.0	-1.0	-1.0	-1.0	-1.0	-1.0	-1.0	-1.0	-1.0	-1.0	-1.0	-1.0	-1.0	-1.0	-1.0	-1.0	-1.0	-1.0	-1.0	-1.0	-1.0	-1.0	-1.0	-1.0	-1.0	-1.0	-1.0	-1.0	-1.0	-1.0	-1.0	-1.0	-1.0	-1.0	-1.0	-1.0	-1.0	-1.0	-1.0	-1.0	-1.0	-1.0	-1.0	-1.0	-1.0	-1.0	-1.0	-1.0	-1.0	-1.0
-1.0	-1.0	-1.0	-1.0	-1.0	-1.0	-1.0	-1.0	-1.0	-1.0	-1.0	-1.0	-1.0	-1.0	-1.0	-1.0	-1.0	-1.0	-1.0	-1.0	-1.0	-1.0	-1.0	-1.0	-1.0	-1.0	-1.0	-1.0	-1.0	-1.0	-1.0	-1.0	-1.0	-1.0	-1.0	-1.0	-1.0	-1.0	-1.0	-1.0	-1.0	-1.0	-1.0	-1.0	-1.0	-1.0	-1.0	-1.0	-1.0	-1.0	-1.0	-1.0	-1.0	-1.0	-1.0	-1.0	-1.0	-1.0	-1.0	-1.0	-1.0	-1.0	-1.0	-1.0	-1.0	-1.0	-1.0	-1.0	-1.0	-1.0	-1.0	-1.0	-1.0	-1.0	-1.0	-1.0	-1.0	-1.0	-1.0	-1.0	-1.0	-1.0	-1.0	-1.0	-1.0	-1.0	-1.0	-1.0	-1.0	-1.0	-1.0	-1.0	-1.0	-1.0	-1.0	-1.0	-1.0	-1.0	-1.0	-1.0
-1.0	-1.0	-1.0	-1.0	-1.0	-1.0	-1.0	-1.0	-1.0	-1.0	-1.0	-1.0	-1.0	-1.0	-1.0	-1.0	-1.0	-1.0	-1.0	-1.0	-1.0	-1.0	-1.0	-1.0	-1.0	-1.0	-1.0	-1.0	-1.0	-1.0	-1.0	-1.0	-1.0	-1.0	-1.0	-1.0	-1.0	-1.0	-1.0	-1.0	-1.0	-1.0	-1.0	-1.0	-1.0	-1.0	-1.0	-1.0	-1.0	-1.0	-1.0	-1.0	-1.0	-1.0	-1.0	-1.0	-1.0	-1.0	-1.0	-1.0	-1.0	-1.0	-1.0	-1.0	-1.0	-1.0	-1.0	-1.0	-1.0	-1.0	-1.0	-1.0	-1.0	-1.0	-1.0	-1.0	-1.0	-1.0	-1.0	-1.0	-1.0	-1.0	-1.0	-1.0	-1.0	-1.0	-1.0	-1.0	-1.0	-1.0	-1.0	-1.0	-1.0	-1.0	-1.0	-1.0	-1.0	-1.0	-1.0	-1.0
-1.0	-1.0	-1.0	-1.0	-1.0	-1.0	-1.0	-1.0	-1.0	-1.0	-1.0	-1.0	-1.0	-1.0	-1.0	-1.0	-1.0	-1.0	-1.0	-1.0	-1.0	-1.0	-1.0	-1.0	-1.0	-1.0	-1.0	-1.0	-1.0	-1.0	-1.0	-1.0	-1.0	-1.0	-1.0	-1.0	-1.0	-1.0	-1.0	-1.0	-1.0	-1.0	-1.0	-1.0	-1.0	-1.0	-1.0	-1.0	-1.0	-1.0	-1.0	-1.0	-1.0	-1.0	-1.0	-1.0	-1.0	-1.0	-1.0	-1.0	-1.0	-1.0	-1.0	-1.0	-1.0	-1.0	-1.0	-1.0	-1.0	-1.0	-1.0	-1.0	-1.0	-1.0	-1.0	-1.0	-1.0	-1.0	-1.0	-1.0	-1.0	-1.0	-1.0	-1.0	-1.0	-1.0	-1.0	-1.0	-1.0	-1.0	-1.0	-1.0	-1.0	-1.0	-1.0	-1.0	-1.0	-1.0	-1.0	-1.0
-1.0	-1.0	-1.0	-1.0	-1.0	-1.0	-1.0	-1.0	-1.0	-1.0	-1.0	-1.0	-1.0	-1.0	-1.0	-1.0	-1.0	-1.0	-1.0	-1.0	-1.0	-1.0	-1.0	-1.0	-1.0	-1.0	-1.0	-1.0	-1.0	-1.0	-1.0	-1.0	-1.0	-1.0	-1.0	-1.0	-1.0	-1.0	-1.0	-1.0	-1.0	-1.0	-1.0	-1.0	-1.0	-1.0	-1.0	-1.0	-1.0	-1.0	-1.0	-1.0	-1.0	-1.0	-1.0	-1.0	-1.0	-1.0	-1.0	-1.0	-1.0	-1.0	-1.0	-1.0	-1.0	-1.0	-1.0	-1.0	-1.0	-1.0	-1.0	-1.0	-1.0	-1.0	-1.0	-1.0	-1.0	-1.0	-1.0	-1.0	-1.0	-1.0	-1.0	-1.0	-1.0	-1.0	-1.0	-1.0	-1.0	-1.0	-1.0	-1.0	-1.0	-1.0	-1.0	-1.0	-1.0	-1.0	-1.0	-1.0
-1.0	-1.0	-1.0	-1.0	-1.0	-1.0	-1.0	-1.0	-1.0	-1.0	-1.0	-1.0	-1.0	-1.0	-1.0	-1.0	-1.0	-1.0	-1.0	-1.0	-1.0	-1.0	-1.0	-1.0	-1.0	-1.0	-1.0	-1.0	-1.0	-1.0	-1.0	-1.0	-1.0	-1.0	-1.0	-1.0	-1.0	-1.0	-1.0	-1.0	-1.0	-1.0	-1.0	-1.0	-1.0	-1.0	-1.0	-1.0	-1.0	-1.0	-1.0	-1.0	-1.0	-1.0	-1.0	-1.0	-1.0	-1.0	-1.0	-1.0	-1.0	-1.0	-1.0	-1.0	-1.0	-1.0	-1.0	-1.0	-1.0	-1.0	-1.0	-1.0	-1.0	-1.0	-1.0	-1.0	-1.0	-1.0	-1.0	-1.0	-1.0	-1.0	-1.0	-1.0	-1.0	-1.0	-1.0	-1.0	-1.0	-1.0	-1.0	-1.0	-1.0	-1.0	-1.0	-1.0	-1.0	-1.0	-1.0	-1.0
-1.0	-1.0	-1.0	-1.0	-1.0	-1.0	-1.0	-1.0	-1.0	-1.0	-1.0	-1.0	-1.0	-1.0	-1.0	-1.0	-1.0	-1.0	-1.0	-1.0	-1.0	-1.0	-1.0	-1.0	-1.0	-1.0	-1.0	-1.0	-1.0	-1.0	-1.0	-1.0	-1.0	-1.0	-1.0	-1.0	-1.0	-1.0	-1.0	-1.0	-1.0	-1.0	-1.0	-1.0	-1.0	-1.0	-1.0	-1.0	-1.0	-1.0	-1.0	-1.0	-1.0	-1.0	-1.0	-1.0	-1.0	-1.0	-1.0	-1.0	-1.0	-1.0	-1.0	-1.0	-1.0	-1.0	-1.0	-1.0	-1.0	-1.0	-1.0	-1.0	-1.0	-1.0	-1.0	-1.0	-1.0	-1.0	-1.0	-1.0	-1.0	-1.0	-1.0	-1.0	-1.0	-1.0	-1.0	-1.0	-1.0	-1.0	-1.0	-1.0	-1.0	-1.0	-1.0	-1.0	-1.0	-1.0	-1.0	-1.0
-1.0	-1.0	-1.0	-1.0	-1.0	-1.0	-1.0	-1.0	-1.0	-1.0	-1.0	-1.0	-1.0	-1.0	-1.0	-1.0	-1.0	-1.0	-1.0	-1.0	-1.0	-1.0	-1.0	-1.0	-1.0	-1.0	-1.0	-1.0	-1.0	-1.0	-1.0	-1.0	-1.0	-1.0	-1.0	-1.0	-1.0	-1.0	-1.0	-1.0	-1.0	-1.0	-1.0	-1.0	-1.0	-1.0	-1.0	-1.0	-1.0	-1.0	-1.0	-1.0	-1.0	-1.0	-1.0	-1.0	-1.0	-1.0	-1.0	-1.0	-1.0	-1.0	-1.0	-1.0	-1.0	-1.0	-1.0	-1.0	-1.0	-1.0	-1.0	-1.0	-1.0	-1.0	-1.0	-1.0	-1.0	-1.0	-1.0	-1.0	-1.0	-1.0	-1.0	-1.0	-1.0	-1.0	-1.0	-1.0	-1.0	-1.0	-1.0	-1.0	-1.0	-1.0	-1.0	-1.0	-1.0	-1.0	-1.0	-1.0
-1.0	-1.0	-1.0	-1.0	-1.0	-1.0	-1.0	-1.0	-1.0	-1.0	-1.0	-1.0	-1.0	-1.0	-1.0	-1.0	-1.0	-1.0	-1.0	-1.0	-1.0	-1.0	-1.0	-1.0	-1.0	-1.0	-1.0	-1.0	-1.0	-1.0	-1.0	-1.0	-1.0	-1.0	-1.0	-1.0	-1.0	-1.0	-1.0	-1.0	-1.0	-1.0	-1.0	-1.0	-1.0	-1.0	-1.0	-1.0	-1.0	-1.0	-1.0	-1.0	-1.0	-1.0	-1.0	-1.0	-1.0	-1.0	-1.0	-1.0	-1.0	-1.0	-1.0	-1.0	-1.0	-1.0	-1.0	-1.0	-1.0	-1.0	-1.0	-1.0	-1.0	-1.0	-1.0	-1.0	-1.0	-1.0	-1.0	-1.0	-1.0	-1.0	-1.0	-1.0	-1.0	-1.0	-1.0	-1.0	-1.0	-1.0	-1.0	-1.0	-1.0	-1.0	-1.0	-1.0	-1.0	-1.0	-1.0	-1.0
-1.0	-1.0	-1.0	-1.0	-1.0	-1.0	-1.0	-1.0	-1.0	-1.0	-1.0	-1.0	-1.0	-1.0	-1.0	-1.0	-1.0	-1.0	-1.0	-1.0	-1.0	-1.0	-1.0	-1.0	-1.0	-1.0	-1.0	-1.0	-1.0	-1.0	-1.0	-1.0	-1.0	-1.0	-1.0	-1.0	-1.0	-1.0	-1.0	-1.0	-1.0	-1.0	-1.0	-1.0	-1.0	-1.0	-1.0	-1.0	-1.0	-1.0	-1.0	-1.0	-1.0	-1.0	-1.0	-1.0	-1.0	-1.0	-1.0	-1.0	-1.0	-1.0	-1.0	-1.0	-1.0	-1.0	-1.0	-1.0	-1.0	-1.0	-1.0	-1.0	-1.0	-1.0	-1.0	-1.0	-1.0	-1.0	-1.0	-1.0	-1.0	-1.0	-1.0	-1.0	-1.0	-1.0	-1.0	-1.0	-1.0	-1.0	-1.0	-1.0	-1.0	-1.0	-1.0	-1.0	-1.0	-1.0	-1.0	-1.0
-1.0	-1.0	-1.0	-1.0	-1.0	-1.0	-1.0	-1.0	-1.0	-1.0	-1.0	-1.0	-1.0	-1.0	-1.0	-1.0	-1.0	-1.0	-1.0	-1.0	-1.0	-1.0	-1.0	-1.0	-1.0	-1.0	-1.0	-1.0	-1.0	-1.0	-1.0	-1.0	-1.0	-1.0	-1.0	-1.0	-1.0	-1.0	-1.0	-1.0	-1.0	-1.0	-1.0	-1.0	-1.0	-1.0	-1.0	-1.0	-1.0	-1.0	-1.0	-1.0	-1.0	-1.0	-1.0	-1.0	-1.0	-1.0	-1.0	-1.0	-1.0	-1.0	-1.0	-1.0	-1.0	-1.0	-1.0	-1.0	-1.0	-1.0	-1.0	-1.0	-1.0	-1.0	-1.0	-1.0	-1.0	-1.0	-1.0	-1.0	-1.0	-1.0	-1.0	-1.0	-1.0	-1.0	-1.0	-1.0	-1.0	-1.0	-1.0	-1.0	-1.0	-1.0	-1.0	-1.0	-1.0	-1.0	-1.0	-1.0
-1.0	-1.0	-1.0	-1.0	-1.0	-1.0	-1.0	-1.0	-1.0	-1.0	-1.0	-1.0	-1.0	-1.0	-1.0	-1.0	-1.0	-1.0	-1.0	-1.0	-1.0	-1.0	-1.0	-1.0	-1.0	-1.0	-1.0	-1.0	-1.0	-1.0	-1.0	-1.0	-1.0	-1.0	-1.0	-1.0	-1.0	-1.0	-1.0	-1.0	-1.0	-1.0	-1.0	-1.0	-1.0	-1.0	-1.0	-1.0	-1.0	-1.0	-1.0	-1.0	-1.0	-1.0	-1.0	-1.0	-1.0	-1.0	-1.0	-1.0	-1.0	-1.0	-1.0	-1.0	-1.0	-1.0	-1.0	-1.0	-1.0	-1.0	-1.0	-1.0	-1.0	-1.0	-1.0	-1.0	-1.0	-1.0	-1.0	-1.0	-1.0	-1.0	-1.0	-1.0	-1.0	-1.0	-1.0	-1.0	-1.0	-1.0	-1.0	-1.0	-1.0	-1.0	-1.0	-1.0	-1.0	-1.0	-1.0	-1.0
-1.0	-1.0	-1.0	-1.0	-1.0	-1.0	-1.0	-1.0	-1.0	-1.0	-1.0	-1.0	-1.0	-1.0	-1.0	-1.0	-1.0	-1.0	-1.0	-1.0	-1.0	-1.0	-1.0	-1.0	-1.0	-1.0	-1.0	-1.0	-1.0	-1.0	-1.0	-1.0	-1.0	-1.0	-1.0	-1.0	-1.0	-1.0	-1.0	-1.0	-1.0	-1.0	-1.0	-1.0	-1.0	-1.0	-1.0	-1.0	-1.0	-1.0	-1.0	-1.0	-1.0	-1.0	-1.0	-1.0	-1.0	-1.0	-1.0	-1.0	-1.0	-1.0	-1.0	-1.0	-1.0	-1.0	-1.0	-1.0	-1.0	-1.0	-1.0	-1.0	-1.0	-1.0	-1.0	-1.0	-1.0	-1.0	-1.0	-1.0	-1.0	-1.0	-1.0	-1.0	-1.0	-1.0	-1.0	-1.0	-1.0	-1.0	-1.0	-1.0	-1.0	-1.0	-1.0	-1.0	-1.0	-1.0	-1.0	-1.0
-1.0	1.2366281466265265	1.211031078840422	1.2120257630692177	1.1585631431317365	1.985403889757344	1.9165739507109834	1.180342065446316	1.341683198971859	1.9963049980612484	1.4663281717611225	0.9961789020666731	1.3985168503329206	1.2940455560920046	1.2013721310323844	1.7833090213256269	1.1031690992040777	1.4009649542198708	1.3223817669014306	1.1380266079840107	1.2113185899366454	1.0244661520469966	-1.0	-1.0	1.861731152273106	1.8415484049400503	1.9956916277059407	1.7503156952425016	1.7906304666147794	1.7942085865600248	1.208840237746687	-1.0	1.9116244232814337	2.014873366705925	1.8181216765287411	1.0016972039907763	1.158051881896106	1.267894260725963	-1.0	-1.0	1.2832200611374518	-1.0	-1.0	-1.0	-1.0	-1.0	-1.0	-1.0	-1.0	1.20643035416939	-1.0	-1.0	-1.0	-1.0	-1.0	-1.0	-1.0	-1.0	-1.0	-1.0	-1.0	-1.0	-1.0	1.571010884231425	1.2439811586712837	1.9956288194726737	1.7575625676955564	1.6684374236681485	1.1817435342697757	1.4376167879280997	1.8712545421725002	1.6090369011320267	1.2899456742320017	1.870638248858668	1.9005309689571157	1.5399451779449276	1.3569913626562058	1.4708274191681272	1.4939958900088433	1.902705869420043	1.581435133784465	1.1399453436994695	1.2584297869750605	1.3941011782138049	0.9997692433170995	1.1583494301000805	1.5219269515410192	1.5935141299855196	-1.0	-1.0	-1.0	-1.0	-1.0	-1.0	-1.0	-1.0	-1.0	1.029291614919998	0.992495290762929	1.2689076035153146
-1.0	-1.0	-1.0	-1.0	-1.0	-1.0	-1.0	-1.0	-1.0	-1.0	-1.0	-1.0	-1.0	-1.0	-1.0	-1.0	-1.0	-1.0	-1.0	-1.0	-1.0	-1.0	-1.0	-1.0	-1.0	-1.0	-1.0	-1.0	-1.0	-1.0	-1.0	-1.0	-1.0	-1.0	-1.0	-1.0	-1.0	-1.0	-1.0	-1.0	-1.0	-1.0	-1.0	-1.0	-1.0	-1.0	-1.0	-1.0	-1.0	-1.0	-1.0	-1.0	-1.0	-1.0	-1.0	-1.0	-1.0	-1.0	-1.0	-1.0	-1.0	-1.0	-1.0	1.4837659719588943	1.533641720670348	1.6608615290212643	1.6912362400983023	1.7621069271908278	1.6301507078876996	1.5814197862621187	1.575680176515712	1.6565496027750677	1.4026874920701984	1.7529356343954146	1.6254510513445224	1.5375510003890458	1.6315679902944533	1.5233837941391941	1.6363134979789606	1.5607957374321395	1.6520655011911736	1.636679579280595	1.6263670328399598	1.5625498795046946	1.7020515680650554	1.5496685696119914	1.6586851866452814	1.7491378847075225	-1.0	-1.0	-1.0	-1.0	-1.0	-1.0	-1.0	-1.0	-1.0	-1.0	-1.0	-1.0
-1.0	-1.0	-1.0	-1.0	-1.0	1.838773729061936	1.8794253055107237	1.7943252056230874	-1.0	1.8088838811933343	-1.0	1.6772757640281386	-1.0	-1.0	-1.0	1.8240126482611676	-1.0	-1.0	-1.0	1.824356048822205	-1.0	-1.0	-1.0	-1.0	1.9040244432989433	1.5800991993865097	1.8129863193968292	1.8166490755942388	1.9049396568663948	1.60526605347058	-1.0	-1.0	1.7722715096757073	1.8764982078412604	1.9464871603874614	1.6818553334780417	1.9440116398016536	-1.0	-1.0	-1.0	-1.0	-1.0	-1.0	-1.0	-1.0	-1.0	-1.0	-1.0	-1.0	-1.0	-1.0	-1.0	-1.0	-1.0	-1.0	-1.0	-1.0	-1.0	-1.0	-1.0	-1.0	-1.0	-1.0	1.3479851047605116	1.67725966759453	1.801003615634038	1.8631988768158114	1.5175472824541025	1.756643355740951	1.9531047083120763	1.8677824943759058	1.4994987654555183	1.5116634851793322	1.7283891710900867	1.694282399305787	1.4545527137955565	1.6987222147754855	1.781056378034541	1.6893843754020608	1.9336413001186288	1.6172264004255574	1.7875141132135002	1.535655049846704	1.529901147110506	1.4956460222583114	1.6998699078313644	1.6663207730485947	1.5031991119937516	-1.0	-1.0	-1.0	-1.0	-1.0	-1.0	-1.0	-1.0	-1.0	-1.0	-1.0	-1.0
-1.0	-1.0	-1.0	-1.0	-1.0	-1.0	-1.0	1.418194971774486	1.316233258927258	1.3163870893137664	1.4667590479269013	1.3300332608248613	1.248812760879602	1.4771149634274343	1.0651340774656606	1.4155499055155485	1.4332725529257755	1.357635025877234	1.25479898687652	1.3357979675206206	1.4228650241737637	1.3658682142010345	-1.0	-1.0	-1.0	-1.0	-1.0	-1.0	-1.0	-1.0	-1.0	-1.0	-1.0	-1.0	-1.0	-1.0	-1.0	-1.0	-1.0	-1.0	-1.0	-1.0	-1.0	-1.0	-1.0	-1.0	-1.0	-1.0	-1.0	-1.0	-1.0	-1.0	-1.0	-1.0	-1.0	-1.0	-1.0	-1.0	-1.0	-1.0	-1.0	-1.0	-1.0	1.7001607432820507	1.604633882841645	1.2097122280417785	1.6556241547151145	1.7076190485530178	1.2914611423334583	1.2749878517898048	1.6066155856564248	1.4753055008970728	1.2894472059830702	1.425077501982926	1.542345660715931	1.4702640994188272	1.4985967424311748	1.6095842892152996	1.5772336890885361	1.3611668442476943	1.5126182814867546	1.4134213791091934	1.0754234732320012	1.2563982279962251	1.5009269896100172	1.6832846911316934	1.897142110180574	1.6897518886128087	-1.0	-1.0	-1.0	-1.0	-1.0	-1.0	-1.0	-1.0	-1.0	-1.0	-1.0	-1.0
-1.0	-1.0	-1.0	-1.0	-1.0	1.8287171976117913	1.8213518480968283	1.9796716463761277	-1.0	1.9326522797772845	-1.0	1.669043327864761	-1.0	-1.0	-1.0	1.989606718764004	-1.0	-1.0	-1.0	1.7948028385409114	-1.0	-1.0	-1.0	-1.0	1.6962952866139425	1.9270953585547317	1.8137997366783987	1.698651576327904	1.8268626142184103	1.9404407412532132	-1.0	-1.0	1.9019032927993698	1.7186000201706324	1.787403566717155	1.778684814565475	2.0151613571805513	-1.0	-1.0	-1.0	-1.0	-1.0	-1.0	-1.0	-1.0	-1.0	-1.0	-1.0	-1.0	-1.0	-1.0	-1.0	-1.0	-1.0	-1.0	-1.0	-1.0	-1.0	-1.0	-1.0	-1.0	-1.0	-1.0	1.6829145928988358	1.5009393395103392	1.8807007849514024	1.9649207112919362	1.6139494960431753	1.8597707352924573	1.6889253798659831	1.9234063070400111	1.6553943952921526	1.821915098624862	1.8888841087821016	1.7167460420862417	1.3858997934522221	1.5881856599781292	1.681266442611052	1.5345855626731186	2.0031864064474982	1.7004833283349359	1.9843645165055583	1.5654536302049655	1.6547259966457142	1.5153541844134384	1.609769221468457	1.632974970773762	1.738295761018202	-1.0	-1.0	-1.0	-1.0	-1.0	-1.0	-1.0	-1.0	-1.0	-1.0	-1.0	-1.0
-1.0	0.9835462633858505	1.1612950777830633	1.1567545192827897	1.1477018165842676	1.6631816011749296	1.795130673606784	1.2612331782085204	-1.0	1.8160255374757535	-1.0	1.2073891282415146	-1.0	-1.0	1.1436873790972064	1.9372670992433387	1.107882265302504	-1.0	-1.0	1.0035710134602505	1.304962829725677	1.0027214491528091	-1.0	-1.0	1.7290320007382791	1.5512656847269266	1.7925754958371625	1.8124160198620431	1.9353620954797335	1.5807953083112753	0.8959111815377472	-1.0	1.9808287199329815	1.8800114815841624	1.6095147119171727	1.1622569157548344	1.1559922386258503	1.1391480480356622	-1.0	-1.0	1.124639098791791	-1.0	-1.0	-1.0	-1.0	-1.0	-1.0	-1.0	-1.0	0.9932456178304147	-1.0	-1.0	-1.0	-1.0	-1.0	-1.0	-1.0	-1.0	-1.0	-1.0	-1.0	-1.0	-1.0	1.6466601506560554	1.0009672731876007	1.8840145749868116	1.851079289253275	1.6157554862304848	1.6957564521785378	1.645230922721966	1.8549583684813908	1.6564423712757197	1.7377814800366853	1.8116314844455705	1.9388977281187794	1.625672770192112	1.4525971890923803	1.619774891763272	1.4756159711679058	1.884263659489671	1.4978230154981564	1.0677033173518256	1.6629814008377712	1.6349183108999652	1.1533787379839702	1.124954004487803	1.680880071933025	1.4634687970570046	-1.0	-1.0	-1.0	-1.0	-1.0	-1.0	-1.0	-1.0	-1.0	1.2238055676767376	1.29872826584401	1.1684642397343206
-1.0	1.0338362999911412	1.0681020800738	1.0757596446103228	1.206782408902955	-1.0	-1.0	1.1157108813738559	1.2854661136726366	1.3481583419661864	1.3497368075991387	1.1789796454908625	1.2042213646609927	1.2795996966018954	1.0617401129618687	1.2659501513050724	1.2227068784302892	1.4459023284738612	1.479749845852496	0.9455378272385341	1.2361219090119748	1.2751748677816146	-1.0	-1.0	-1.0	-1.0	-1.0	-1.0	-1.0	-1.0	0.9486134805592011	-1.0	-1.0	-1.0	-1.0	1.209915242371129	1.1132059362809457	1.0743915953408059	-1.0	-1.0	1.292000176466389	-1.0	-1.0	-1.0	-1.0	-1.0	-1.0	-1.0	-1.0	1.319619217464893	-1.0	-1.0	-1.0	-1.0	-1.0	-1.0	-1.0	-1.0	-1.0	-1.0	-1.0	-1.0	-1.0	1.5495315068210371	1.1882869380594139	1.2925461711401058	1.742840145110265	1.6430831994626414	1.3675347348338507	1.371985493054411	1.7699905568743974	1.6132523996880372	1.1957914182473002	1.3622582839225863	1.5370297496748528	1.3745259013498006	1.4058436954115978	1.7541662984562132	1.6226394023601578	1.463669416161551	1.736334906463721	0.9685785593693207	1.290639243450758	1.2905362049409297	0.9872266072809028	1.0818391042975872	1.5328565112162151	1.744683799658493	-1.0	-1.0	-1.0	-1.0	-1.0	-1.0	-1.0	-1.0	-1.0	1.1154461555413018	1.0693849682069243	1.21295980242226
-1.0	1.1427658715632574	1.1086982034732202	1.1903242371125837	1.189743211364957	1.7594945696388162	1.7500710291066386	1.1657360952278362	1.511755529628767	1.7386065855878365	1.1028777476282308	1.167203400946652	1.2933579593649005	1.3874044017426899	1.2276648967502486	1.9576428119226998	1.144779727907443	1.3956751750810759	1.2821049666504942	1.103374167099509	1.0194033081078409	1.2340031938382274	-1.0	-1.0	1.8625932500324434	1.6780075792080518	1.7681604077417252	1.796075158697119	1.7042979973716024	2.019218917087002	1.0936746725452196	-1.0	1.7841650651391874	1.69245682846466	1.891847535017246	0.9867554704605904	1.0782528415841546	1.0724386424150438	-1.0	-1.0	1.19543186474615	-1.0	-1.0	-1.0	-1.0	-1.0	-1.0	-1.0	-1.0	0.9127489539752822	-1.0	-1.0	-1.0	-1.0	-1.0	-1.0	-1.0	-1.0	-1.0	-1.0	-1.0	-1.0	-1.0	1.6658540185401582	1.220704879787301	1.7954283742578592	1.9926274523277199	1.6109133633662278	1.3612305193653265	1.3210885579810718	1.8756290724764244	1.4936948301935873	1.3544396634898517	1.8813248195126868	1.7696045230313264	1.5578879226732232	1.3671595119312745	1.5405680179585328	1.5590498895497553	1.9259232344092703	1.4255839178636438	1.2000433999133668	1.4141179254545422	1.40989848155835	1.1576015261839951	1.3157872372321846	1.762643769963485	1.7151283640438872	-1.0	-1.0	-1.0	-1.0	-1.0	-1.0	-1.0	-1.0	-1.0	1.1878452640542159	1.2031301103096195	1.2409213908073558
-1.0	-1.0	-1.0	-1.0	-1.0	-1.0	-1.0	1.3611451220298607	1.3872231489202045	1.393512484276135	1.336210372452955	1.296772495612135	1.0733120711089659	1.2454147220975955	1.4017631580611996	1.4596157738020088	1.4586047204753545	1.5139708254712623	1.3461731389748528	1.2086085433658222	1.3236362138767115	1.4020234267613025	-1.0	-1.0	-1.0	-1.0	-1.0	-1.0	-1.0	-1.0	-1.0	-1.0	-1.0	-1.0	-1.0	-1.0	-1.0	-1.0	-1.0	-1.0	-1.0	-1.0	-1.0	-1.0	-1.0	-1.0	-1.0	-1.0	-1.0	-1.0	-1.0	-1.0	-1.0	-1.0	-1.0	-1.0	-1.0	-1.0	-1.0	-1.0	-1.0	-1.0	-1.0	1.354468144069438	1.662801905368398	1.340682977410481	1.5382316301660324	1.705208825014721	1.2191578258697744	1.4473962386165513	1.51720684025148	1.5907598279517556	1.5255723486398698	1.2140695118238487	1.5714143836137489	1.4742712018493669	1.5450653864564596	1.5552196304928065	1.6767183403408348	1.2578932245883105	1.7469671109272755	1.3390634198638764	1.4160254962915007	1.1706256273845717	1.655962227685807	1.607514983055243	1.4919393430106944	1.5022997315762798	-1.0	-1.0	-1.0	-1.0	-1.0	-1.0	-1.0	-1.0	-1.0	-1.0	-1.0	-1.0
-1.0	-1.0	-1.0	-1.0	-1.0	1.9359612726694355	1.8610735148571238	1.8613041280463651	-1.0	1.9172051533983754	-1.0	1.8337445089905042	-1.0	-1.0	-1.0	1.7384917171135859	-1.0	-1.0	-1.0	1.906731634184119	-1.0	-1.0	-1.0	-1.0	1.927065626417837	1.8764852798363896	1.7281141092888679	1.687372643408552	1.8458865934949826	1.9206845984427376	-1.0	-1.0	1.7042055663295392	1.9571517779844791	1.838797491099674	1.8682034237266645	1.9268607076865194	-1.0	-1.0	-1.0	-1.0	-1.0	-1.0	-1.0	-1.0	-1.0	-1.0	-1.0	-1.0	-1.0	-1.0	-1.0	-1.0	-1.0	-1.0	-1.0	-1.0	-1.0	-1.0	-1.0	-1.0	-1.0	-1.0	1.6410032351534236	1.6274571561452902	1.7388076717329874	1.7321257756349078	1.6051908232142813	1.6743478463965906	1.7804807439921306	1.7620578998624081	1.6211679770496787	1.4965054014224657	1.9068139128693453	1.8585620908441303	1.6971421257772783	1.6424186086108612	1.7690099153556873	1.5265902639114577	1.7800356254367364	1.6253308625076945	1.7319958028005722	1.7054211032502655	1.7102592888058534	1.7404093326166117	1.6677728001445131	1.5448946104475496	1.8303143545147584	-1.0	-1.0	-1.0	-1.0	-1.0	-1.0	-1.0	-1.0	-1.0	-1.0	-1.0	-1.0
-1.0	1.2963215685601486	1.0736936984367602	1.081668486268657	1.1519477473200885	-1.0	-1.0	1.1000838554453878	1.1798831417360311	1.3335372549641396	1.2764250373567736	0.9488707642964661	1.4121084806329844	1.478457172256169	1.1200880861471714	1.2291025084733598	1.164893921694076	1.3119849964710464	1.3767186561297904	1.1895831127688021	0.9738160448848397	1.0055374870420304	-1.0	-1.0	-1.0	-1.0	-1.0	-1.0	-1.0	-1.0	1.1836389244048777	-1.0	-1.0	-1.0	-1.0	1.2735517916827357	1.0100225370147216	0.9563211725713506	-1.0	-1.0	1.1688014235133874	-1.0	-1.0	-1.0	-1.0	-1.0	-1.0	-1.0	-1.0	0.9784256775181441	-1.0	-1.0	-1.0	-1.0	-1.0	-1.0	-1.0	-1.0	-1.0	-1.0	-1.0	-1.0	-1.0	1.653916378688804	1.0694965854375367	1.2482961460109967	1.5954359141955639	1.5916202766701768	1.2326875894317402	1.1801838503797792	1.6216703631408405	1.6068823661479517	1.3521942486145693	1.567980435871373	1.550330999913457	1.4301376324159483	1.2965336333230122	1.6892296331097072	1.4942480315415159	1.289434403685952	1.523452351277629	1.0804740717274546	1.278258165560339	1.3676631662485907	1.0727786022166825	1.115346257637917	1.6983931269080035	1.7733819676695954	-1.0	-1.0	-1.0	-1.0	-1.0	-1.0	-1.0	-1.0	-1.0	1.1842819593046017	1.0230763704683596	1.2714840751736405
-1.0	-1.0	-1.0	-1.0	-1.0	-1.0	-1.0	1.3535727137641043	1.3027183772019733	1.5048442190939892	1.3181149765221976	1.229463689292752	1.4220171438351943	1.3983576366975579	1.322039720926723	1.3095951912643937	1.211017246170931	1.3934651187322564	1.38825653467685	1.3237452992760483	1.3395744275527706	1.3614942905386456	-1.0	-1.0	-1.0	-1.0	-1.0	-1.0	-1.0	-1.0	-1.0	-1.0	-1.0	-1.0	-1.0	-1.0	-1.0	-1.0	-1.0	-1.0	-1.0	-1.0	-1.0	-1.0	-1.0	-1.0	-1.0	-1.0	-1.0	-1.0	-1.0	-1.0	-1.0	-1.0	-1.0	-1.0	-1.0	-1.0	-1.0	-1.0	-1.0	-1.0	-1.0	1.4860482899244418	1.5522584860863886	1.3121106160595042	1.6105250010846766	1.6516065342933164	1.4834088079990282	1.1702444413689632	1.5496420345296766	1.5716918972031586	1.300542542962074	1.4487141545996807	1.51791580173509	1.6560962568323752	1.1962013687065731	1.4554283972318658	1.7310060001530383	1.399712894820369	1.489958490193875	1.1800867219166895	1.2535157834258226	1.566757853967089	1.7360888581354343	1.6320807587512363	1.5769783484082083	1.7041226026931535	-1.0	-1.0	-1.0	-1.0	-1.0	-1.0	-1.0	-1.0	-1.0	-1.0	-1.0	-1.0
-1.0	-1.0	-1.0	-1.0	-1.0	1.7575478736779706	1.7963137020510653	1.8598146968215084	1.30901552613209	1.8700011020666478	1.1897244858500642	1.8209890715521235	1.3531743355479289	1.3575860144894214	1.447165801925949	1.8173621455622253	1.3485240381661987	1.3767738072138564	1.354920817533111	1.828597001940874	1.3676611795546887	1.2891935637843757	-1.0	-1.0	1.806718811928443	1.879177818836516	1.8422254625890848	1.8952027889472156	1.846957585707816	1.6937076986580943	-1.0	-1.0	1.7421492239879897	1.5351427965023678	1.853673167390947	2.0684951598127834	1.8452708781193903	-1.0	-1.0	-1.0	-1.0	-1.0	-1.0	-1.0	-1.0	-1.0	-1.0	-1.0	-1.0	-1.0	-1.0	-1.0	-1.0	-1.0	-1.0	-1.0	-1.0	-1.0	-1.0	-1.0	-1.0	-1.0	-1.0	1.6533658312605108	1.717230693884424	1.7829952109761604	1.7677337021156316	1.6402777678884515	1.3039725686245263	1.296932217947366	1.9276221243806306	1.4744868038542474	1.3084520919843756	1.7412765728189283	1.858716924888568	1.5860052189499823	1.2197526308173328	1.5928461114116983	1.5314570772723202	1.8111490838632487	1.5590634970275186	1.783846631053056	1.346499940034322	1.0968011432306428	1.592502979364759	1.6006506050304357	1.5188278630746677	1.5905694490556028	-1.0	-1.0	-1.0	-1.0	-1.0	-1.0	-1.0	-1.0	-1.0	-1.0	-1.0	-1.0
-1.0	-1.0	-1.0	-1.0	-1.0	-1.0	-1.0	-1.0	-1.0	-1.0	-1.0	-1.0	-1.0	-1.0	-1.0	-1.0	-1.0	-1.0	-1.0	-1.0	-1.0	-1.0	-1.0	-1.0	-1.0	-1.0	-1.0	-1.0	-1.0	-1.0	-1.0	-1.0	-1.0	-1.0	-1.0	-1.0	-1.0	-1.0	-1.0	-1.0	-1.0	-1.0	-1.0	-1.0	-1.0	-1.0	-1.0	-1.0	-1.0	-1.0	-1.0	-1.0	-1.0	-1.0	-1.0	-1.0	-1.0	-1.0	-1.0	-1.0	-1.0	-1.0	-1.0	1.6128411766787154	1.6002750433455508	1.7990851416556684	1.7263800410244643	1.5203733746561556	1.4873018612614342	1.5844464799494742	1.6338289573193132	1.5566258541317657	1.427009695710788	1.5598553907032806	1.6473826686643052	1.561642395962341	1.4054819533216716	1.5901984638402802	1.579400707529559	1.7597987195940228	1.721698706270272	1.5526196911823424	1.754584285391485	1.587267426230004	1.458770349965553	1.6453592548172453	1.5930923244308008	1.4995636632166796	-1.0	-1.0	-1.0	-1.0	-1.0	-1.0	-1.0	-1.0	-1.0	-1.0	-1.0	-1.0
-1.0	1.2608018478605902	1.1396337622837664	1.078653762437243	1.1804076504025802	-1.0	-1.0	1.14323918910088	-1.0	-1.0	-1.0	1.1831837755786523	-1.0	-1.0	1.2562128600860478	-1.0	1.3286732780201858	-1.0	-1.0	0.9284432937466415	1.0760701316955552	0.8198201111020923	-1.0	-1.0	-1.0	-1.0	-1.0	-1.0	-1.0	-1.0	1.0896720321778006	-1.0	-1.0	-1.0	-1.0	1.0584862193976068	1.2046794734673505	1.1084897992090224	-1.0	-1.0	1.1954445751756573	-1.0	-1.0	-1.0	-1.0	-1.0	-1.0	-1.0	-1.0	1.3116975489931568	-1.0	-1.0	-1.0	-1.0	-1.0	-1.0	-1.0	-1.0	-1.0	-1.0	-1.0	-1.0	-1.0	1.619160388910683	1.0382746476028346	1.6149383571765554	1.6842964034994765	1.8816861341804554	1.6254022802607546	1.7300870037707858	1.489631823198063	1.7672157426401005	1.704317702614172	1.684873025999519	1.556990718006515	1.5020709553122167	1.7236406981480488	1.762481886515375	1.5996420219281224	1.4617966876366049	1.6157623446368024	1.1335416748342264	1.6091668474452814	1.6017742925232763	1.2192377334908098	1.1513418596993144	1.7171807817792415	1.5559893463250676	-1.0	-1.0	-1.0	-1.0	-1.0	-1.0	-1.0	-1.0	-1.0	1.2262319274305118	1.0464392392911925	1.0855787366446716
-1.0	-1.0	-1.0	-1.0	-1.0	-1.0	-1.0	1.328168311370516	1.3753002950704478	1.2379921928108997	1.1378882720624355	1.282858922694106	1.3262855508857951	1.293753821688076	1.30431449662691	1.3153489978029176	1.3060486816657855	1.398935251853021	1.29737483612502	1.2920821258778086	1.1422586976095455	1.241488703570285	-1.0	-1.0	-1.0	-1.0	-1.0	-1.0	-1.0	-1.0	-1.0	-1.0	-1.0	-1.0	-1.0	-1.0	-1.0	-1.0	-1.0	-1.0	-1.0	-1.0	-1.0	-1.0	-1.0	-1.0	-1.0	-1.0	-1.0	-1.0	-1.0	-1.0	-1.0	-1.0	-1.0	-1.0	-1.0	-1.0	-1.0	-1.0	-1.0	-1.0	-1.0	1.725241919317677	1.6636411332578336	1.3800909885890755	1.248439019429982	1.5630429271271593	1.4271202699169665	1.4368982395277659	1.627252559468183	1.655810242568713	1.1809193697722007	1.3316617350230793	1.6405308790487443	1.500632533053515	1.3593923872140607	1.7005734005343596	1.742058702194122	1.2447794233289224	1.7644585001654436	1.252046198894903	1.4030068575473789	1.1378807569725553	1.5053197717323834	1.6755752624016822	1.3287668969493553	1.513307034666782	-1.0	-1.0	-1.0	-1.0	-1.0	-1.0	-1.0	-1.0	-1.0	-1.0	-1.0	-1.0
-1.0	-1.0	-1.0	-1.0	-1.0	-1.0	-1.0	1.1855705278366662	1.2765675336837337	1.4313499535493572	1.404317569469808	1.3836275102022688	1.2823418596157539	1.430001893593804	1.2177030934425235	1.335239464682109	1.3646833110034506	1.4344511581598505	1.4145027409358948	1.4575792439786448	1.449455935885162	1.3205798406991753	-1.0	-1.0	-1.0	-1.0	-1.0	-1.0	-1.0	-1.0	-1.0	-1.0	-1.0	-1.0	-1.0	-1.0	-1.0	-1.0	-1.0	-1.0	-1.0	-1.0	-1.0	-1.0	-1.0	-1.0	-1.0	-1.0	-1.0	-1.0	-1.0	-1.0	-1.0	-1.0	-1.0	-1.0	-1.0	-1.0	-1.0	-1.0	-1.0	-1.0	-1.0	1.700596474423772	1.4461505350392625	1.2931897704637254	1.5536548569686535	1.6101505423933138	1.2810452337886737	1.3225048780760404	1.6357694272108192	1.5444983900355231	1.339163367345328	1.177710992345156	1.6742721011674504	1.4841512233437446	1.4790914428154864	1.657249946030362	1.3807155376581426	1.2160557975585604	1.740436799974454	1.2780481218664832	1.3988437642229243	1.489782880794154	1.8408117267463688	1.5984621842275384	1.6372932660797357	1.637499160158009	-1.0	-1.0	-1.0	-1.0	-1.0	-1.0	-1.0	-1.0	-1.0	-1.0	-1.0	-1.0
-1.0	-1.0	-1.0	-1.0	-1.0	-1.0	-1.0	1.5058113496527858	1.7240922574404687	1.2810877795667346	1.1692668595501625	1.3423273337968613	1.2183815407894536	1.2618914900077194	1.2172830026110237	1.4373885373973565	1.1932016360721807	1.3094413220821628	1.2486574346182504	1.3951826887542407	1.3263484097720162	1.2520634887037774	-1.0	-1.0	-1.0	-1.0	-1.0	-1.0	-1.0	-1.0	-1.0	-1.0	-1.0	-1.0	-1.0	-1.0	-1.0	-1.0	-1.0	-1.0	-1.0	-1.0	-1.0	-1.0	-1.0	-1.0	-1.0	-1.0	-1.0	-1.0	-1.0	-1.0	-1.0	-1.0	-1.0	-1.0	-1.0	-1.0	-1.0	-1.0	-1.0	-1.0	-1.0	1.6363884502389334	1.6937915086835824	1.2996310623274105	1.65643902180293	1.6013034078821158	1.054452011983398	1.5109650596750022	1.4700212273333935	1.7271829141742652	1.363966664314559	1.3956499334825125	1.6077554515579169	1.6026690346098451	1.3780397600445307	1.5849579680303438	1.61566205069833	1.346427680146765	1.651593221954857	1.425978179064316	1.3566910354900463	1.3894689100434372	1.6306409203098828	1.6202224321078373	1.5892394457057442	1.6735872531969127	-1.0	-1.0	-1.0	-1.0	-1.0	-1.0	-1.0	-1.0	-1.0	-1.0	-1.0	-1.0
-1.0	-1.0	-1.0	-1.0	-1.0	-1.0	-1.0	1.4847596194556572	1.2442921030155887	1.3667283260795902	1.4666009964319662	1.3233841524964478	1.3462101516406189	1.2946627490751375	1.1769214289557033	1.3997488238740947	1.4361473239510836	1.5388489851477163	1.3174369302406306	1.4632324338026146	1.2993784257237695	1.2834866020404347	-1.0	-1.0	-1.0	-1.0	-1.0	-1.0	-1.0	-1.0	-1.0	-1.0	-1.0	-1.0	-1.0	-1.0	-1.0	-1.0	-1.0	-1.0	-1.0	-1.0	-1.0	-1.0	-1.0	-1.0	-1.0	-1.0	-1.0	-1.0	-1.0	-1.0	-1.0	-1.0	-1.0	-1.0	-1.0	-1.0	-1.0	-1.0	-1.0	-1.0	-1.0	1.7171057994745793	1.790831826100389	1.1873233458249313	1.5799579792280058	1.5874022149592948	1.3032118135570383	1.2013297527843874	1.5424144665122765	1.617982896151377	1.6002250063348733	1.3055133133835686	1.7827194053135647	1.5745583849141256	1.4173663354509056	1.5387216474931003	1.737507734911361	1.263801377545168	1.8010697023528335	1.4380975640686264	1.3283178237442743	1.3700992638352074	1.5588664471066334	1.759262384196487	1.4766997376014916	1.669219691609859	-1.0	-1.0	-1.0	-1.0	-1.0	-1.0	-1.0	-1.0	-1.0	-1.0	-1.0	-1.0
-1.0	-1.0	-1.0	-1.0	-1.0	1.8773812105508287	1.8075585500597287	1.8882994678007143	-1.0	1.805092496138052	-1.0	1.8062197034230405	-1.0	-1.0	-1.0	1.6603089599946985	-1.0	-1.0	-1.0	1.7422582148918757	-1.0	-1.0	-1.0	-1.0	1.710946773164935	2.063223927418422	1.7165479672533388	1.7625140181847139	1.815600348555615	1.909548391067097	-1.0	-1.0	1.831606144441594	1.7799224724710332	1.817119118228402	1.8893394217674333	1.747037776312565	-1.0	-1.0	-1.0	-1.0	-1.0	-1.0	-1.0	-1.0	-1.0	-1.0	-1.0	-1.0	-1.0	-1.0	-1.0	-1.0	-1.0	-1.0	-1.0	-1.0	-1.0	-1.0	-1.0	-1.0	-1.0	-1.0	1.5300255521087451	1.771112221156137	1.853596915668541	1.900215148806947	1.5683782129852561	1.669246040725921	1.693773979204582	1.8035079509830516	1.7681759127310501	1.4690911660320787	1.748540609397693	1.7565497577153697	1.4642888366558657	1.6908057192683952	1.7086576871019117	1.5701193699222067	1.8053421582565834	1.6433928850996746	1.7835261796922346	1.530874669278199	1.6334369718988921	1.6644215271415306	1.5761114190662282	1.7885772632409047	1.6728236169561068	-1.0	-1.0	-1.0	-1.0	-1.0	-1.0	-1.0	-1.0	-1.0	-1.0	-1.0	-1.0
-1.0	-1.0	-1.0	-1.0	-1.0	-1.0	-1.0	-1.0	-1.0	-1.0	-1.0	-1.0	-1.0	-1.0	-1.0	-1.0	-1.0	-1.0	-1.0	-1.0	-1.0	-1.0	-1.0	-1.0	-1.0	-1.0	-1.0	-1.0	-1.0	-1.0	-1.0	-1.0	-1.0	-1.0	-1.0	-1.0	-1.0	-1.0	-1.0	-1.0	-1.0	-1.0	-1.0	-1.0	-1.0	-1.0	-1.0	-1.0	-1.0	-1.0	-1.0	-1.0	-1.0	-1.0	-1.0	-1.0	-1.0	-1.0	-1.0	-1.0	-1.0	-1.0	-1.0	1.463269846391546	1.6999641039675195	1.6328178847781039	1.684230373143798	1.5379872362414049	1.6060075197872028	1.5451561871041244	1.708161995001578	1.516035436500858	1.6112091765031527	1.5685324756687302	1.628872958416101	1.7504502559099278	1.549312643335737	1.5684143804924413	1.4418986560035856	1.4846008807029936	1.7073277122967734	1.5984313958857568	1.4074076875725785	1.72923549958331	1.6453084895626175	1.5405632084060814	1.5043122282431403	1.6968717938276956	-1.0	-1.0	-1.0	-1.0	-1.0	-1.0	-1.0	-1.0	-1.0	-1.0	-1.0	-1.0
-1.0	-1.0	-1.0	-1.0	-1.0	1.8222058291997545	1.6756489906513417	1.8757438388929284	-1.0	1.9717476020742581	-1.0	1.803840500174925	-1.0	-1.0	-1.0	1.81828417570202	-1.0	-1.0	-1.0	1.6640783970916297	-1.0	-1.0	-1.0	-1.0	1.8746723485919108	1.9135368781256934	1.7417323685182748	2.010631514135917	2.0263842111843577	1.8995757419691466	-1.0	-1.0	1.7490989462343918	1.9111984819823291	1.8836581838486626	1.9545749691667085	1.766963947970421	-1.0	-1.0	-1.0	-1.0	-1.0	-1.0	-1.0	-1.0	-1.0	-1.0	-1.0	-1.0	-1.0	-1.0	-1.0	-1.0	-1.0	-1.0	-1.0	-1.0	-1.0	-1.0	-1.0	-1.0	-1.0	-1.0	1.6387382563301747	1.625139735658438	1.7738494017670772	1.9476058317173242	1.4461684423234562	1.6048029498644596	1.6006697709299111	1.76379401058703	1.562077022017124	1.726671711290144	2.058119101689659	1.709684742344864	1.4614070913451265	1.5759680711933766	1.615479283252615	1.4890562196294217	1.739046568272589	1.3922480884010089	1.7285874491939577	1.6549483347568446	1.6217264732204415	1.6388646301611232	1.5760492394002044	1.6391028462491186	1.5372467022137748	-1.0	-1.0	-1.0	-1.0	-1.0	-1.0	-1.0	-1.0	-1.0	-1.0	-1.0	-1.0
-1.0	-1.0	-1.0	-1.0	-1.0	-1.0	-1.0	-1.0	-1.0	-1.0	-1.0	-1.0	-1.0	-1.0	-1.0	-1.0	-1.0	-1.0	-1.0	-1.0	-1.0	-1.0	-1.0	-1.0	-1.0	-1.0	-1.0	-1.0	-1.0	-1.0	-1.0	-1.0	-1.0	-1.0	-1.0	-1.0	-1.0	-1.0	-1.0	-1.0	-1.0	-1.0	-1.0	-1.0	-1.0	-1.0	-1.0	-1.0	-1.0	-1.0	-1.0	-1.0	-1.0	-1.0	-1.0	-1.0	-1.0	-1.0	-1.0	-1.0	-1.0	-1.0	-1.0	1.6056373603258187	1.804191394758829	1.6695136394066648	1.494761142691688	1.6583319801405167	1.5923716321861872	1.7440088139198038	1.7688290778452644	1.7003938209827552	1.7139787138132971	1.550629478704204	1.8309756850210837	1.5145081651467462	1.66054824884126	1.5565693274210575	1.767743619342009	1.5531595959668931	1.7843138450461278	1.8306175284849053	1.7620279282909475	1.5855559683384428	1.4890492685198191	1.566637057316873	1.5337753483857652	1.6523512439737404	-1.0	-1.0	-1.0	-1.0	-1.0	-1.0	-1.0	-1.0	-1.0	-1.0	-1.0	-1.0
-1.0	-1.0	-1.0	-1.0	-1.0	1.9692839443791197	1.873361060781206	1.9313253872159324	1.461268532913743	1.821325087526283	1.4403683768421278	1.7074158228884853	1.265585748222812	1.4643450699853897	1.1898719701237663	1.91558437390205	1.3216574372201133	1.3649496377952095	1.3883329526108485	1.7773851039226025	1.1697595611326759	1.463812266030235	-1.0	-1.0	1.8380554857280875	1.9341026008004425	1.900660911341765	1.90813160271322	1.9277022727086945	1.8730798569024534	-1.0	-1.0	1.9434500183225494	1.9189180835645607	1.8270450448123206	1.867467676055634	1.5609586576431447	-1.0	-1.0	-1.0	-1.0	-1.0	-1.0	-1.0	-1.0	-1.0	-1.0	-1.0	-1.0	-1.0	-1.0	-1.0	-1.0	-1.0	-1.0	-1.0	-1.0	-1.0	-1.0	-1.0	-1.0	-1.0	-1.0	1.738254634314585	1.5144165310861337	1.8282255888830847	1.835128523783809	1.6632863028778704	1.3159036670761985	1.300839290495202	1.7348791578889173	1.6153133427638946	1.421133821150787	1.7512237619778623	1.848970709085331	1.6103463522105987	1.4028997737658444	1.4761847819219356	1.5932084705139382	1.7557785041449472	1.65321969745199	1.7196242892595512	1.3273954177522704	1.3780931092391175	1.6387339807589834	1.6011375220951938	1.5476872599404707	1.475866518997673	-1.0	-1.0	-1.0	-1.0	-1.0	-1.0	-1.0	-1.0	-1.0	-1.0	-1.0	-1.0
-1.0	-1.0	-1.0	-1.0	-1.0	-1.0	-1.0	-1.0	-1.0	-1.0	-1.0	-1.0	-1.0	-1.0	-1.0	-1.0	-1.0	-1.0	-1.0	-1.0	-1.0	-1.0	-1.0	-1.0	-1.0	-1.0	-1.0	-1.0	-1.0	-1.0	-1.0	-1.0	-1.0	-1.0	-1.0	-1.0	-1.0	-1.0	-1.0	-1.0	-1.0	-1.0	-1.0	-1.0	-1.0	-1.0	-1.0	-1.0	-1.0	-1.0	-1.0	-1.0	-1.0	-1.0	-1.0	-1.0	-1.0	-1.0	-1.0	-1.0	-1.0	-1.0	-1.0	1.7378344177085372	1.5242588420447776	1.6695808446854041	1.6563008027137316	1.7064620967528954	1.725786211531412	1.7193444471712827	1.7597239539971499	1.4946995070570956	1.712990669536913	1.6115119870639918	1.695891225340153	1.6479646366185017	1.7346496116165107	1.6074128882278704	1.5739426303736614	1.6588211824657508	1.5876378627257215	1.6213587340973896	1.6158339210215438	1.504148233733236	1.4340982652389296	1.6499036362597554	1.5694894632135077	1.7827764555104213	-1.0	-1.0	-1.0	-1.0	-1.0	-1.0	-1.0	-1.0	-1.0	-1.0	-1.0	-1.0
-1.0	-1.0	-1.0	-1.0	-1.0	-1.0	-1.0	-1.0	-1.0	-1.0	-1.0	-1.0	-1.0	-1.0	-1.0	-1.0	-1.0	-1.0	-1.0	-1.0	-1.0	-1.0	-1.0	-1.0	-1.0	-1.0	-1.0	-1.0	-1.0	-1.0	-1.0	-1.0	-1.0	-1.0	-1.0	-1.0	-1.0	-1.0	-1.0	-1.0	-1.0	-1.0	-1.0	-1.0	-1.0	-1.0	-1.0	-1.0	-1.0	-1.0	-1.0	-1.0	-1.0	-1.0	-1.0	-1.0	-1.0	-1.0	-1.0	-1.0	-1.0	-1.0	-1.0	1.5979610289385915	1.6764252075464654	1.766968956714249	1.5927426941038307	1.540663866687057	1.6362098225904949	1.7375400405742234	1.6484694856314348	1.522943159983405	1.533142227884622	1.5505567692359075	1.6812733514627491	1.5856157910707689	1.573140874056413	1.6729604481265423	1.6996264150565725	1.6169595485266437	1.5788535580367142	1.7520007097213826	1.4974420359121867	1.6192037610167167	1.70761146016254	1.6131990387268849	1.6429779660212684	1.53018215331955	-1.0	-1.0	-1.0	-1.0	-1.0	-1.0	-1.0	-1.0	-1.0	-1.0	-1.0	-1.0
-1.0	-1.0	-1.0	-1.0	-1.0	-1.0	-1.0	-1.0	-1.0	-1.0	-1.0	-1.0	-1.0	-1.0	-1.0	-1.0	-1.0	-1.0	-1.0	-1.0	-1.0	-1.0	-1.0	-1.0	-1.0	-1.0	-1.0	-1.0	-1.0	-1.0	-1.0	-1.0	-1.0	-1.0	-1.0	-1.0	-1.0	-1.0	-1.0	-1.0	-1.0	-1.0	-1.0	-1.0	-1.0	-1.0	-1.0	-1.0	-1.0	-1.0	-1.0	-1.0	-1.0	-1.0	-1.0	-1.0	-1.0	-1.0	-1.0	-1.0	-1.0	-1.0	-1.0	-1.0	-1.0	-1.0	-1.0	-1.0	-1.0	-1.0	-1.0	-1.0	-1.0	-1.0	-1.0	-1.0	-1.0	-1.0	-1.0	-1.0	-1.0	-1.0	-1.0	-1.0	-1.0	-1.0	-1.0	-1.0	-1.0	-1.0	-1.0	-1.0	-1.0	-1.0	-1.0	-1.0	-1.0	-1.0	-1.0	-1.0
-1.0	1.1380796293125066	1.0049545370552433	1.0911735833523017	1.0217772870126964	-1.0	-1.0	0.9908988798682743	-1.0	-1.0	-1.0	0.9940110671479758	-1.0	-1.0	1.1481086626084198	-1.0	1.1040170893398893	-1.0	-1.0	1.0932986596761918	1.286375006396999	1.0513685863523488	-1.0	-1.0	-1.0	-1.0	-1.0	-1.0	-1.0	-1.0	1.0529451249935144	-1.0	-1.0	-1.0	-1.0	1.0413915816348185	1.2338253285800884	1.2963934229455591	-1.0	-1.0	1.1852453257334843	-1.0	-1.0	-1.0	-1.0	-1.0	-1.0	-1.0	-1.0	1.056838072135262	-1.0	-1.0	-1.0	-1.0	-1.0	-1.0	-1.0	-1.0	-1.0	-1.0	-1.0	-1.0	-1.0	-1.0	1.3439146246658222	-1.0	-1.0	-1.0	-1.0	-1.0	-1.0	-1.0	-1.0	-1.0	-1.0	-1.0	-1.0	-1.0	-1.0	-1.0	-1.0	0.8370054567284729	-1.0	-1.0	1.0724472583100157	1.139629921897824	-1.0	-1.0	-1.0	-1.0	-1.0	-1.0	-1.0	-1.0	-1.0	-1.0	-1.0	1.148642596264688	1.2785319701646745	1.1709783924538857
-1.0	1.054369679009527	1.3073179167616378	1.2844338488817262	1.017085798222061	-1.0	-1.0	1.0556900434417602	-1.0	-1.0	-1.0	1.3049397120046333	-1.0	-1.0	1.3014796031933131	-1.0	1.1871705362192668	-1.0	-1.0	1.1754760570118596	1.2471701670787891	1.0963738956156224	-1.0	-1.0	-1.0	-1.0	-1.0	-1.0	-1.0	-1.0	1.219896625685579	-1.0	-1.0	-1.0	-1.0	1.1738239197606055	1.0615065378578679	1.0324002933139607	-1.0	-1.0	1.1891971624680626	-1.0	-1.0	-1.0	-1.0	-1.0	-1.0	-1.0	-1.0	1.1741363855042348	-1.0	-1.0	-1.0	-1.0	-1.0	-1.0	-1.0	-1.0	-1.0	-1.0	-1.0	-1.0	-1.0	-1.0	1.061521880154363	-1.0	-1.0	-1.0	-1.0	-1.0	-1.0	-1.0	-1.0	-1.0	-1.0	-1.0	-1.0	-1.0	-1.0	-1.0	-1.0	1.0355826474781042	-1.0	-1.0	1.145969146993657	1.2640488477755563	-1.0	-1.0	-1.0	-1.0	-1.0	-1.0	-1.0	-1.0	-1.0	-1.0	-1.0	1.2587565160727185	1.1317580847840434	1.243092541486761
-1.0	1.1124694522685254	1.1838121106824258	1.1256539109790382	1.0673227864201908	-1.0	-1.0	1.1479685018754764	-1.0	-1.0	-1.0	0.9944926416954233	-1.0	-1.0	1.2220253430256844	-1.0	1.1373447775285925	-1.0	-1.0	1.300248286005882	1.1677041279718892	1.146680620550864	-1.0	-1.0	-1.0	-1.0	-1.0	-1.0	-1.0	-1.0	1.1603232437197761	-1.0	-1.0	-1.0	-1.0	1.0110559253828622	1.3055484314012895	1.0785808763790194	-1.0	-1.0	1.1382136220204484	-1.0	-1.0	-1.0	-1.0	-1.0	-1.0	-1.0	-1.0	1.144831735678561	-1.0	-1.0	-1.0	-1.0	-1.0	-1.0	-1.0	-1.0	-1.0	-1.0	-1.0	-1.0	-1.0	-1.0	0.9310966312946407	-1.0	-1.0	-1.0	-1.0	-1.0	-1.0	-1.0	-1.0	-1.0	-1.0	-1.0	-1.0	-1.0	-1.0	-1.0	-1.0	1.151670192926514	-1.0	-1.0	1.0159578501937174	1.2078133910313744	-1.0	-1.0	-1.0	-1.0	-1.0	-1.0	-1.0	-1.0	-1.0	-1.0	-1.0	1.2647771884301076	1.0893150087304189	1.1029664072381271
-1.0	1.0604052377006734	1.145219272692789	1.145035840041584	1.028012532752477	-1.0	-1.0	1.0662821593554177	-1.0	-1.0	-1.0	1.1355636142635255	-1.0	-1.0	1.190043181806787	-1.0	1.2006687871121735	-1.0	-1.0	1.0612515330957861	0.9613165235605102	1.0299418729029957	-1.0	-1.0	-1.0	-1.0	-1.0	-1.0	-1.0	-1.0	1.3099084357547073	-1.0	-1.0	-1.0	-1.0	1.3362037982563377	1.0393142777704414	1.0507337241588768	-1.0	-1.0	1.1672494463687282	-1.0	-1.0	-1.0	-1.0	-1.0	-1.0	-1.0	-1.0	1.2187684542498856	-1.0	-1.0	-1.0	-1.0	-1.0	-1.0	-1.0	-1.0	-1.0	-1.0	-1.0	-1.0	-1.0	-1.0	1.029738640531976	-1.0	-1.0	-1.0	-1.0	-1.0	-1.0	-1.0	-1.0	-1.0	-1.0	-1.0	-1.0	-1.0	-1.0	-1.0	-1.0	1.1331207812456197	-1.0	-1.0	1.3551325658171935	1.0681254511529985	-1.0	-1.0	-1.0	-1.0	-1.0	-1.0	-1.0	-1.0	-1.0	-1.0	-1.0	1.2225796958824844	1.0628164945724075	1.1588458781962117
-1.0	1.3072022221736117	1.3447742292062723	1.202168116239307	1.1904844489400428	-1.0	-1.0	1.078269905166594	-1.0	-1.0	-1.0	1.184805312077418	-1.0	-1.0	1.1649989775586809	-1.0	1.1324915883976507	-1.0	-1.0	0.9950498695303016	1.1125186794689712	1.240761026152677	-1.0	-1.0	-1.0	-1.0	-1.0	-1.0	-1.0	-1.0	1.091574828421487	-1.0	-1.0	-1.0	-1.0	1.1231735433581762	1.2033221811717931	1.261352498466943	-1.0	-1.0	1.1889817814321073	-1.0	-1.0	-1.0	-1.0	-1.0	-1.0	-1.0	-1.0	1.1317893168566766	-1.0	-1.0	-1.0	-1.0	-1.0	-1.0	-1.0	-1.0	-1.0	-1.0	-1.0	-1.0	-1.0	-1.0	1.1422499971451066	-1.0	-1.0	-1.0	-1.0	-1.0	-1.0	-1.0	-1.0	-1.0	-1.0	-1.0	-1.0	-1.0	-1.0	-1.0	-1.0	1.1683060422380083	-1.0	-1.0	1.1694474233235113	1.090558002544501	-1.0	-1.0	-1.0	-1.0	-1.0	-1.0	-1.0	-1.0	-1.0	-1.0	-1.0	0.9579127020649223	1.0934161076197928	1.1849663317686487
-1.0	-1.0	-1.0	-1.0	-1.0	-1.0	-1.0	-1.0	-1.0	-1.0	-1.0	-1.0	-1.0	-1.0	-1.0	-1.0	-1.0	-1.0	-1.0	-1.0	-1.0	-1.0	-1.0	-1.0	-1.0	-1.0	-1.0	-1.0	-1.0	-1.0	-1.0	-1.0	-1.0	-1.0	-1.0	-1.0	-1.0	-1.0	-1.0	-1.0	-1.0	-1.0	-1.0	-1.0	-1.0	-1.0	-1.0	-1.0	-1.0	-1.0	-1.0	-1.0	-1.0	-1.0	-1.0	-1.0	-1.0	-1.0	-1.0	-1.0	-1.0	-1.0	-1.0	-1.0	-1.0	-1.0	-1.0	-1.0	-1.0	-1.0	-1.0	-1.0	-1.0	-1.0	-1.0	-1.0	-1.0	-1.0	-1.0	-1.0	-1.0	-1.0	-1.0	-1.0	-1.0	-1.0	-1.0	-1.0	-1.0	-1.0	-1.0	-1.0	-1.0	-1.0	-1.0	-1.0	-1.0	-1.0	-1.0	-1.0
-1.0	-1.0	-1.0	-1.0	-1.0	-1.0	-1.0	-1.0	-1.0	-1.0	-1.0	-1.0	-1.0	-1.0	-1.0	-1.0	-1.0	-1.0	-1.0	-1.0	-1.0	-1.0	-1.0	-1.0	-1.0	-1.0	-1.0	-1.0	-1.0	-1.0	-1.0	-1.0	-1.0	-1.0	-1.0	-1.0	-1.0	-1.0	-1.0	-1.0	-1.0	-1.0	-1.0	-1.0	-1.0	-1.0	-1.0	-1.0	-1.0	-1.0	-1.0	-1.0	-1.0	-1.0	-1.0	-1.0	-1.0	-1.0	-1.0	-1.0	-1.0	-1.0	-1.0	-1.0	-1.0	-1.0	-1.0	-1.0	-1.0	-1.0	-1.0	-1.0	-1.0	-1.0	-1.0	-1.0	-1.0	-1.0	-1.0	-1.0	-1.0	-1.0	-1.0	-1.0	-1.0	-1.0	-1.0	-1.0	-1.0	-1.0	-1.0	-1.0	-1.0	-1.0	-1.0	-1.0	-1.0	-1.0	-1.0	-1.0
-1.0	1.0502930356813451	1.2977948522866523	1.168934667576306	1.1077083040772735	1.7004952398429793	1.8686549296608357	1.2249854866722512	-1.0	1.7670491764995486	-1.0	1.1294643262059647	-1.0	-1.0	1.1102124582342485	1.7885619968193773	1.1401713927232442	-1.0	-1.0	1.0275088354752628	1.2336595134101591	1.1036050934944288	-1.0	-1.0	1.8379576256726795	1.7073898987950717	1.9182672394330604	1.8083623846273276	1.771486237380989	1.852862433032503	1.1912347165072645	-1.0	1.7708806825550842	2.0419512125811736	1.868286378810827	1.2508370044380483	1.319451747374413	1.0505803575841415	-1.0	-1.0	1.1044892927520227	-1.0	-1.0	-1.0	-1.0	-1.0	-1.0	-1.0	-1.0	0.9846357149204992	-1.0	-1.0	-1.0	-1.0	-1.0	-1.0	-1.0	-1.0	-1.0	-1.0	-1.0	-1.0	-1.0	-1.0	1.2852251874965617	1.9134174361793224	1.9143918128940216	-1.0	-1.0	-1.0	1.7038935274193907	-1.0	-1.0	1.789894163393343	1.791101842310271	-1.0	-1.0	-1.0	-1.0	1.7966076834740812	-1.0	1.028705067217403	-1.0	-1.0	1.1267277937970863	1.244962399899392	-1.0	-1.0	-1.0	-1.0	-1.0	-1.0	-1.0	-1.0	-1.0	-1.0	-1.0	1.1934710011214518	1.0817329460191616	1.2304820271273453
-1.0	-1.0	-1.0	-1.0	-1.0	1.8346128742329861	1.9030571542280317	1.667546381649109	-1.0	1.7171862547701455	-1.0	1.709408495100286	-1.0	-1.0	-1.0	1.8171935905032162	-1.0	-1.0	-1.0	1.7720598368212679	-1.0	-1.0	-1.0	-1.0	1.8524057609328868	1.9917980135748028	1.6838098908717585	1.9380512877563059	1.8520785676084304	1.8066712511673941	-1.0	-1.0	1.9439306495230975	1.7854911195413834	2.038943825675904	1.9564008947111595	1.8657697394122914	-1.0	-1.0	-1.0	-1.0	-1.0	-1.0	-1.0	-1.0	-1.0	-1.0	-1.0	-1.0	-1.0	-1.0	-1.0	-1.0	-1.0	-1.0	-1.0	-1.0	-1.0	-1.0	-1.0	-1.0	-1.0	-1.0	-1.0	-1.0	1.8117673575686581	1.679170969292902	-1.0	-1.0	-1.0	1.6873801300387656	-1.0	-1.0	1.8925246165440048	1.7163392744613106	-1.0	-1.0	-1.0	-1.0	1.8478607566642478	-1.0	1.7984207370991125	-1.0	-1.0	-1.0	-1.0	-1.0	-1.0	-1.0	-1.0	-1.0	-1.0	-1.0	-1.0	-1.0	-1.0	-1.0	-1.0	-1.0	-1.0
-1.0	-1.0	-1.0	-1.0	-1.0	-1.0	-1.0	-1.0	-1.0	-1.0	-1.0	-1.0	-1.0	-1.0	-1.0	-1.0	-1.0	-1.0	-1.0	-1.0	-1.0	-1.0	-1.0	-1.0	-1.0	-1.0	-1.0	-1.0	-1.0	-1.0	-1.0	-1.0	-1.0	-1.0	-1.0	-1.0	-1.0	-1.0	-1.0	-1.0	-1.0	-1.0	-1.0	-1.0	-1.0	-1.0	-1.0	-1.0	-1.0	-1.0	-1.0	-1.0	-1.0	-1.0	-1.0	-1.0	-1.0	-1.0	-1.0	-1.0	-1.0	-1.0	-1.0	-1.0	-1.0	-1.0	-1.0	-1.0	-1.0	-1.0	-1.0	-1.0	-1.0	-1.0	-1.0	-1.0	-1.0	-1.0	-1.0	-1.0	-1.0	-1.0	-1.0	-1.0	-1.0	-1.0	-1.0	-1.0	-1.0	-1.0	-1.0	-1.0	-1.0	-1.0	-1.0	-1.0	-1.0	-1.0	-1.0	-1.0
-1.0	-1.0	-1.0	-1.0	-1.0	-1.0	-1.0	-1.0	-1.0	-1.0	-1.0	-1.0	-1.0	-1.0	-1.0	-1.0	-1.0	-1.0	-1.0	-1.0	-1.0	-1.0	-1.0	-1.0	-1.0	-1.0	-1.0	-1.0	-1.0	-1.0	-1.0	-1.0	-1.0	-1.0	-1.0	-1.0	-1.0	-1.0	-1.0	-1.0	-1.0	-1.0	-1.0	-1.0	-1.0	-1.0	-1.0	-1.0	-1.0	-1.0	-1.0	-1.0	-1.0	-1.0	-1.0	-1.0	-1.0	-1.0	-1.0	-1.0	-1.0	-1.0	-1.0	-1.0	-1.0	-1.0	-1.0	-1.0	-1.0	-1.0	-1.0	-1.0	-1.0	-1.0	-1.0	-1.0	-1.0	-1.0	-1.0	-1.0	-1.0	-1.0	-1.0	-1.0	-1.0	-1.0	-1.0	-1.0	-1.0	-1.0	-1.0	-1.0	-1.0	-1.0	-1.0	-1.0	-1.0	-1.0	-1.0	-1.0
-1.0	-1.0	-1.0	-1.0	-1.0	-1.0	-1.0	-1.0	-1.0	-1.0	-1.0	-1.0	-1.0	-1.0	-1.0	-1.0	-1.0	-1.0	-1.0	-1.0	-1.0	-1.0	-1.0	-1.0	-1.0	-1.0	-1.0	-1.0	-1.0	-1.0	-1.0	-1.0	-1.0	-1.0	-1.0	-1.0	-1.0	-1.0	-1.0	-1.0	-1.0	-1.0	-1.0	-1.0	-1.0	-1.0	-1.0	-1.0	-1.0	-1.0	-1.0	-1.0	-1.0	-1.0	-1.0	-1.0	-1.0	-1.0	-1.0	-1.0	-1.0	-1.0	-1.0	-1.0	-1.0	-1.0	-1.0	-1.0	-1.0	-1.0	-1.0	-1.0	-1.0	-1.0	-1.0	-1.0	-1.0	-1.0	-1.0	-1.0	-1.0	-1.0	-1.0	-1.0	-1.0	-1.0	-1.0	-1.0	-1.0	-1.0	-1.0	-1.0	-1.0	-1.0	-1.0	-1.0	-1.0	-1.0	-1.0	-1.0
-1.0	-1.0	-1.0	-1.0	-1.0	-1.0	-1.0	-1.0	-1.0	-1.0	-1.0	-1.0	-1.0	-1.0	-1.0	-1.0	-1.0	-1.0	-1.0	-1.0	-1.0	-1.0	-1.0	-1.0	-1.0	-1.0	-1.0	-1.0	-1.0	-1.0	-1.0	-1.0	-1.0	-1.0	-1.0	-1.0	-1.0	-1.0	-1.0	-1.0	-1.0	-1.0	-1.0	-1.0	-1.0	-1.0	-1.0	-1.0	-1.0	-1.0	-1.0	-1.0	-1.0	-1.0	-1.0	-1.0	-1.0	-1.0	-1.0	-1.0	-1.0	-1.0	-1.0	-1.0	-1.0	-1.0	-1.0	-1.0	-1.0	-1.0	-1.0	-1.0	-1.0	-1.0	-1.0	-1.0	-1.0	-1.0	-1.0	-1.0	-1.0	-1.0	-1.0	-1.0	-1.0	-1.0	-1.0	-1.0	-1.0	-1.0	-1.0	-1.0	-1.0	-1.0	-1.0	-1.0	-1.0	-1.0	-1.0	-1.0
-1.0	-1.0	-1.0	-1.0	-1.0	-1.0	-1.0	-1.0	-1.0	-1.0	-1.0	-1.0	-1.0	-1.0	-1.0	-1.0	-1.0	-1.0	-1.0	-1.0	-1.0	-1.0	-1.0	-1.0	-1.0	-1.0	-1.0	-1.0	-1.0	-1.0	-1.0	-1.0	-1.0	-1.0	-1.0	-1.0	-1.0	-1.0	-1.0	-1.0	-1.0	-1.0	-1.0	-1.0	-1.0	-1.0	-1.0	-1.0	-1.0	-1.0	-1.0	-1.0	-1.0	-1.0	-1.0	-1.0	-1.0	-1.0	-1.0	-1.0	-1.0	-1.0	-1.0	-1.0	-1.0	-1.0	-1.0	-1.0	-1.0	-1.0	-1.0	-1.0	-1.0	-1.0	-1.0	-1.0	-1.0	-1.0	-1.0	-1.0	-1.0	-1.0	-1.0	-1.0	-1.0	-1.0	-1.0	-1.0	-1.0	-1.0	-1.0	-1.0	-1.0	-1.0	-1.0	-1.0	-1.0	-1.0	-1.0	-1.0
-1.0	-1.0	-1.0	-1.0	-1.0	-1.0	-1.0	-1.0	-1.0	-1.0	-1.0	-1.0	-1.0	-1.0	-1.0	-1.0	-1.0	-1.0	-1.0	-1.0	-1.0	-1.0	-1.0	-1.0	-1.0	-1.0	-1.0	-1.0	-1.0	-1.0	-1.0	-1.0	-1.0	-1.0	-1.0	-1.0	-1.0	-1.0	-1.0	-1.0	-1.0	-1.0	-1.0	-1.0	-1.0	-1.0	-1.0	-1.0	-1.0	-1.0	-1.0	-1.0	-1.0	-1.0	-1.0	-1.0	-1.0	-1.0	-1.0	-1.0	-1.0	-1.0	-1.0	-1.0	-1.0	-1.0	-1.0	-1.0	-1.0	-1.0	-1.0	-1.0	-1.0	-1.0	-1.0	-1.0	-1.0	-1.0	-1.0	-1.0	-1.0	-1.0	-1.0	-1.0	-1.0	-1.0	-1.0	-1.0	-1.0	-1.0	-1.0	-1.0	-1.0	-1.0	-1.0	-1.0	-1.0	-1.0	-1.0	-1.0
-1.0	-1.0	-1.0	-1.0	-1.0	-1.0	-1.0	-1.0	-1.0	-1.0	-1.0	-1.0	-1.0	-1.0	-1.0	-1.0	-1.0	-1.0	-1.0	-1.0	-1.0	-1.0	-1.0	-1.0	-1.0	-1.0	-1.0	-1.0	-1.0	-1.0	-1.0	-1.0	-1.0	-1.0	-1.0	-1.0	-1.0	-1.0	-1.0	-1.0	-1.0	-1.0	-1.0	-1.0	-1.0	-1.0	-1.0	-1.0	-1.0	-1.0	-1.0	-1.0	-1.0	-1.0	-1.0	-1.0	-1.0	-1.0	-1.0	-1.0	-1.0	-1.0	-1.0	-1.0	-1.0	-1.0	-1.0	-1.0	-1.0	-1.0	-1.0	-1.0	-1.0	-1.0	-1.0	-1.0	-1.0	-1.0	-1.0	-1.0	-1.0	-1.0	-1.0	-1.0	-1.0	-1.0	-1.0	-1.0	-1.0	-1.0	-1.0	-1.0	-1.0	-1.0	-1.0	-1.0	-1.0	-1.0	-1.0	-1.0
-1.0	-1.0	-1.0	-1.0	-1.0	-1.0	-1.0	-1.0	-1.0	-1.0	-1.0	-1.0	-1.0	-1.0	-1.0	-1.0	-1.0	-1.0	-1.0	-1.0	-1.0	-1.0	-1.0	-1.0	-1.0	-1.0	-1.0	-1.0	-1.0	-1.0	-1.0	-1.0	-1.0	-1.0	-1.0	-1.0	-1.0	-1.0	-1.0	-1.0	-1.0	-1.0	-1.0	-1.0	-1.0	-1.0	-1.0	-1.0	-1.0	-1.0	-1.0	-1.0	-1.0	-1.0	-1.0	-1.0	-1.0	-1.0	-1.0	-1.0	-1.0	-1.0	-1.0	-1.0	-1.0	-1.0	-1.0	-1.0	-1.0	-1.0	-1.0	-1.0	-1.0	-1.0	-1.0	-1.0	-1.0	-1.0	-1.0	-1.0	-1.0	-1.0	-1.0	-1.0	-1.0	-1.0	-1.0	-1.0	-1.0	-1.0	-1.0	-1.0	-1.0	-1.0	-1.0	-1.0	-1.0	-1.0	-1.0	-1.0
-1.0	-1.0	-1.0	-1.0	-1.0	-1.0	-1.0	-1.0	-1.0	-1.0	-1.0	-1.0	-1.0	-1.0	-1.0	-1.0	-1.0	-1.0	-1.0	-1.0	-1.0	-1.0	-1.0	-1.0	-1.0	-1.0	-1.0	-1.0	-1.0	-1.0	-1.0	-1.0	-1.0	-1.0	-1.0	-1.0	-1.0	-1.0	-1.0	-1.0	-1.0	-1.0	-1.0	-1.0	-1.0	-1.0	-1.0	-1.0	-1.0	-1.0	-1.0	-1.0	-1.0	-1.0	-1.0	-1.0	-1.0	-1.0	-1.0	-1.0	-1.0	-1.0	-1.0	-1.0	-1.0	-1.0	-1.0	-1.0	-1.0	-1.0	-1.0	-1.0	-1.0	-1.0	-1.0	-1.0	-1.0	-1.0	-1.0	-1.0	-1.0	-1.0	-1.0	-1.0	-1.0	-1.0	-1.0	-1.0	-1.0	-1.0	-1.0	-1.0	-1.0	-1.0	-1.0	-1.0	-1.0	-1.0	-1.0	-1.0
-1.0	-1.0	-1.0	-1.0	-1.0	1.8605727592007906	1.8740962984053324	1.8796203529415894	-1.0	1.86889168282865	-1.0	1.932096904213004	-1.0	-1.0	-1.0	1.8878921714527657	-1.0	-1.0	-1.0	1.7294579277796742	-1.0	-1.0	-1.0	-1.0	1.595939706843871	1.911596866155067	1.9798202216312875	1.6882320731773433	1.8904127632280363	1.9817103263644562	-1.0	-1.0	1.7753740841438799	1.8804055985966754	1.9749939586392515	1.891570425443037	2.043162064381353	-1.0	-1.0	-1.0	-1.0	-1.0	-1.0	-1.0	-1.0	-1.0	-1.0	-1.0	-1.0	-1.0	-1.0	-1.0	-1.0	-1.0	-1.0	-1.0	-1.0	-1.0	-1.0	-1.0	-1.0	-1.0	-1.0	-1.0	-1.0	1.7642177566486459	1.9791410332299686	-1.0	-1.0	-1.0	1.7209220519723525	-1.0	-1.0	1.7095244281828883	1.9038207543769077	-1.0	-1.0	-1.0	-1.0	1.864815282743322	-1.0	1.7563037756399071	-1.0	-1.0	-1.0	-1.0	-1.0	-1.0	-1.0	-1.0	-1.0	-1.0	-1.0	-1.0	-1.0	-1.0	-1.0	-1.0	-1.0	-1.0
-1.0	-1.0	-1.0	-1.0	-1.0	1.9254666017812334	1.7606437408167241	1.818461124741264	-1.0	1.7433506055530386	-1.0	1.6878608286795143	-1.0	-1.0	-1.0	1.8326327896311319	-1.0	-1.0	-1.0	1.7296253371730654	-1.0	-1.0	-1.0	-1.0	1.9381063521289565	1.9426440062979209	1.9113950296652453	1.7995033192964542	1.8141019345033467	1.7421308624040268	-1.0	-1.0	1.8132364494064876	1.6954831855789099	1.904617656918103	1.955814147980081	1.7493800343476895	-1.0	-1.0	-1.0	-1.0	-1.0	-1.0	-1.0	-1.0	-1.0	-1.0	-1.0	-1.0	-1.0	-1.0	-1.0	-1.0	-1.0	-1.0	-1.0	-1.0	-1.0	-1.0	-1.0	-1.0	-1.0	-1.0	-1.0	-1.0	1.7313434274784387	1.7202177832666812	-1.0	-1.0	-1.0	1.7839866063555194	-1.0	-1.0	1.757611370581278	1.9003005924005596	-1.0	-1.0	-1.0	-1.0	1.7877520582738489	-1.0	1.7868403565089683	-1.0	-1.0	-1.0	-1.0	-1.0	-1.0	-1.0	-1.0	-1.0	-1.0	-1.0	-1.0	-1.0	-1.0	-1.0	-1.0	-1.0	-1.0
-1.0	1.1626943860907348	1.0507438087472956	1.2260595031786412	0.9898113220608544	1.7679676101374875	1.7432882183378051	1.1528191966897483	-1.0	1.758936918005057	-1.0	1.1070368457141093	-1.0	-1.0	1.0737491702945259	1.7186754389002754	1.1719476301787497	-1.0	-1.0	1.2257371350017012	0.9961971586113102	1.0382382149993048	-1.0	-1.0	1.7770833228520155	1.857229686112599	1.7558786090527492	1.6627798645283716	1.749994777890698	1.8069705981755435	1.2796344979943928	-1.0	1.8576195545961922	1.9834195989232788	1.927432354522971	1.1333011355354117	1.0463519420233187	0.9958859780629302	-1.0	-1.0	1.080295932801372	-1.0	-1.0	-1.0	-1.0	-1.0	-1.0	-1.0	-1.0	1.1470542636199892	-1.0	-1.0	-1.0	-1.0	-1.0	-1.0	-1.0	-1.0	-1.0	-1.0	-1.0	-1.0	-1.0	-1.0	1.1217860281745766	1.8275252836519356	1.8095786736833934	-1.0	-1.0	-1.0	1.9359844102213	-1.0	-1.0	1.6089926229829903	1.835586848232619	-1.0	-1.0	-1.0	-1.0	1.7551406488407664	-1.0	1.0967109663097512	-1.0	-1.0	1.164475263213303	1.3490859560262451	-1.0	-1.0	-1.0	-1.0	-1.0	-1.0	-1.0	-1.0	-1.0	-1.0	-1.0	1.1450989185059044	1.0457993492364217	1.1255573550565559
-1.0	-1.0	-1.0	-1.0	-1.0	1.8682401582962918	1.8333321904134108	1.5978152104997174	-1.0	1.6621517063457052	-1.0	1.8665524542125733	-1.0	-1.0	-1.0	1.8653504794028684	-1.0	-1.0	-1.0	1.6846960340927637	-1.0	-1.0	-1.0	-1.0	1.8008443017977802	1.631655712174541	1.885752119350547	1.9158161914948901	1.7647975875472959	1.7252393666941532	-1.0	-1.0	1.8923901316107652	1.8608710060516487	1.710557872348343	1.8426633589304784	1.7418637412909985	-1.0	-1.0	-1.0	-1.0	-1.0	-1.0	-1.0	-1.0	-1.0	-1.0	-1.0	-1.0	-1.0	-1.0	-1.0	-1.0	-1.0	-1.0	-1.0	-1.0	-1.0	-1.0	-1.0	-1.0	-1.0	-1.0	-1.0	-1.0	1.7542286953375774	1.913935050389654	-1.0	-1.0	-1.0	1.7294255841201218	-1.0	-1.0	1.8423299472370944	1.613116956649411	-1.0	-1.0	-1.0	-1.0	2.0054297605172224	-1.0	1.9656957207185672	-1.0	-1.0	-1.0	-1.0	-1.0	-1.0	-1.0	-1.0	-1.0	-1.0	-1.0	-1.0	-1.0	-1.0	-1.0	-1.0	-1.0	-1.0
-1.0	-1.0	-1.0	-1.0	-1.0	1.860984187431725	1.912320548610754	1.9300994898149133	-1.0	1.8121488997064517	-1.0	1.9139088007310918	-1.0	-1.0	-1.0	2.0103026503155874	-1.0	-1.0	-1.0	1.7935481738588233	-1.0	-1.0	-1.0	-1.0	1.7931086103868261	1.7445173070989224	1.7683069298236884	1.8476528669946874	1.9167548190427701	1.8059006086388305	-1.0	-1.0	1.6481511999938618	1.7670359585853272	1.937701548307099	1.772685763796175	1.8927553780634443	-1.0	-1.0	-1.0	-1.0	-1.0	-1.0	-1.0	-1.0	-1.0	-1.0	-1.0	-1.0	-1.0	-1.0	-1.0	-1.0	-1.0	-1.0	-1.0	-1.0	-1.0	-1.0	-1.0	-1.0	-1.0	-1.0	-1.0	-1.0	1.784847405287869	1.9569558987592084	-1.0	-1.0	-1.0	1.936759140574896	-1.0	-1.0	1.7814985151204001	1.9041710546759303	-1.0	-1.0	-1.0	-1.0	1.844063799935934	-1.0	1.6398358527675103	-1.0	-1.0	-1.0	-1.0	-1.0	-1.0	-1.0	-1.0	-1.0	-1.0	-1.0	-1.0	-1.0	-1.0	-1.0	-1.0	-1.0	-1.0
-1.0	-1.0	-1.0	-1.0	-1.0	2.0094526784704065	1.9160532189784336	1.7816675760948557	-1.0	1.9950071654475185	-1.0	1.8211425895573892	-1.0	-1.0	-1.0	1.92933590179288	-1.0	-1.0	-1.0	1.8366180853118659	-1.0	-1.0	-1.0	-1.0	1.8082470478395227	1.7846564771757334	1.7548003962196874	1.8304102674395266	1.8311310229524211	2.1289669060226624	-1.0	-1.0	1.9318972383003752	1.8227594648631438	1.7858090615049647	1.7657086388775856	1.922047672735357	-1.0	-1.0	-1.0	-1.0	-1.0	-1.0	-1.0	-1.0	-1.0	-1.0	-1.0	-1.0	-1.0	-1.0	-1.0	-1.0	-1.0	-1.0	-1.0	-1.0	-1.0	-1.0	-1.0	-1.0	-1.0	-1.0	-1.0	-1.0	1.7773878495709066	1.8911256766980342	-1.0	-1.0	-1.0	1.8428271136294156	-1.0	-1.0	1.799802306026862	1.7117067508644812	-1.0	-1.0	-1.0	-1.0	1.6966613852141548	-1.0	1.72021368183705	-1.0	-1.0	-1.0	-1.0	-1.0	-1.0	-1.0	-1.0	-1.0	-1.0	-1.0	-1.0	-1.0	-1.0	-1.0	-1.0	-1.0	-1.0
-1.0	-1.0	-1.0	-1.0	-1.0	-1.0	-1.0	1.1571418306051724	1.314077656067634	1.3775257622446644	1.4644942744080647	1.3597723698627346	1.2173431015254796	1.4353616449386657	1.3910382120883185	1.3280548249345852	1.2023945369897724	1.3937401525341229	1.3903317223980842	1.424641787188434	1.323212890289483	1.426957030987161	-1.0	-1.0	-1.0	-1.0	-1.0	-1.0	-1.0	-1.0	-1.0	-1.0	-1.0	-1.0	-1.0	-1.0	-1.0	-1.0	-1.0	-1.0	-1.0	-1.0	-1.0	-1.0	-1.0	-1.0	-1.0	-1.0	-1.0	-1.0	-1.0	-1.0	-1.0	-1.0	-1.0	-1.0	-1.0	-1.0	-1.0	-1.0	-1.0	-1.0	-1.0	-1.0	-1.0	1.4264599122248438	-1.0	-1.0	1.1488344798400796	1.39770146819266	-1.0	-1.0	1.4051868603199102	1.1109865987131693	-1.0	-1.0	1.2904052586246115	-1.0	-1.0	1.2156266156331372	-1.0	1.5116690678157234	1.438125158267334	1.3631046451894373	-1.0	-1.0	-1.0	-1.0	-1.0	-1.0	-1.0	-1.0	-1.0	-1.0	-1.0	-1.0	-1.0	-1.0	-1.0	-1.0
-1.0	-1.0	-1.0	-1.0	-1.0	1.6357840248199629	1.8598079579775508	1.9479924789540173	1.4402864174472776	1.825391385331512	1.3925882937706855	1.8493806021143153	1.3967514437478687	1.332736786705385	1.1964811245084581	1.9686744235886606	1.452038196581615	1.2910569920197963	1.3410355115008035	1.7786790735734312	1.4051310849605216	1.3166205154782245	-1.0	-1.0	1.9243231749700167	1.776486133823471	1.7322855501279224	2.054622241354026	1.9990899048972377	1.7310734202616382	-1.0	-1.0	1.7429036983293997	1.6900483414593699	1.7667558484606	1.8370576640328231	1.5112488698814517	-1.0	-1.0	-1.0	-1.0	-1.0	-1.0	-1.0	-1.0	-1.0	-1.0	-1.0	-1.0	-1.0	-1.0	-1.0	-1.0	-1.0	-1.0	-1.0	-1.0	-1.0	-1.0	-1.0	-1.0	-1.0	-1.0	-1.0	-1.0	1.6357601991479882	1.6836683492207776	-1.0	1.2517666679814896	1.0960826109906863	1.8276265974813537	-1.0	1.4970185889254854	1.7174240058209973	1.9238669463445826	-1.0	1.3211546257567872	-1.0	-1.0	1.7654491120983957	-1.0	1.862118382560325	1.327086687250865	1.4351973984001785	-1.0	-1.0	-1.0	-1.0	-1.0	-1.0	-1.0	-1.0	-1.0	-1.0	-1.0	-1.0	-1.0	-1.0	-1.0	-1.0
-1.0	1.1118470720890579	1.254580595823191	1.1332988233462244	1.1999756949172966	1.8895623046503596	1.684835296843275	1.1055442530604203	1.5119389117654305	1.7528577937727439	1.436895669552919	1.257360772814635	1.3665627185446951	1.2112256217934554	1.0635929753119366	1.8960305142056693	1.245114050023084	1.1300298242791564	1.220218654326298	0.9647264718890287	1.2148223097062727	1.2987800999290742	-1.0	-1.0	1.9935717120661676	1.8578634114290693	1.936584418919886	1.9122984859455145	1.6751839143011726	1.8827394405829454	1.059249350547451	-1.0	1.7297508094835217	1.9504245831059317	1.9022480811055211	1.2820276240323232	1.2721362046122096	1.076301807003287	-1.0	-1.0	1.1475323245970972	-1.0	-1.0	-1.0	-1.0	-1.0	-1.0	-1.0	-1.0	1.05727837923473	-1.0	-1.0	-1.0	-1.0	-1.0	-1.0	-1.0	-1.0	-1.0	-1.0	-1.0	-1.0	-1.0	-1.0	1.107900900480407	1.8213680520169202	1.7504430642249242	-1.0	1.4272465903974425	1.2425335208234298	1.7803840943473463	-1.0	1.3025725964831467	1.914975613671854	1.7482481310759488	-1.0	1.1989098276371652	-1.0	-1.0	1.8206978687347812	-1.0	1.2294662449310392	1.2451350437067374	1.3595551691949987	1.1659702018949456	1.2121042232343278	-1.0	-1.0	-1.0	-1.0	-1.0	-1.0	-1.0	-1.0	-1.0	-1.0	-1.0	1.3490152296353106	1.2827362238157507	1.014152999820821
-1.0	1.1539747807941643	1.080247898068059	1.1608597133946632	1.1303108011702878	1.7724690691561173	1.7557865045553829	1.1946975587042175	1.4980351051510663	1.8517727719669739	1.3382914419023801	1.2957851384733257	1.4174254077271509	1.4051163456193656	1.273485683493895	1.7556807672550876	1.2581928265902542	1.345144757545806	1.2322078391856859	1.2143703901696457	1.110374683853115	1.3035915090048176	-1.0	-1.0	1.7979708747095564	1.7223940021142428	1.801642070195915	1.8076317571908402	1.8463503317802947	1.7821828119906111	1.1573889365930066	-1.0	1.8499701360976233	1.9534807454228595	2.0013018927166097	1.020925133311802	1.0451511868539531	1.0938018730951562	-1.0	-1.0	1.135653574623065	-1.0	-1.0	-1.0	-1.0	-1.0	-1.0	-1.0	-1.0	1.1978890996851193	-1.0	-1.0	-1.0	-1.0	-1.0	-1.0	-1.0	-1.0	-1.0	-1.0	-1.0	-1.0	-1.0	-1.0	1.1368616392793423	1.9053169743235112	1.8537701214416078	-1.0	1.3046123964949887	1.3762103110484136	1.688442318423573	-1.0	1.3586519723997004	1.8136946712722808	1.8965444490296335	-1.0	1.3162107666952358	-1.0	-1.0	1.753671706823096	-1.0	0.9629090584631216	1.4394151879131936	1.2651445291796315	1.1468933273408795	1.2410764338303018	-1.0	-1.0	-1.0	-1.0	-1.0	-1.0	-1.0	-1.0	-1.0	-1.0	-1.0	1.1601953207503952	1.1934151242015942	1.2455846323873618
-1.0	-1.0	-1.0	-1.0	-1.0	-1.0	-1.0	1.3636865541671732	1.3905321594004265	1.6178164789927472	1.338087418661673	1.3362702318613777	1.199916325698203	1.295267944458867	1.4959625278358661	1.3863932193433572	1.3464475927772523	1.3261587845917635	1.3941790296188186	1.3238146709707972	1.4345509382304469	1.385527229787573	-1.0	-1.0	-1.0	-1.0	-1.0	-1.0	-1.0	-1.0	-1.0	-1.0	-1.0	-1.0	-1.0	-1.0	-1.0	-1.0	-1.0	-1.0	-1.0	-1.0	-1.0	-1.0	-1.0	-1.0	-1.0	-1.0	-1.0	-1.0	-1.0	-1.0	-1.0	-1.0	-1.0	-1.0	-1.0	-1.0	-1.0	-1.0	-1.0	-1.0	-1.0	-1.0	-1.0	1.3593788680858119	-1.0	-1.0	1.4812057462227723	1.2000849532763087	-1.0	-1.0	1.2793526718676407	1.3202744594792015	-1.0	-1.0	1.264376702226735	-1.0	-1.0	1.4263380491692574	-1.0	1.2897179774179721	1.4555071524782885	1.3189534962489264	-1.0	-1.0	-1.0	-1.0	-1.0	-1.0	-1.0	-1.0	-1.0	-1.0	-1.0	-1.0	-1.0	-1.0	-1.0	-1.0
-1.0	-1.0	-1.0	-1.0	-1.0	1.6693566059050895	1.817454346193575	1.8421680176616502	1.3505769789319397	1.8088512025008685	1.1790163640784597	1.7193358526948597	1.492297865501343	1.3204213188669751	1.1892370618266452	1.9294365548304289	1.4473880094663731	1.3843176078185115	1.3583031396995504	1.6150436800664594	1.564752359162214	1.2109514407995705	-1.0	-1.0	1.7012106957498425	1.6994653320932587	1.874589479114923	1.654170584974178	1.9853583191693156	1.8855384307739913	-1.0	-1.0	1.813352726277951	1.8512250063793583	1.9356291618434955	1.780653191735164	1.929912903968574	-1.0	-1.0	-1.0	-1.0	-1.0	-1.0	-1.0	-1.0	-1.0	-1.0	-1.0	-1.0	-1.0	-1.0	-1.0	-1.0	-1.0	-1.0	-1.0	-1.0	-1.0	-1.0	-1.0	-1.0	-1.0	-1.0	-1.0	-1.0	1.9253396764952875	1.8088707231904222	-1.0	1.3420334133018246	1.3408753073837512	1.8039055142340634	-1.0	1.2028626843483892	1.8201442917642008	1.7336086747217538	-1.0	1.2121194374068207	-1.0	-1.0	1.8378686315278625	-1.0	1.820904619286779	1.4189601285340974	1.31567616064948	-1.0	-1.0	-1.0	-1.0	-1.0	-1.0	-1.0	-1.0	-1.0	-1.0	-1.0	-1.0	-1.0	-1.0	-1.0	-1.0
-1.0	1.1904235336085325	1.009742238937924	1.0537464745592797	0.9901837571950387	-1.0	-1.0	1.1999802961794264	1.4253402223342315	1.4363908584381053	1.3405427474490152	1.1166231402182125	1.421421757636962	1.5055265701221106	1.1225112754474489	1.4279952029874214	1.0892104187352254	1.3066050357008108	1.4363162345276967	1.1834822763503463	1.018279512736448	1.2396141876407254	-1.0	-1.0	-1.0	-1.0	-1.0	-1.0	-1.0	-1.0	1.040956586334391	-1.0	-1.0	-1.0	-1.0	1.3284161401568888	1.0662910373576389	1.0637481523393246	-1.0	-1.0	1.271174914589948	-1.0	-1.0	-1.0	-1.0	-1.0	-1.0	-1.0	-1.0	1.071299184652536	-1.0	-1.0	-1.0	-1.0	-1.0	-1.0	-1.0	-1.0	-1.0	-1.0	-1.0	-1.0	-1.0	-1.0	1.1814209217424332	1.3878693161872844	-1.0	-1.0	1.3174814154755552	1.458308964217305	-1.0	-1.0	1.3423832793152408	1.0467905032197362	-1.0	-1.0	1.316407576853177	-1.0	-1.0	1.3065161366937927	-1.0	1.0595717210112472	1.4971820478692246	1.3296413964443747	1.1531402244484277	1.2795034072272486	-1.0	-1.0	-1.0	-1.0	-1.0	-1.0	-1.0	-1.0	-1.0	-1.0	-1.0	1.1156647788211929	1.2213587448004593	1.173207318607669
-1.0	0.9449661829729631	1.2540326683577845	1.0736266806213433	1.1730346969521794	-1.0	-1.0	0.9644197968590549	1.3428909463154566	1.2191992350236431	1.3528064859739535	1.1461941351029632	1.2662970409696495	1.262213305790891	1.1000572207013068	1.5696639718307486	1.085902468306874	1.2566528464360907	1.4130491973272878	1.3249444993824304	1.15953043572948	1.210890836979371	-1.0	-1.0	-1.0	-1.0	-1.0	-1.0	-1.0	-1.0	1.1682207078817495	-1.0	-1.0	-1.0	-1.0	1.3101845050745613	1.0045527223830544	1.1254236936151951	-1.0	-1.0	1.0091769423669341	-1.0	-1.0	-1.0	-1.0	-1.0	-1.0	-1.0	-1.0	1.0025583111491139	-1.0	-1.0	-1.0	-1.0	-1.0	-1.0	-1.0	-1.0	-1.0	-1.0	-1.0	-1.0	-1.0	-1.0	1.1094663137385914	1.1600227440707878	-1.0	-1.0	1.2956191457223032	1.4778164932031437	-1.0	-1.0	1.3866458003676505	1.286251038042946	-1.0	-1.0	1.426670070375837	-1.0	-1.0	1.4755176418705873	-1.0	1.3015144586878482	1.4952095582622889	1.2873615988889147	1.040081739867445	1.2890370201240597	-1.0	-1.0	-1.0	-1.0	-1.0	-1.0	-1.0	-1.0	-1.0	-1.0	-1.0	1.0991578160319229	1.0401726481536013	1.037924396867563
-1.0	1.1545887593338815	1.0314114717296359	1.1184574243295562	1.2152881764405723	-1.0	-1.0	1.0374086602765258	1.5093859070328575	1.4312013186680432	1.4676169769260916	1.3214512497394548	1.3966877197114982	1.372241893458408	1.2112789724943231	1.1487374055948898	1.1397789078901575	1.3902049625577482	1.4180163850085683	1.226207144069243	1.2623022104607946	1.0002810128638884	-1.0	-1.0	-1.0	-1.0	-1.0	-1.0	-1.0	-1.0	1.3312401025792204	-1.0	-1.0	-1.0	-1.0	1.1079757790765647	1.063816040421059	1.0724173844269957	-1.0	-1.0	1.218973832548878	-1.0	-1.0	-1.0	-1.0	-1.0	-1.0	-1.0	-1.0	1.048801165908699	-1.0	-1.0	-1.0	-1.0	-1.0	-1.0	-1.0	-1.0	-1.0	-1.0	-1.0	-1.0	-1.0	-1.0	1.2205272841017556	1.2690456904496794	-1.0	-1.0	1.294205853016747	1.463838393771664	-1.0	-1.0	1.4322629047624247	1.2972865400139015	-1.0	-1.0	1.3601099256642732	-1.0	-1.0	1.2073569598598675	-1.0	0.9985916288780061	1.1068988202334125	1.272707641920444	1.0763928455846399	1.1691371993672353	-1.0	-1.0	-1.0	-1.0	-1.0	-1.0	-1.0	-1.0	-1.0	-1.0	-1.0	1.28173662779379	1.179770334014022	1.306355521140153
-1.0	1.184019928158257	1.0746534024530794	1.318784644816806	1.0413847920601293	-1.0	-1.0	1.1241394495218195	1.4018448871954896	1.3015423434824067	1.3052819325461245	1.114307722730551	1.4773200137214724	1.2707981519977143	1.198728426206849	1.4545094605980018	1.1922344476971856	1.235984040585699	1.1556140067244478	1.2980112832511412	1.2596096383443773	0.9806409485832752	-1.0	-1.0	-1.0	-1.0	-1.0	-1.0	-1.0	-1.0	1.0466020178409718	-1.0	-1.0	-1.0	-1.0	1.2835277558403195	1.1060951643976173	1.0744126525728837	-1.0	-1.0	0.9740780739520211	-1.0	-1.0	-1.0	-1.0	-1.0	-1.0	-1.0	-1.0	1.1891666992097123	-1.0	-1.0	-1.0	-1.0	-1.0	-1.0	-1.0	-1.0	-1.0	-1.0	-1.0	-1.0	-1.0	-1.0	1.14760115131252	1.3025416209410703	-1.0	-1.0	1.437923814362634	1.17627515526154	-1.0	-1.0	1.363051821176226	1.4058353974875877	-1.0	-1.0	1.5050303030142933	-1.0	-1.0	1.4232690191321586	-1.0	1.1077560431024318	1.2781039256291267	1.4692229198355609	1.1109749064113368	1.0095554958187076	-1.0	-1.0	-1.0	-1.0	-1.0	-1.0	-1.0	-1.0	-1.0	-1.0	-1.0	1.2593032186698783	1.087481270232645	1.046084004019074
-1.0	-1.0	-1.0	-1.0	-1.0	-1.0	-1.0	1.3087882729523745	1.5167083750344925	1.4897962847237523	1.4432832434223064	1.347985477364499	1.388802439237275	1.3426845491443609	1.2894960706497633	1.640750347379736	1.426852100204261	1.2196879362694582	1.4328545888731519	1.2700690885193353	1.4077995054169845	1.094536195900205	-1.0	-1.0	-1.0	-1.0	-1.0	-1.0	-1.0	-1.0	-1.0	-1.0	-1.0	-1.0	-1.0	-1.0	-1.0	-1.0	-1.0	-1.0	-1.0	-1.0	-1.0	-1.0	-1.0	-1.0	-1.0	-1.0	-1.0	-1.0	-1.0	-1.0	-1.0	-1.0	-1.0	-1.0	-1.0	-1.0	-1.0	-1.0	-1.0	-1.0	-1.0	-1.0	-1.0	1.304699810149957	-1.0	-1.0	1.3103449577566169	1.478820307500663	-1.0	-1.0	1.3937450520777874	1.28829117164556	-1.0	-1.0	1.278009845471147	-1.0	-1.0	1.3181417597103426	-1.0	1.165012541504997	1.4179353107930974	0.9958039913820311	-1.0	-1.0	-1.0	-1.0	-1.0	-1.0	-1.0	-1.0	-1.0	-1.0	-1.0	-1.0	-1.0	-1.0	-1.0	-1.0
-1.0	-1.0	-1.0	-1.0	-1.0	-1.0	-1.0	-1.0	-1.0	-1.0	-1.0	-1.0	-1.0	-1.0	-1.0	-1.0	-1.0	-1.0	-1.0	-1.0	-1.0	-1.0	-1.0	-1.0	-1.0	-1.0	-1.0	-1.0	-1.0	-1.0	-1.0	-1.0	-1.0	-1.0	-1.0	-1.0	-1.0	-1.0	-1.0	-1.0	-1.0	-1.0	-1.0	-1.0	-1.0	-1.0	-1.0	-1.0	-1.0	-1.0	-1.0	-1.0	-1.0	-1.0	-1.0	-1.0	-1.0	-1.0	-1.0	-1.0	-1.0	-1.0	-1.0	-1.0	-1.0	-1.0	-1.0	-1.0	-1.0	-1.0	-1.0	-1.0	-1.0	-1.0	-1.0	-1.0	-1.0	-1.0	-1.0	-1.0	-1.0	-1.0	-1.0	-1.0	-1.0	-1.0	-1.0	-1.0	-1.0	-1.0	-1.0	-1.0	-1.0	-1.0	-1.0	-1.0	-1.0	-1.0	-1.0	-1.0
-1.0	-1.0	-1.0	-1.0	-1.0	-1.0	-1.0	-1.0	-1.0	-1.0	-1.0	-1.0	-1.0	-1.0	-1.0	-1.0	-1.0	-1.0	-1.0	-1.0	-1.0	-1.0	-1.0	-1.0	-1.0	-1.0	-1.0	-1.0	-1.0	-1.0	-1.0	-1.0	-1.0	-1.0	-1.0	-1.0	-1.0	-1.0	-1.0	-1.0	-1.0	-1.0	-1.0	-1.0	-1.0	-1.0	-1.0	-1.0	-1.0	-1.0	-1.0	-1.0	-1.0	-1.0	-1.0	-1.0	-1.0	-1.0	-1.0	-1.0	-1.0	-1.0	-1.0	-1.0	-1.0	-1.0	-1.0	-1.0	-1.0	-1.0	-1.0	-1.0	-1.0	-1.0	-1.0	-1.0	-1.0	-1.0	-1.0	-1.0	-1.0	-1.0	-1.0	-1.0	-1.0	-1.0	-1.0	-1.0	-1.0	-1.0	-1.0	-1.0	-1.0	-1.0	-1.0	-1.0	-1.0	-1.0	-1.0	-1.0
