100
100
-1.0	-1.0	-1.0	-1.0	-1.0	-1.0	-1.0	-1.0	-1.0	-1.0	-1.0	-1.0	-1.0	-1.0	-1.0	-1.0	-1.0	-1.0	-1.0	-1.0	-1.0	-1.0	-1.0	-1.0	-1.0	-1.0	-1.0	-1.0	-1.0	-1.0	-1.0	-1.0	-1.0	-1.0	-1.0	-1.0	-1.0	-1.0	-1.0	-1.0	-1.0	-1.0	-1.0	-1.0	-1.0	-1.0	-1.0	-1.0	-1.0	-1.0	-1.0	-1.0	-1.0	-1.0	-1.0	-1.0	-1.0	-1.0	-1.0	-1.0	-1.0	-1.0	-1.0	-1.0	-1.0	-1.0	-1.0	-1.0	-1.0	-1.0	-1.0	-1.0	-1.0	-1.0	-1.0	-1.0	-1.0	-1.0	-1.0	-1.0	-1.0	-1.0	-1.0	-1.0	-1.0	-1.0	-1.0	-1.0	-1.0	-1.0	-1.0	-1.0	-1.0	-1.0	-1.0	-1.0	-1.0	-1.0	-1.0	-1.0
-1.0	-1.0	-1.0	-1.0	-1.0	-1.0	-1.0	-1.0	-1.0	-1.0	-1.0	-1.0	-1.0	-1.0	-1.0	-1.0	-1.0	-1.0	-1.0	-1.0	-1.0	-1.0	-1.0	-1.0	-1.0	-1.0	-1.0	-1.0	-1.0	-1.0	-1.0	-1.0	-1.0	-1.0	-1.0	-1.0	-1.0	-1.0	-1.0	-1.0	-1.0	-1.0	-1.0	-1.0	-1.0	-1.0	-1.0	-1.0	-1.0	-1.0	-1.0	-1.0	-1.0	-1.0	-1.0	-1.0	-1.0	-1.0	-1.0	-1.0	-1.0	-1.0	-1.0	-1.0	-1.0	-1.0	-1.0	-1.0	-1.0	-1.0	-1.0	-1.0	-1.0	-1.0	-1.0	-1.0	-1.0	-1.0	-1.0	-1.0	-1.0	-1.0	-1.0	-1.0	-1.0	-1.0	-1.0	-1.0	-1.0	-1.0	-1.0	-1.0	-1.0	-1.0	-1.0	-1.0	-1.0	-1.0	-1.0	-1.0
-1.0	-1.0	-1.0	-1.0	-1.0	-1.0	-1.0	-1.0	-1.0	-1.0	-1.0	-1.0	-1.0	-1.0	-1.0	-1.0	-1.0	-1.0	-1.0	-1.0	-1.0	-1.0	-1.0	-1.0	-1.0	-1.0	-1.0	-1.0	-1.0	-1.0	-1.0	-1.0	-1.0	-1.0	-1.0	-1.0	-1.0	-1.0	-1.0	-1.0	-1.0	-1.0	-1.0	-1.0	-1.0	-1.0	-1.0	-1.0	-1.0	-1.0	-1.0	-1.0	-1.0	-1.0	-1.0	-1.0	-1.0	-1.0	-1.0	-1.0	-1.0	-1.0	-1.0	-1.0	-1.0	-1.0	-1.0	-1.0	-1.0	-1.0	-1.0	-1.0	-1.0	-1.0	-1.0	-1.0	-1.0	-1.0	-1.0	-1.0	-1.0	-1.0	-1.0	-1.0	-1.0	-1.0	-1.0	-1.0	-1.0	-1.0	-1.0	-1.0	-1.0	-1.0	-1.0	-1.0	-1.0	-1.0	-1.0	-1.0
-1.0	-1.0	-1.0	-1.0	-1.0	-1.0	-1.0	-1.0	-1.0	-1.0	-1.0	-1.0	-1.0	-1.0	-1.0	-1.0	-1.0	-1.0	-1.0	-1.0	-1.0	-1.0	-1.0	-1.0	-1.0	-1.0	-1.0	-1.0	-1.0	-1.0	-1.0	-1.0	-1.0	-1.0	-1.0	-1.0	-1.0	-1.0	-1.0	-1.0	-1.0	-1.0	-1.0	-1.0	-1.0	-1.0	-1.0	-1.0	-1.0	-1.0	-1.0	-1.0	-1.0	-1.0	-1.0	-1.0	-1.0	-1.0	-1.0	-1.0	-1.0	-1.0	-1.0	-1.0	-1.0	-1.0	-1.0	-1.0	-1.0	-1.0	-1.0	-1.0	-1.0	-1.0	-1.0	-1.0	-1.0	-1.0	-1.0	-1.0	-1.0	-1.0	-1.0	-1.0	-1.0	-1.0	-1.0	-1.0	-1.0	-1.0	-1.0	-1.0	-1.0	-1.0	-1.0	-1.0	-1.0	-1.0	-1.0	-1.0
-1.0	-1.0	-1.0	-1.0	-1.0	-1.0	-1.0	-1.0	-1.0	-1.0	-1.0	-1.0	-1.0	-1.0	-1.0	-1.0	-1.0	-1.0	-1.0	-1.0	-1.0	-1.0	-1.0	-1.0	-1.0	-1.0	-1.0	-1.0	-1.0	-1.0	-1.0	-1.0	-1.0	-1.0	-1.0	-1.0	-1.0	-1.0	-1.0	-1.0	-1.0	-1.0	-1.0	-1.0	-1.0	-1.0	-1.0	-1.0	-1.0	-1.0	-1.0	-1.0	-1.0	-1.0	-1.0	-1.0	-1.0	-1.0	-1.0	-1.0	-1.0	-1.0	-1.0	-1.0	-1.0	-1.0	-1.0	-1.0	-1.0	-1.0	-1.0	-1.0	-1.0	-1.0	-1.0	-1.0	-1.0	-1.0	-1.0	-1.0	-1.0	-1.0	-1.0	-1.0	-1.0	-1.0	-1.0	-1.0	-1.0	-1.0	-1.0	-1.0	-1.0	-1.0	-1.0	-1.0	-1.0	-1.0	-1.0	-1.0
-1.0	-1.0	-1.0	-1.0	-1.0	-1.0	-1.0	-1.0	-1.0	-1.0	-1.0	-1.0	-1.0	-1.0	-1.0	-1.0	-1.0	-1.0	-1.0	-1.0	-1.0	-1.0	-1.0	-1.0	-1.0	-1.0	-1.0	-1.0	-1.0	-1.0	-1.0	-1.0	-1.0	-1.0	-1.0	-1.0	-1.0	-1.0	-1.0	-1.0	-1.0	-1.0	-1.0	-1.0	-1.0	-1.0	-1.0	-1.0	-1.0	-1.0	-1.0	-1.0	-1.0	-1.0	-1.0	-1.0	-1.0	-1.0	-1.0	-1.0	-1.0	-1.0	-1.0	-1.0	-1.0	-1.0	-1.0	-1.0	-1.0	-1.0	-1.0	-1.0	-1.0	-1.0	-1.0	-1.0	-1.0	-1.0	-1.0	-1.0	-1.0	-1.0	-1.0	-1.0	-1.0	-1.0	-1.0	-1.0	-1.0	-1.0	-1.0	-1.0	-1.0	-1.0	-1.0	-1.0	-1.0	-1.0	-1.0	-1.0
-1.0	-1.0	-1.0	-1.0	-1.0	-1.0	-1.0	-1.0	-1.0	-1.0	-1.0	-1.0	-1.0	-1.0	-1.0	-1.0	-1.0	-1.0	-1.0	-1.0	-1.0	-1.0	-1.0	-1.0	-1.0	-1.0	-1.0	-1.0	-1.0	-1.0	-1.0	-1.0	-1.0	-1.0	-1.0	-1.0	-1.0	-1.0	-1.0	-1.0	-1.0	-1.0	-1.0	-1.0	-1.0	-1.0	-1.0	-1.0	-1.0	-1.0	-1.0	-1.0	-1.0	-1.0	-1.0	-1.0	-1.0	-1.0	-1.0	-1.0	-1.0	-1.0	-1.0	-1.0	-1.0	-1.0	-1.0	-1.0	-1.0	-1.0	-1.0	-1.0	-1.0	-1.0	-1.0	-1.0	-1.0	-1.0	-1.0	-1.0	-1.0	-1.0	-1.0	-1.0	-1.0	-1.0	-1.0	-1.0	-1.0	-1.0	-1.0	-1.0	-1.0	-1.0	-1.0	-1.0	-1.0	-1.0	-1.0	-1.0
-1.0	-1.0	-1.0	-1.0	-1.0	-1.0	-1.0	-1.0	-1.0	-1.0	-1.0	-1.0	-1.0	-1.0	-1.0	-1.0	-1.0	-1.0	-1.0	-1.0	-1.0	-1.0	-1.0	-1.0	-1.0	-1.0	-1.0	-1.0	-1.0	-1.0	-1.0	-1.0	-1.0	-1.0	-1.0	-1.0	-1.0	-1.0	-1.0	-1.0	-1.0	-1.0	-1.0	-1.0	-1.0	-1.0	-1.0	-1.0	-1.0	-1.0	-1.0	-1.0	-1.0	-1.0	-1.0	-1.0	-1.0	-1.0	-1.0	-1.0	-1.0	-1.0	-1.0	-1.0	-1.0	-1.0	-1.0	-1.0	-1.0	-1.0	-1.0	-1.0	-1.0	-1.0	-1.0	-1.0	-1.0	-1.0	-1.0	-1.0	-1.0	-1.0	-1.0	-1.0	-1.0	-1.0	-1.0	-1.0	-1.0	-1.0	-1.0	-1.0	-1.0	-1.0	-1.0	-1.0	-1.0	-1.0	-1.0	-1.0
-1.0	-1.0	-1.0	-1.0	-1.0	-1.0	-1.0	-1.0	-1.0	-1.0	-1.0	-1.0	-1.0	-1.0	-1.0	-1.0	-1.0	-1.0	-1.0	-1.0	-1.0	-1.0	-1.0	-1.0	-1.0	-1.0	-1.0	-1.0	-1.0	-1.0	-1.0	-1.0	-1.0	-1.0	-1.0	-1.0	-1.0	-1.0	-1.0	-1.0	-1.0	-1.0	-1.0	-1.0	-1.0	-1.0	-1.0	-1.0	-1.0	-1.0	-1.0	-1.0	-1.0	-1.0	-1.0	-1.0	-1.0	-1.0	-1.0	-1.0	-1.0	-1.0	-1.0	-1.0	-1.0	-1.0	-1.0	-1.0	-1.0	-1.0	-1.0	-1.0	-1.0	-1.0	-1.0	-1.0	-1.0	-1.0	-1.0	-1.0	-1.0	-1.0	-1.0	-1.0	-1.0	-1.0	-1.0	-1.0	-1.0	-1.0	-1.0	-1.0	-1.0	-1.0	-1.0	-1.0	-1.0	-1.0	-1.0	-1.0
-1.0	-1.0	-1.0	-1.0	-1.0	-1.0	-1.0	-1.0	-1.0	-1.0	-1.0	-1.0	-1.0	-1.0	-1.0	-1.0	-1.0	-1.0	-1.0	-1.0	-1.0	-1.0	-1.0	-1.0	-1.0	-1.0	-1.0	-1.0	-1.0	-1.0	-1.0	-1.0	-1.0	-1.0	-1.0	-1.0	-1.0	-1.0	-1.0	-1.0	-1.0	-1.0	-1.0	-1.0	-1.0	-1.0	-1.0	-1.0	-1.0	-1.0	-1.0	-1.0	-1.0	-1.0	-1.0	-1.0	-1.0	-1.0	-1.0	-1.0	-1.0	-1.0	-1.0	-1.0	-1.0	-1.0	-1.0	-1.0	-1.0	-1.0	-1.0	-1.0	-1.0	-1.0	-1.0	-1.0	-1.0	-1.0	-1.0	-1.0	-1.0	-1.0	-1.0	-1.0	-1.0	-1.0	-1.0	-1.0	-1.0	-1.0	-1.0	-1.0	-1.0	-1.0	-1.0	-1.0	-1.0	-1.0	-1.0	-1.0
-1.0	-1.0	-1.0	-1.0	-1.0	-1.0	-1.0	-1.0	-1.0	-1.0	-1.0	-1.0	-1.0	-1.0	-1.0	-1.0	-1.0	-1.0	-1.0	-1.0	-1.0	-1.0	-1.0	-1.0	-1.0	-1.0	-1.0	-1.0	-1.0	-1.0	-1.0	-1.0	-1.0	-1.0	-1.0	-1.0	-1.0	-1.0	-1.0	-1.0	-1.0	-1.0	-1.0	-1.0	-1.0	-1.0	-1.0	-1.0	-1.0	-1.0	-1.0	-1.0	-1.0	-1.0	-1.0	-1.0	-1.0	-1.0	-1.0	-1.0	-1.0	-1.0	-1.0	-1.0	-1.0	-1.0	-1.0	-1.0	-1.0	-1.0	-1.0	-1.0	-1.0	-1.0	-1.0	-1.0	-1.0	-1.0	-1.0	-1.0	-1.0	-1.0	-1.0	-1.0	-1.0	-1.0	-1.0	-1.0	-1.0	-1.0	-1.0	-1.0	-1.0	-1.0	-1.0	-1.0	-1.0	-1.0	-1.0	-1.0
-1.0	-1.0	-1.0	-1.0	-1.0	-1.0	1.359799065562374	1.5236758556610537	1.4410950266516724	1.4754048866888612	1.5533933015166095	1.3332731326893343	1.4098024412260401	1.4756538477652021	1.7011739528308543	1.6280827303017276	1.4670856761870839	1.448325368332146	1.460735736180273	1.4767413501545235	1.4080693823991237	1.4828538008611287	1.5350837993811826	1.6134370977657684	1.2896987081248237	1.3784887935158787	1.4837032989017254	1.4558566771236006	1.3931093120520721	1.3891095869078731	1.4351923220814629	1.6024233910886738	-1.0	-1.0	-1.0	-1.0	-1.0	-1.0	-1.0	-1.0	-1.0	-1.0	-1.0	-1.0	-1.0	-1.0	-1.0	-1.0	-1.0	-1.0	-1.0	-1.0	-1.0	-1.0	-1.0	-1.0	-1.0	-1.0	-1.0	-1.0	-1.0	-1.0	-1.0	-1.0	-1.0	-1.0	-1.0	-1.0	-1.0	-1.0	-1.0	-1.0	-1.0	-1.0	-1.0	-1.0	-1.0	-1.0	-1.0	-1.0	-1.0	-1.0	-1.0	-1.0	-1.0	-1.0	-1.0	-1.0	-1.0	-1.0	-1.0	-1.0	-1.0	-1.0	-1.0	-1.0	-1.0	-1.0	-1.0	-1.0
-1.0	-1.0	-1.0	-1.0	-1.0	-1.0	1.4999145756127705	1.6334306729233445	1.5810541442758772	1.5100070601097282	1.5717590851762138	1.6364406986189244	1.5301857355252153	1.5875252227019738	1.550138911852012	1.3684317683308833	1.4134790261901375	1.5397233220340119	1.5364383194078177	1.4349769607508496	1.6433828329773925	1.5170884779839706	1.5415211037980003	1.4061840478009553	1.475068786431306	1.6166449476100535	1.3973985621598775	1.5135128561105853	1.6908539418857234	1.6542963607155259	1.4197500282490707	1.6015004513679465	-1.0	-1.0	-1.0	-1.0	-1.0	-1.0	-1.0	-1.0	-1.0	-1.0	-1.0	-1.0	-1.0	-1.0	-1.0	-1.0	-1.0	-1.0	-1.0	-1.0	-1.0	-1.0	-1.0	-1.0	-1.0	-1.0	-1.0	-1.0	-1.0	-1.0	-1.0	-1.0	-1.0	-1.0	-1.0	-1.0	-1.0	-1.0	-1.0	-1.0	-1.0	-1.0	-1.0	-1.0	-1.0	-1.0	-1.0	-1.0	-1.0	-1.0	-1.0	-1.0	-1.0	-1.0	-1.0	-1.0	-1.0	-1.0	-1.0	-1.0	-1.0	-1.0	-1.0	-1.0	-1.0	-1.0	-1.0	-1.0
-1.0	-1.0	-1.0	-1.0	-1.0	-1.0	1.2719027503769729	1.478173179080904	1.595530031887953	1.383572230850945	1.540380486383879	1.4612817376253275	1.448488139557182	1.4581035117507835	1.5301436461945521	1.496483186686243	1.580323232984967	1.3126193859354043	1.3977770812649524	1.5253881250366723	1.485662612663105	1.468687788575737	1.5140454541100912	1.4995334933439675	1.53938236065245	1.4329454780949993	1.374788410400761	1.4224519151176067	1.4555201487824667	1.5364455590516337	1.570537007432552	1.4669086435283334	-1.0	-1.0	-1.0	-1.0	-1.0	-1.0	-1.0	-1.0	-1.0	-1.0	-1.0	-1.0	-1.0	-1.0	-1.0	-1.0	-1.0	-1.0	-1.0	-1.0	-1.0	-1.0	-1.0	-1.0	-1.0	-1.0	-1.0	-1.0	-1.0	-1.0	-1.0	-1.0	-1.0	-1.0	-1.0	-1.0	-1.0	-1.0	-1.0	-1.0	-1.0	-1.0	-1.0	-1.0	-1.0	-1.0	-1.0	-1.0	-1.0	-1.0	-1.0	-1.0	-1.0	-1.0	-1.0	-1.0	-1.0	-1.0	-1.0	-1.0	-1.0	-1.0	-1.0	-1.0	-1.0	-1.0	-1.0	-1.0
-1.0	-1.0	-1.0	-1.0	-1.0	-1.0	1.4042653971892773	1.4454899158929604	1.603266272753701	1.68043019964528	1.393825368573393	1.5692096497748078	1.5140914055375547	1.4201056340510305	1.6008875315598514	1.4674554488250269	1.603863979474167	1.480221828007215	1.4620402277089142	1.4968794772689	1.34364809656206	1.3535311094904237	1.5147395302928197	1.6468639362995445	1.3761062297597646	1.3347873905247565	1.5991256253360717	1.4267730674385748	1.3524694317789225	1.4960264241319872	1.5383288324914437	1.4742652794055555	-1.0	-1.0	-1.0	-1.0	-1.0	-1.0	-1.0	-1.0	-1.0	-1.0	-1.0	-1.0	-1.0	-1.0	-1.0	-1.0	-1.0	-1.0	-1.0	-1.0	-1.0	-1.0	-1.0	-1.0	-1.0	-1.0	-1.0	-1.0	-1.0	-1.0	-1.0	-1.0	-1.0	-1.0	-1.0	-1.0	-1.0	-1.0	-1.0	-1.0	-1.0	-1.0	-1.0	-1.0	-1.0	-1.0	-1.0	-1.0	-1.0	-1.0	-1.0	-1.0	-1.0	-1.0	-1.0	-1.0	-1.0	-1.0	-1.0	-1.0	-1.0	-1.0	-1.0	-1.0	-1.0	-1.0	-1.0	-1.0
-1.0	-1.0	-1.0	-1.0	-1.0	-1.0	1.490595733721282	1.4691651030187713	1.3905141054896912	1.4622183919258176	1.6741646977132274	1.6531900404445619	1.5046208359133342	1.5555451687810213	1.558660341061793	1.4234737448125052	1.5316314773620636	1.4724602706181835	1.5567523633291038	1.455236230160809	1.444367170811622	1.232948840130443	1.4830593566358814	1.5771819832683165	1.421506606169474	1.395401815371168	1.4361018704218595	1.6270534923001456	1.5102590210524423	1.4874830067218316	1.584896213044676	1.4841673608184713	-1.0	-1.0	-1.0	-1.0	-1.0	-1.0	-1.0	-1.0	-1.0	-1.0	-1.0	-1.0	-1.0	-1.0	-1.0	-1.0	-1.0	-1.0	-1.0	-1.0	-1.0	-1.0	-1.0	-1.0	-1.0	-1.0	-1.0	-1.0	-1.0	-1.0	-1.0	-1.0	-1.0	-1.0	-1.0	-1.0	-1.0	-1.0	-1.0	-1.0	-1.0	-1.0	-1.0	-1.0	-1.0	-1.0	-1.0	-1.0	-1.0	-1.0	-1.0	-1.0	-1.0	-1.0	-1.0	-1.0	-1.0	-1.0	-1.0	-1.0	-1.0	-1.0	-1.0	-1.0	-1.0	-1.0	-1.0	-1.0
-1.0	-1.0	-1.0	-1.0	-1.0	-1.0	1.4264822016737206	1.475052457670336	1.5867110824702029	1.4225910037440024	1.5894917092383	1.3946272353821485	1.5971824313418699	1.5067013170508854	1.5684030597020273	1.7949594700636178	1.3773445030581508	1.3684883903114953	1.4778700793127029	1.5289465011362533	1.3431240511000666	1.4708401681769345	1.3774003646484103	1.5723156415538508	1.3348271989721874	1.5193922779315523	1.431460846457451	1.4842480330056171	1.5822704013178162	1.7450682161347923	1.5004581314292829	1.3672342648018327	-1.0	-1.0	-1.0	-1.0	-1.0	-1.0	-1.0	-1.0	-1.0	-1.0	-1.0	-1.0	-1.0	-1.0	-1.0	-1.0	-1.0	-1.0	-1.0	-1.0	-1.0	-1.0	-1.0	-1.0	-1.0	-1.0	-1.0	-1.0	-1.0	-1.0	-1.0	-1.0	-1.0	-1.0	-1.0	-1.0	-1.0	-1.0	-1.0	-1.0	-1.0	-1.0	-1.0	-1.0	-1.0	-1.0	-1.0	-1.0	-1.0	-1.0	-1.0	-1.0	-1.0	-1.0	-1.0	-1.0	-1.0	-1.0	-1.0	-1.0	-1.0	-1.0	-1.0	-1.0	-1.0	-1.0	-1.0	-1.0
-1.0	-1.0	-1.0	-1.0	-1.0	-1.0	1.640427491965841	1.3513299631066515	1.6596282939023093	1.5187259066141086	1.4286182714460371	1.5219889371243323	1.6234175723742275	1.4401360930207117	1.5101336520161053	1.4156224086551465	1.4043046999871205	1.5932129151251677	1.4046417248632537	1.4728035859500654	1.3886827126477899	1.562937878373924	1.5182377567932714	1.4843746923298653	1.5975461189020503	1.5426971989317548	1.4338319144569633	1.449664084559308	1.5169556057364124	1.4807976523606239	1.3896323333403426	1.434353694806124	-1.0	-1.0	-1.0	-1.0	-1.0	-1.0	-1.0	-1.0	-1.0	-1.0	-1.0	-1.0	-1.0	-1.0	-1.0	-1.0	-1.0	-1.0	-1.0	-1.0	-1.0	-1.0	-1.0	-1.0	-1.0	-1.0	-1.0	-1.0	-1.0	-1.0	-1.0	-1.0	-1.0	-1.0	-1.0	-1.0	-1.0	-1.0	-1.0	-1.0	-1.0	-1.0	-1.0	-1.0	-1.0	-1.0	-1.0	-1.0	-1.0	-1.0	-1.0	-1.0	-1.0	-1.0	-1.0	-1.0	-1.0	-1.0	-1.0	-1.0	-1.0	-1.0	-1.0	-1.0	-1.0	-1.0	-1.0	-1.0
-1.0	-1.0	-1.0	-1.0	-1.0	-1.0	1.5115519016628354	1.473687016184073	1.3531900460403021	1.3826856706617008	1.5717744365958124	1.4878646060470488	1.6168939980412151	1.3034469444833447	1.4580112475611635	1.5560217354124612	1.5596373700381054	1.4674428685957424	1.4511991580090498	1.5073387092901183	1.6461952257521308	1.476357132448324	1.6788860644390213	1.5352449819054799	1.4686512312049964	1.3931001764546465	1.5573908537904166	1.3819317738055557	1.5090629622426097	1.541156489595343	1.4953552825659757	1.5321786816847454	-1.0	-1.0	-1.0	-1.0	-1.0	-1.0	-1.0	-1.0	-1.0	-1.0	-1.0	-1.0	-1.0	-1.0	-1.0	-1.0	-1.0	-1.0	-1.0	-1.0	-1.0	-1.0	-1.0	-1.0	-1.0	-1.0	-1.0	-1.0	-1.0	-1.0	-1.0	-1.0	-1.0	-1.0	-1.0	-1.0	-1.0	-1.0	-1.0	-1.0	-1.0	-1.0	-1.0	-1.0	-1.0	-1.0	-1.0	-1.0	-1.0	-1.0	-1.0	-1.0	-1.0	-1.0	-1.0	-1.0	-1.0	-1.0	-1.0	-1.0	-1.0	-1.0	-1.0	-1.0	-1.0	-1.0	-1.0	-1.0
1.4122811128591743	-1.0	1.3565790456665345	1.3796008484099453	1.54725511186371	1.3717299465146113	1.5393579860936357	1.4020663091209806	1.6039757174060998	1.2386783076348828	1.3866741593216125	1.6707134355714277	1.4875820604338137	1.446491713055078	1.4300524008127065	1.2742621558592724	1.7119028155388485	1.5203417713013585	1.381904131282896	1.6164040403422064	1.282719482329927	1.555276832779175	1.4579666109891705	1.5729022301061193	1.4861666065901786	1.3016270144044018	1.444343971613264	1.4270928796067774	1.5726370856234984	1.7198725819492642	1.544979569416742	1.4338401967995302	-1.0	-1.0	-1.0	-1.0	-1.0	-1.0	-1.0	-1.0	-1.0	-1.0	-1.0	-1.0	-1.0	-1.0	-1.0	-1.0	-1.0	-1.0	-1.0	-1.0	-1.0	1.4292857052899	1.553976590761423	1.3366637762265425	1.3789121527148922	1.2881369978501982	1.6764420164608327	1.6160740000710976	1.3043727325045047	1.4210828616993472	1.5745194626026788	-1.0	-1.0	-1.0	-1.0	-1.0	-1.0	-1.0	1.5087808220773256	1.5300131394782133	1.6516066384848525	1.4946516946539352	1.5356761126023644	1.5136183981779427	1.2654342583685212	1.4724745231084264	1.5501461485170125	1.5853155748724101	-1.0	-1.0	-1.0	-1.0	-1.0	-1.0	-1.0	-1.0	-1.0	-1.0	-1.0	-1.0	-1.0	-1.0	-1.0	-1.0	-1.0	-1.0	-1.0	-1.0
1.4172749608133866	-1.0	1.6105994573824967	1.4395344898138371	1.5671880259213207	1.4204148882551284	1.5051194617142203	1.4415120430760204	1.550381895324502	1.6723571297848814	1.5457945925616867	1.504392631139036	1.3443246752645042	1.5057421278959688	1.1677465608963677	1.6363908664793907	1.486752152134746	1.42571059681777	1.3665134738262696	1.4947106693799166	1.3585726594467706	1.2651912670643712	1.5368582402255402	1.5526682327808066	1.5036554196571803	1.491632524417036	1.4871944653439928	1.6437247418305763	1.3696410200959046	1.5139717311182896	1.6202077278516498	1.6941188317876765	-1.0	-1.0	-1.0	-1.0	-1.0	-1.0	-1.0	-1.0	-1.0	-1.0	-1.0	-1.0	-1.0	-1.0	-1.0	-1.0	-1.0	-1.0	-1.0	-1.0	-1.0	1.4584445113375053	1.470773893393946	1.5731628283831958	1.4876329999213505	1.5055544596608579	1.2350516459794638	1.4661058487986065	1.3870960490565527	1.403637486320754	1.5686802734665017	-1.0	-1.0	-1.0	-1.0	-1.0	-1.0	-1.0	1.6887644461329732	1.4018948727081628	1.478456770779263	1.6276710419511133	1.4182004029545399	1.5200746704410728	1.4371378895225748	1.5408006869577813	1.5634931745825575	1.4679634875084033	-1.0	-1.0	-1.0	-1.0	-1.0	-1.0	-1.0	-1.0	-1.0	-1.0	-1.0	-1.0	-1.0	-1.0	-1.0	-1.0	-1.0	-1.0	-1.0	-1.0
1.3003328101287157	-1.0	1.4380366880658941	1.520062377117434	1.4950417899469473	1.4646285688787006	1.2856904219738208	1.3949412388644646	1.4740006171265692	1.5004734275156895	1.4009110520447543	1.4152247084167877	1.4790434900277059	1.5770676596604452	1.4494107318077247	1.4452805774890853	1.4716861908354275	1.447233869663949	1.3791322804164272	1.457062121134459	1.539556423334308	1.4331856151242617	1.249661223048332	1.4925270850823538	1.4004300301122659	1.644989114922811	1.6064552311119185	1.3988256995290418	1.4312152042996917	1.5089650041412241	1.5073717149877228	1.45518401818328	-1.0	-1.0	-1.0	-1.0	-1.0	-1.0	-1.0	-1.0	-1.0	-1.0	-1.0	-1.0	-1.0	-1.0	-1.0	-1.0	-1.0	-1.0	-1.0	-1.0	-1.0	1.3421723674218584	1.4570322613856153	1.5739203376094177	1.5244196444316094	1.688106385025171	1.444677275551065	1.7014568350722636	1.4424853953774208	1.5077858024262714	1.3633976286651783	-1.0	-1.0	-1.0	-1.0	-1.0	-1.0	-1.0	1.6621393173415167	1.353766620096684	1.3525936998884047	1.300508068308649	1.4767816644788023	1.5277346659514253	1.4992953598202976	1.5092088368197167	1.6260709508621662	1.5515588930506359	-1.0	-1.0	-1.0	-1.0	-1.0	-1.0	-1.0	-1.0	-1.0	-1.0	-1.0	-1.0	-1.0	-1.0	-1.0	-1.0	-1.0	-1.0	-1.0	-1.0
1.4620075267741883	-1.0	1.514032198275706	1.5284022147466818	1.4329563908452028	1.3886821429430063	1.4721206215154472	1.4633277468294839	1.4120004482890856	1.5943168491092046	1.6012271985775484	1.5273336928556709	1.4501460932457517	1.4235734458366458	1.5876621165652747	1.44407085138412	1.5775347562881807	1.4744205364157388	1.4362591132106073	1.491452361016208	1.5054181283630104	1.5373628525521212	1.4793981219341041	1.472140879918518	1.6329858956972747	1.5507441686356376	1.6019591009460217	1.3702933606247996	1.4818884932495482	1.474977264374247	1.6962037128557996	1.5754306602065877	-1.0	-1.0	-1.0	-1.0	-1.0	-1.0	-1.0	-1.0	-1.0	-1.0	-1.0	-1.0	-1.0	-1.0	-1.0	-1.0	-1.0	-1.0	-1.0	-1.0	-1.0	1.3373839412381314	1.3660912186787557	1.439883471833412	1.347518253031179	1.619266454561035	1.256723105118836	1.5527469235360665	1.4321555932292678	1.5654829834488584	1.5160220297002431	-1.0	-1.0	-1.0	-1.0	-1.0	-1.0	-1.0	1.5388989369296586	1.296122948030224	1.4201120141688899	1.3669812072617156	1.592951142180055	1.521140992407849	1.5278073494401228	1.5094211890258697	1.3837793527017128	1.5699526547853022	-1.0	-1.0	-1.0	-1.0	-1.0	-1.0	-1.0	-1.0	-1.0	-1.0	-1.0	-1.0	-1.0	-1.0	-1.0	-1.0	-1.0	-1.0	-1.0	-1.0
1.5345267051228786	-1.0	1.4586650850839158	1.4842100072237288	1.474562420835469	1.454875049275454	1.413073008967411	1.36191372740085	1.7411291595043128	1.609072920392937	1.4070940168901658	1.3889104407520914	1.5521254247850775	1.3354585114245874	1.4897294204948903	1.6066290322598074	1.466265946844982	1.7225942165769732	1.440170725281877	1.4854535332351713	1.4845444276399535	1.619208655306025	1.4843472867606708	1.667980615590629	1.481307467524877	1.5796664131381326	1.6755879385268049	1.6332818218857181	1.5431211565598768	1.457185747077498	1.5861497438323633	1.3540711993748313	-1.0	-1.0	-1.0	-1.0	-1.0	-1.0	-1.0	-1.0	-1.0	-1.0	-1.0	-1.0	-1.0	-1.0	-1.0	-1.0	-1.0	-1.0	-1.0	-1.0	-1.0	1.157753664355358	1.5690410254826652	1.48932103416962	1.4784098937605452	1.3971108585745065	1.3672182901477197	1.478977866558396	1.1537194603695111	1.3877025195260848	1.481900526213487	-1.0	-1.0	-1.0	-1.0	-1.0	-1.0	-1.0	1.609005535673238	1.360416353745879	1.3681124041249497	1.4045597789887276	1.4817639351447274	1.4139394290426304	1.5740084138581185	1.4969107723043755	1.4395982849531062	1.5903298096719514	-1.0	-1.0	-1.0	-1.0	-1.0	-1.0	-1.0	-1.0	-1.0	-1.0	-1.0	-1.0	-1.0	-1.0	-1.0	-1.0	-1.0	-1.0	-1.0	-1.0
1.3337444317273393	-1.0	1.6081720440796616	1.376442464676873	1.5314925626006124	1.4027264687186645	1.4595855902943862	1.3629622214732238	1.4136653960182672	1.4736464965117597	1.5631024437549534	1.4908463868373858	1.5523034545784486	1.5596240283551785	1.3043364807179572	1.509802629641824	1.5320429717103319	1.312481741696875	1.6815019873947572	1.5122179322285252	1.5836161903754806	1.3557572781879466	1.4503617545608392	1.3498349443080189	1.546829770151342	1.5341881280382057	1.3872499363685222	1.4922611084513626	1.5965039766949052	1.407896567465896	1.5530881921725939	1.5408134976683319	-1.0	-1.0	-1.0	-1.0	-1.0	-1.0	-1.0	-1.0	-1.0	-1.0	-1.0	-1.0	-1.0	-1.0	-1.0	-1.0	-1.0	-1.0	-1.0	-1.0	-1.0	1.481514808472381	1.5487661686699556	1.3698579031701321	1.4317538442826978	1.4906299251231871	1.4411646263845566	1.6076278980413243	1.6488867768744373	1.5217760473717923	1.5326128472292713	-1.0	-1.0	-1.0	-1.0	-1.0	-1.0	-1.0	1.3887194376223053	1.571200714752381	1.5595785941663725	1.5575494717890863	1.5527098225103566	1.4292602177999236	1.5868785841110726	1.413179471516636	1.5268164184559028	1.62915037401095	-1.0	-1.0	-1.0	-1.0	-1.0	-1.0	-1.0	-1.0	-1.0	-1.0	-1.0	-1.0	-1.0	-1.0	-1.0	-1.0	-1.0	-1.0	-1.0	-1.0
1.4287202717287497	-1.0	1.379323093153911	1.418489739245958	1.6294324823248891	1.1491237836505432	1.4167929223620483	1.3592936080785087	1.3504221374811265	1.5152125937789815	1.4020928046464185	1.424315566515258	1.5391902108574673	1.5898534669717292	1.390461429394708	1.4702642799957961	1.312657790633645	1.5716905641419097	1.2569597320747166	1.4637751495005655	1.4202663220687328	1.3174432046189817	1.4119515892551604	1.5615361837256945	1.2806632609383966	1.3220847462748395	1.613637255634562	1.581807645494885	1.6436918037989243	1.3872882970252962	1.2290210396976766	1.353464950069802	-1.0	-1.0	-1.0	-1.0	-1.0	-1.0	-1.0	-1.0	-1.0	-1.0	-1.0	-1.0	-1.0	-1.0	-1.0	-1.0	-1.0	-1.0	-1.0	-1.0	-1.0	1.4527297329168198	1.478371091977914	1.410568407976002	1.328855005203399	1.6249380928247492	1.3724483095742215	1.41927219639731	1.5029822401166189	1.2705139807978907	1.3691728738290978	-1.0	-1.0	-1.0	-1.0	-1.0	-1.0	-1.0	1.3498717831925546	1.481113139836202	1.3967480504084875	1.3861905259932854	1.4761700475878012	1.479187462887401	1.5978215723346447	1.456597045034443	1.3060284789342198	1.5215037968575664	-1.0	-1.0	-1.0	-1.0	-1.0	-1.0	-1.0	-1.0	-1.0	-1.0	-1.0	-1.0	-1.0	-1.0	-1.0	-1.0	-1.0	-1.0	-1.0	-1.0
1.4581459667083652	-1.0	1.4581535973065534	1.4321576301919057	1.5597791363966027	1.3699206122665981	1.3898190480545847	1.5473479391536933	1.3219029560656252	1.3482208428933218	1.486064655883384	1.3619693037605247	1.3912851945908962	1.5602216465497576	1.5649881035075899	1.5765370885086776	1.5891769987291713	1.5649203362451722	1.5175794657645205	1.3900032320792841	1.5719852992133068	1.7030518442036455	1.4198994850466147	1.4284916271677335	1.4950877681319208	1.330426972835391	1.5099280317577148	1.4416154283999107	1.4775639359105863	1.2769274291807537	1.3673536271897668	1.5192050327163924	-1.0	-1.0	-1.0	-1.0	-1.0	-1.0	-1.0	-1.0	-1.0	-1.0	-1.0	-1.0	-1.0	-1.0	-1.0	-1.0	-1.0	-1.0	-1.0	-1.0	-1.0	1.250237192883814	1.4826901720812713	1.3240577463833225	1.5572617838282137	1.4784447038955333	1.3306815546389081	1.3724529618300143	1.3005488061142796	1.6227838196518962	1.713689545842442	1.618814428969337	1.5312625088703335	1.6885800903727302	1.704426011349338	1.6448053664118645	1.7173519789072462	-1.0	1.193210955855432	1.4672199703948152	1.4581336813143546	1.4765568572078154	1.4461760421758723	1.6939037700549993	1.3686071783722185	1.4297719719703905	1.3814624038250656	1.4954291122654852	1.6071294635573878	1.5927892465284483	1.5549558351545736	1.4574594452154925	1.7235742675438512	1.7850767444699431	1.7968290061582939	1.7889011520110054	1.5719850886072477	1.6276182924948885	1.5958764986873362	1.7571655065658287	1.7677027248699482	1.713840200090777	1.6481619492438915	1.6820272278168986	1.6850227975215697	1.5847480013506923	1.6176752680842306	1.5037112643888775
1.506199155646265	-1.0	1.44288264254796	1.4574192300582465	1.4679327595321572	1.3705484369246403	1.5380931184979376	1.5933721238832403	1.5094297092989328	1.4991373541438617	1.5000633656378697	1.4915998607957035	1.5053469208700299	1.5367337809546027	1.5581108193919515	1.6185931248230156	1.32670039168393	1.5627533341545434	1.5928987441648945	1.400979466900081	1.4368525580742044	1.512160480006334	1.593939432127794	1.596391716118942	1.6447342561537845	1.5474667071109929	1.3504585115699477	1.5772519813895136	1.417565108953431	1.5636613334888958	1.4095937453751555	1.524716308698221	-1.0	-1.0	-1.0	-1.0	-1.0	-1.0	-1.0	-1.0	-1.0	-1.0	-1.0	-1.0	-1.0	-1.0	-1.0	-1.0	-1.0	-1.0	-1.0	-1.0	-1.0	1.5001065423749917	1.5447167362798342	1.5642286272624146	1.4611395638717277	1.553361893778414	1.5967129049136146	1.4852573909270872	1.6104980155876591	1.5004167846917855	1.423388440756503	1.5018734276367633	1.5185132790253533	1.7611041192024999	1.5951620772865913	1.6317164862216988	1.6952735317617122	-1.0	1.5093683865495542	1.5878248575517109	1.492830591416526	1.3518492651035858	1.5088776595500568	1.5125281085987115	1.3956118940218314	1.5886267356276498	1.557640277272217	1.4523183552310597	1.6317858841079913	1.7114584849714447	1.7044808510417144	1.5225886839718115	1.6311422023407185	1.600590850293807	1.7784979636320593	1.7157157130234866	1.8394292103390852	1.4856971981579348	1.7700477239332704	1.6757435863887358	1.766994399707814	1.730567114113897	1.742585451797635	1.6311306151074687	1.6867476076054992	1.7280575072895439	1.7237992774924882	1.731826594675321
1.3350413527510108	-1.0	1.4613385845595568	1.3766351441869311	1.423643716544517	1.523309796723332	1.5725893784351601	1.3144837544808148	1.4937100186304912	1.5673577467750273	1.5609705546702022	1.478464163376276	1.6009190718453674	1.436982957600259	1.399795589212442	1.5337443056281865	1.3909613364366316	1.2906391076689623	1.3761610768111487	1.474972009592299	1.6747543314024602	1.4480747396697502	1.5924071570559912	1.4361939444112874	1.4822126353969078	1.5649433296994588	1.2549801447856523	1.4244753777983454	1.4179496095101707	1.2924236306613912	1.4408228683906128	1.4001453477572023	-1.0	-1.0	-1.0	-1.0	-1.0	-1.0	-1.0	-1.0	-1.0	-1.0	-1.0	-1.0	-1.0	-1.0	-1.0	-1.0	-1.0	-1.0	-1.0	-1.0	-1.0	1.5684821684042831	1.4470244775998202	1.429740199619068	1.5563255019339064	1.5428474210671028	1.552391623560529	1.485581606316629	1.411776800407598	1.2447742879956802	1.497956533319322	1.8093543518862496	1.889884301858562	1.6316949430350758	1.5678165804347064	1.5093733226906407	1.7669419822115207	-1.0	1.4566087775258543	1.339037983966552	1.5811394097964395	1.402785654857659	1.4639641552837903	1.6365297667923617	1.4929962523757543	1.5246791631430006	1.4797166603025003	1.280892324450419	1.6068570077795703	1.6860206153098778	1.6347637060224331	1.635930514661611	1.7920192005159843	1.516805217959519	1.580521398774668	1.4583223842715067	1.703962056462155	1.6499461936165998	1.6379480098446937	1.7009815859654691	1.682605753132468	1.698043793457622	1.6089876460124766	1.5357934887173041	1.5862024878152943	1.5231499853241917	1.6774593457783666	1.6359497702789036
1.623014514628381	-1.0	1.5335486211699063	1.3853164472525192	1.4767767732460502	1.6027353433600462	1.4937909194879044	1.536143799692917	1.6713650608025963	1.5800676954891728	1.5608597673005236	1.4901050697495535	1.4934050571440567	1.4112080530795539	1.3624763387518803	1.4559778577812637	1.405403265141997	1.377626509473838	1.319406204040222	1.4524220750045993	1.52251363733189	1.4405887664359784	1.654833089937347	1.4643984818343099	1.6178446575307133	1.491156404093997	1.4543041883086854	1.4310615721480957	1.5139770516474789	1.6562639025548798	1.323809263705869	1.5800303881066446	-1.0	-1.0	-1.0	-1.0	-1.0	-1.0	-1.0	-1.0	-1.0	-1.0	-1.0	-1.0	-1.0	-1.0	-1.0	-1.0	-1.0	-1.0	-1.0	-1.0	-1.0	1.4845856861431501	1.633600237592709	1.2900282249432964	1.3950466085459639	1.342938006867755	1.539484047423261	1.509983158357173	1.492056349593028	1.4274866799139114	1.4146752819455701	1.8540911270945721	1.7528108447105555	1.8441486058477532	1.7098509453070971	1.6642496528045296	1.7620933615685592	-1.0	1.642056397392874	1.5078438946559356	1.3412073921910719	1.5215163391424902	1.532345620272381	1.4551314532504362	1.3526904146252074	1.4666779893431265	1.362391287414191	1.2189218023142234	1.6209035541306585	1.885556625313181	1.6481292363296323	1.7665489980545053	1.650864188857697	1.5461638119374885	1.8250385936637867	1.636158967842081	1.4559860523350219	1.6853146579395917	1.8014344208701045	1.6838953091141464	1.4936259813629733	1.3949148566168457	1.6150784210021192	1.6196615273904031	1.8915000776930264	1.7355623027782976	2.014144392272974	1.5827671330873703
1.6181470621276337	-1.0	1.487013225653873	1.3799585648833208	1.4715489323639876	1.3232105477927019	1.6247520912332727	1.4731207176046341	1.481937210848889	1.515045988280044	1.5034797079061852	1.364551380133482	1.3672868072863975	1.6875578955408752	1.595446504492276	1.3540697944550004	1.463979789597589	1.6684719995554385	1.5031666832817328	1.507348527977233	1.4904665330862221	1.598767560834649	1.3942168132441422	1.462318180990919	1.3278137701893866	1.413429092007414	1.455770476197525	1.3356314690650664	1.3027476490242147	1.4487802901942008	1.3289967120733452	1.4785524115440316	-1.0	-1.0	-1.0	-1.0	-1.0	-1.0	-1.0	-1.0	-1.0	-1.0	-1.0	-1.0	-1.0	-1.0	-1.0	-1.0	-1.0	-1.0	-1.0	-1.0	-1.0	1.5436350913511858	1.4336047807977594	1.4987413233100222	1.4397075147892422	1.3378153393194252	1.385854982723751	1.5053066585623118	1.3951357336132393	1.5573905992027846	1.4150583079599937	1.6927070128999717	1.6582892585160778	1.5800142387473335	1.5229281618308443	1.719901699803487	1.5531928226701468	-1.0	1.3446737807474272	1.3424158201489684	1.316516814176126	1.4440013761470665	1.2647842795125452	1.4997792582857818	1.4189913141331223	1.3621987914538716	1.2275777731335347	1.4693302324124917	1.6978263223416195	1.755178476169745	1.6724583582314798	1.734461936631309	1.5085186450673809	1.6302027309348706	1.622527216860025	1.725876197721281	1.732499625106828	1.5655007152535334	1.7210575909128458	1.7744514515558598	1.5867735477599931	1.5487040197353414	1.6376193790117333	1.559716853695484	1.5148833248045674	1.5411241788342571	1.683929876597923	1.8853115278330828
1.597495672717555	-1.0	1.4124104288516006	1.4827060979265607	1.6122109300619085	1.4398934689421492	1.4531382951244	1.4492000730869863	1.4257442564637601	1.4752305011164533	1.435510912834919	1.3936726656789147	1.4315856930122957	1.4846322463703405	1.5031071678194043	1.537195458210188	1.6131891235825124	1.4699468670716784	1.6360391824958853	1.4619419237684719	1.5834976795748203	1.4585364777019048	1.37908924989872	1.5544070314229703	1.6784975506024435	1.5431459569070989	1.466752896515305	1.1459385126893025	1.4605083557513132	1.4176838354163648	1.3244272668530668	1.4402355833084308	-1.0	-1.0	-1.0	-1.0	-1.0	-1.0	-1.0	-1.0	-1.0	-1.0	-1.0	-1.0	-1.0	-1.0	-1.0	-1.0	-1.0	-1.0	-1.0	-1.0	-1.0	1.4829414244612835	1.5256272507948496	1.4815155049500077	1.429968953687556	1.4249039684689333	1.6111023530999924	1.676342572904391	1.4032371547472822	1.4088120966061113	1.618211123958731	1.7150834656786214	1.575893083020031	1.6388135927784828	1.760889528323712	1.7426356789496111	1.6945710907921472	-1.0	1.4824238799176244	1.3899195788686414	1.4709347396198371	1.4881980262653034	1.518963223084731	1.3581506132662753	1.3968186183540199	1.4332544672970573	1.4189431566324346	1.5215235264719607	1.7041065652111924	1.6401880848748036	1.6108668414311866	1.5444698567164643	1.7537592615784492	1.6499908939748302	1.6852162675338296	1.6224607669167306	1.7694928134372812	1.6963348100737645	1.720571228920829	1.4765651570190435	1.6053762212174165	1.4137063988762528	1.8566541590123096	1.5482434086041654	1.636537995870369	1.7386388510046116	1.6864187158881732	1.6834930728736153
1.5806229185298917	-1.0	1.3668078252597218	1.418517518071914	1.5319959298576897	1.425109189755215	1.4457741422737627	1.5223141852599955	1.4280188903187492	1.4329880938277526	1.473298549306977	1.432898315436205	1.4219314687026903	1.5409847086028547	1.4983200035097	1.4675931852120265	1.4891994036390253	1.3560517173706104	1.5268862243031076	1.6391691683824252	1.4178108683467059	1.3732427039121622	1.4786939578633564	1.4029336825682361	1.3801791576961315	1.5334427994955706	1.625702343767009	1.6818038014662264	1.3898387892719197	1.4882431766746436	1.385476632155436	1.6177410830483636	-1.0	-1.0	-1.0	-1.0	-1.0	-1.0	-1.0	-1.0	-1.0	-1.0	-1.0	-1.0	-1.0	-1.0	-1.0	-1.0	-1.0	-1.0	-1.0	-1.0	-1.0	1.4502659885092637	1.6188354014628838	1.3624438862559003	1.6711688269319025	1.463012913829192	1.4268921572972444	1.618420389588833	1.5665185401395307	1.4004551722911809	1.5659778314677317	1.7196227410575124	1.6824646556917506	1.7244371533683904	1.565864821037315	1.8109239170189968	1.623342326155918	-1.0	1.5915668069793605	1.4922380967873468	1.5255977080268148	1.4156663958501623	1.5534075977245139	1.407737626755615	1.286668110958015	1.4168024761910567	1.5963719145791397	1.494827936847472	1.578450457898379	1.7175074173132414	1.6007920165616571	1.7891637170638484	1.7341777013128632	1.6284131290024126	1.4882726443579983	1.675158069458582	1.6256757607581012	1.6081274458242827	1.4477256622623356	1.7694037916514511	1.4732371190487217	1.6593143456866273	1.5296337537075426	1.7064604148867595	1.659595855976815	1.6836420494124222	1.6034584801533391	1.6909034220761607
1.434597676099867	-1.0	1.568942925017662	1.430123995870969	1.322519560818612	1.6021794116777317	1.4040283771590572	1.3917703848547776	1.483408599177747	1.3969872766091969	1.3990868557087295	1.3691118103940851	1.272494483814449	1.4016734464049443	1.5014095365481162	1.5265122992597737	1.4637234283178793	1.4460955110550637	1.3956378788224035	1.6294677923990841	1.7033583664540364	1.572151827101966	1.5986798172333843	1.5235923794450965	1.423964331624014	1.516480720713496	1.4106890259548786	1.4893288841634975	1.4488825845216913	1.4383836389078324	1.433532708685157	1.5619910098633811	-1.0	-1.0	-1.0	-1.0	-1.0	-1.0	-1.0	-1.0	-1.0	-1.0	-1.0	-1.0	-1.0	-1.0	-1.0	-1.0	-1.0	-1.0	-1.0	-1.0	-1.0	1.3658118167248547	1.4049450586435648	1.4164485545029615	1.3695817342398797	1.3999600487692636	1.4657314787619036	1.5018388735379642	1.444348196868065	1.451419873004529	1.5592854160850123	1.7516690646378608	1.5986871278605115	1.6322762463904068	1.6113060274355968	1.8254788772662767	1.7226716801820412	-1.0	1.5157963019869154	1.4830662855977939	1.6158649765329756	1.3116044671818896	1.416172983262536	1.3447495252923796	1.5622222288937282	1.4698296721262476	1.586741734982898	1.4156778015956917	1.6797274808176328	1.5703606525941247	1.8184407800578084	1.5730503655772363	1.675363031779449	1.8485662659882123	1.598529439627529	1.526765841984141	1.5940631938913585	1.6261938471819681	1.5612917936031458	1.728133304760221	1.6334618017068847	1.8330545900545732	1.507273138773866	1.7387527280515833	1.8076188514706588	1.6461388854670558	1.8191602023745956	1.541335630710843
1.3892126757532635	-1.0	1.6209950019394168	1.6204579556673626	1.4821827095940034	1.5396394817213612	1.4129662043158948	1.6044714736568526	1.3706699014159873	1.3181207628143023	1.4853123347432582	1.5003788637476612	1.6269069982987163	1.699991393430359	1.4329336959890586	1.262319192450595	1.5322654542755667	1.4428841688768603	1.4933078506471043	1.5051841579291185	1.4044288554657232	1.5010822595876765	1.4554627200872856	1.549317017016964	1.5332998675052676	1.533585350401998	1.452151406336357	1.590308757763743	1.545507070925067	1.5056331792504678	1.4369510896454945	1.5142782300698974	-1.0	-1.0	-1.0	-1.0	-1.0	-1.0	-1.0	-1.0	-1.0	-1.0	-1.0	-1.0	-1.0	-1.0	-1.0	-1.0	-1.0	-1.0	-1.0	-1.0	-1.0	1.5522400588726928	1.3725639595751997	1.3766435573312332	1.542563845677834	1.5045731503638133	1.4818287183094356	1.2719652685869496	1.4725139896455421	1.397389147120325	1.4782317885902851	1.6480053346250625	1.8705954376415799	1.663859823846662	1.68198098952128	1.597191222814605	1.6284818863453456	-1.0	1.6207628026593988	1.461086808989824	1.5922134452687566	1.3956824142187678	1.5132910173860696	1.3979410107661219	1.431113704426993	1.4850117414164805	1.5037580686511334	1.5559080710168949	1.5113463828882465	1.474687342116934	1.7068890706536772	1.7443177580848157	1.688860262042831	1.5691058456249913	1.8362355044516163	1.7456026249906982	1.5066050325901403	1.701614649027541	1.5007322447295608	1.581708092856739	1.5457000464624129	1.7722977379999225	1.6382308960470569	1.5698481427060744	1.6049496974528845	1.524620389760162	1.5435096818835141	1.6529796443571443
-1.0	-1.0	-1.0	-1.0	-1.0	-1.0	1.5347633170192074	1.323750486884163	1.492139407698702	1.3619058782705273	1.364203045317838	1.5915028949231207	1.408578569411113	1.455796446550035	1.4513426814369739	1.4358685641363755	1.537176830436902	1.4005327657172684	1.56869518383121	1.5128684728944397	1.3705337625598433	1.580438875815746	1.4954223197627867	1.5304163155080157	1.4930356473468522	1.4642605575094192	1.4492283441675176	1.6287594396057004	1.556914437526951	1.6725873447274395	1.4274078566980726	1.309527298380393	-1.0	-1.0	-1.0	-1.0	-1.0	-1.0	-1.0	-1.0	-1.0	-1.0	-1.0	-1.0	-1.0	-1.0	-1.0	-1.0	-1.0	-1.0	-1.0	-1.0	-1.0	-1.0	-1.0	-1.0	-1.0	-1.0	-1.0	-1.0	-1.0	-1.0	-1.0	1.6724773999070046	1.644573494423122	1.6530367643972668	1.5731739821284307	1.6527861576089509	1.8121687565821691	-1.0	-1.0	-1.0	-1.0	-1.0	-1.0	-1.0	-1.0	-1.0	-1.0	-1.0	1.6650340164290165	1.6327822372814271	1.6114354960562092	1.695066870590574	1.5373487106728834	1.6729398909307995	1.7428254456777432	1.6220664541766951	1.4994601179414098	1.6220949285942	1.4597119187909255	1.70312837657338	1.626870317615398	1.5141840978583085	1.6204676311662243	1.4974866513639609	1.6017457692254105	1.58671776172584	1.744253531470052	1.721735002547946
-1.0	-1.0	-1.0	-1.0	-1.0	-1.0	-1.0	-1.0	-1.0	-1.0	-1.0	-1.0	-1.0	-1.0	-1.0	-1.0	-1.0	-1.0	-1.0	-1.0	-1.0	-1.0	-1.0	-1.0	-1.0	-1.0	-1.0	-1.0	-1.0	-1.0	-1.0	-1.0	-1.0	-1.0	-1.0	-1.0	-1.0	-1.0	-1.0	-1.0	-1.0	-1.0	-1.0	-1.0	-1.0	-1.0	-1.0	-1.0	-1.0	-1.0	-1.0	-1.0	-1.0	-1.0	-1.0	-1.0	-1.0	-1.0	-1.0	-1.0	-1.0	-1.0	-1.0	1.590095527771627	1.6317599575511832	1.634845696407176	1.549840370920898	1.6821724462356231	1.6260301645264013	-1.0	-1.0	-1.0	-1.0	-1.0	-1.0	-1.0	-1.0	-1.0	-1.0	-1.0	1.6586075706331624	1.5972612112223465	1.558166508204545	1.6973395127013768	1.680756267779873	1.8471959836894736	1.6027887609568832	1.6571566007769472	1.6301842406694864	1.5987182420934922	1.6818252713535276	1.6206965196581613	1.7382203181755649	1.741133535575654	1.6112684027410877	1.5557180102932582	1.6983961558469733	1.6426316272697836	1.6554849696104537	1.5029839860261882
1.362200054267697	-1.0	1.3042896919765328	1.6761568551157828	1.3447758292265106	1.4519415265060036	-1.0	-1.0	-1.0	-1.0	-1.0	-1.0	-1.0	-1.0	-1.0	-1.0	-1.0	-1.0	-1.0	-1.0	-1.0	-1.0	-1.0	-1.0	-1.0	-1.0	-1.0	-1.0	-1.0	-1.0	-1.0	-1.0	-1.0	-1.0	-1.0	-1.0	-1.0	-1.0	-1.0	-1.0	-1.0	-1.0	-1.0	-1.0	-1.0	-1.0	-1.0	-1.0	-1.0	-1.0	-1.0	-1.0	-1.0	1.596327943837334	1.431596194624543	1.3620550315904312	1.452972695537137	1.5948787679992062	1.3337537442395333	1.371249471092947	1.5793026514551505	1.4564450775486208	1.4626520506725342	1.7778795888332408	1.633567056493703	1.72523863391904	1.6751375795971404	1.582969322637275	1.4757108093443627	-1.0	1.4754132187435245	1.535317069576064	1.4212413870647835	1.5469065262574944	1.3081773657336764	1.432821548099791	1.3566699209425364	1.5009502989788452	1.4605505452117047	1.6162120044341282	1.6150160023214055	1.5836421892117465	1.6296836507261672	1.6163767179879696	1.7598725296543036	1.7753197577003375	1.522785154041178	1.620701849320622	1.5236329428407749	1.5797097403028235	1.6270935698530975	1.6416446941136036	1.6154955109424078	1.57159268847138	1.5878395330190032	1.6815101706846942	1.803013057700593	1.5352190370850733	1.7185056557002978	1.6791252110004302
-1.0	-1.0	-1.0	-1.0	-1.0	-1.0	-1.0	-1.0	-1.0	-1.0	-1.0	-1.0	-1.0	-1.0	-1.0	-1.0	-1.0	-1.0	-1.0	-1.0	-1.0	-1.0	-1.0	-1.0	-1.0	-1.0	-1.0	-1.0	-1.0	-1.0	-1.0	-1.0	-1.0	-1.0	-1.0	-1.0	-1.0	-1.0	-1.0	-1.0	-1.0	-1.0	-1.0	-1.0	-1.0	-1.0	-1.0	-1.0	-1.0	-1.0	-1.0	-1.0	-1.0	-1.0	-1.0	-1.0	-1.0	-1.0	-1.0	-1.0	-1.0	-1.0	-1.0	1.6658552475129627	1.529019108070202	1.6681010059626626	1.6383929438723053	1.4744526304935928	1.7655763367381407	-1.0	-1.0	-1.0	-1.0	-1.0	-1.0	-1.0	-1.0	-1.0	-1.0	-1.0	1.7003498453527006	1.9566927735303115	1.608844634340632	1.6711230656630882	1.730923903708126	1.5149211914268559	1.8311417390794447	1.8431113546742703	1.4712495206680778	1.6971711175450614	1.4313322342130284	1.614085211704049	1.5881450203139507	1.6576862654080207	1.781104541954064	1.6576653780135302	1.6218018468058182	1.586418945562825	1.7235549430041157	1.687415834031932
-1.0	-1.0	-1.0	-1.0	-1.0	-1.0	-1.0	-1.0	-1.0	-1.0	-1.0	-1.0	-1.0	-1.0	-1.0	-1.0	-1.0	-1.0	-1.0	-1.0	-1.0	-1.0	-1.0	-1.0	-1.0	-1.0	-1.0	-1.0	-1.0	-1.0	-1.0	-1.0	-1.0	-1.0	-1.0	-1.0	-1.0	-1.0	-1.0	-1.0	-1.0	-1.0	-1.0	-1.0	-1.0	-1.0	-1.0	-1.0	-1.0	-1.0	-1.0	-1.0	-1.0	-1.0	-1.0	-1.0	-1.0	-1.0	-1.0	-1.0	-1.0	-1.0	-1.0	1.8215423316879817	1.5300121974714742	1.607647492733822	1.7357175059942571	1.5071584119242736	1.6195190548193137	-1.0	-1.0	-1.0	-1.0	-1.0	-1.0	-1.0	-1.0	-1.0	-1.0	-1.0	1.7317090811331362	1.6229106680809795	1.586309587010545	1.643960436937812	1.3694131238028024	1.785247589847984	1.6146954886295135	1.7527958149388039	1.7386571062250133	1.6934468013049953	1.6435744390959839	1.6265346587643534	1.6793015076606155	1.7279872626448605	1.7443407232759043	1.736336704191266	1.6937113629237042	1.5907218722765177	1.6870569412146101	1.876335791966625
-1.0	-1.0	-1.0	-1.0	-1.0	-1.0	-1.0	-1.0	-1.0	-1.0	-1.0	-1.0	-1.0	-1.0	-1.0	-1.0	-1.0	-1.0	-1.0	-1.0	-1.0	-1.0	1.4419789153029745	1.5291604258626315	1.4914938449144208	1.5088860245170352	1.4158534336062365	1.4121110651454456	1.4390801629113605	1.4749791392171687	1.4437996971152396	1.3960655944980636	1.4523460543294586	1.329428536258977	1.6106343863841839	1.4880658038815346	1.404256919427825	1.3035639962712249	1.4277756612775476	1.397251820221691	1.5810017163039103	1.4984792657646548	1.4275872686868294	1.442873598618163	-1.0	-1.0	-1.0	-1.0	-1.0	-1.0	-1.0	-1.0	-1.0	-1.0	-1.0	-1.0	-1.0	-1.0	-1.0	-1.0	-1.0	-1.0	-1.0	1.6668812501210684	1.7005327063592146	1.683439605964736	1.699191575110309	1.6419960385484107	1.6447490732931944	-1.0	-1.0	-1.0	-1.0	-1.0	-1.0	-1.0	-1.0	-1.0	-1.0	-1.0	1.5820506344828351	1.75003080756604	1.5203898435730179	1.622760755958053	1.7448723244448165	1.6512913527529571	1.6096509271116493	1.6719959803958144	1.825533461781915	1.52938930317768	1.7062874758676518	1.5208998541230123	1.7018164024010731	1.8267117621874729	1.7063030572037028	1.695027213173645	1.7644175676902556	1.4978503317038034	1.6438566782162902	1.57792270436987
-1.0	-1.0	-1.0	-1.0	-1.0	-1.0	-1.0	-1.0	-1.0	-1.0	-1.0	-1.0	-1.0	-1.0	-1.0	-1.0	-1.0	-1.0	-1.0	-1.0	-1.0	-1.0	1.4310919356226943	1.5174030453921679	1.3725178596733536	1.3530958460803977	1.4119366024272169	1.3732915959387995	1.5247643248575415	1.4387305883701778	1.5310142257916661	1.4170652465242235	1.5543975818280278	1.4770777234738766	1.4896109435950171	1.3306435022960175	1.5785646946572742	1.709235940884865	1.4661879314330881	1.4990230185751041	1.5072005591413336	1.5488309625093826	1.3782382456614124	1.3987304789679489	-1.0	-1.0	-1.0	-1.0	-1.0	-1.0	-1.0	-1.0	-1.0	-1.0	-1.0	-1.0	-1.0	-1.0	-1.0	-1.0	-1.0	-1.0	-1.0	1.635334453751728	1.6265325119156795	1.5831366559412121	1.5942060200983619	1.6630962423185842	1.6338473552562898	-1.0	-1.0	-1.0	-1.0	-1.0	-1.0	-1.0	-1.0	-1.0	-1.0	-1.0	1.6723890463503355	1.7041146107661067	1.6428831947955085	1.6160752260062439	1.7045514847002807	1.744729606299658	1.751864785896243	1.8583399856879368	1.5973807984752761	1.665360627577072	1.7308522969618871	1.6142223698064433	1.447290636000027	1.6602806333435898	1.6205706831573545	1.6549227807491647	1.5776584661868494	1.737828724428177	1.7228859362755877	1.8062632434453787
1.3759716456333322	-1.0	1.4831415344027965	1.4475220042433612	1.3587041253216465	1.5848378705812578	-1.0	-1.0	-1.0	-1.0	-1.0	-1.0	-1.0	-1.0	-1.0	-1.0	-1.0	-1.0	-1.0	-1.0	-1.0	-1.0	1.6039966833350234	1.4205549295678819	1.4057141692936457	1.5015988808980771	1.6367357844378683	1.3905727911703982	1.4713212879625692	1.5667739099384868	1.4724127891435785	1.5055883398311782	1.4048312251984307	1.558197257524064	1.5262083178477623	1.5652610203641713	1.5210761425013035	1.4731670181683694	1.5490856294816495	1.6367172321405887	1.5119217746921298	1.4848420494532102	1.374115854574202	1.4102337374636982	-1.0	-1.0	-1.0	-1.0	-1.0	-1.0	-1.0	-1.0	-1.0	1.5056328973399062	1.4298277614011157	1.4960146526018179	1.5093203101654513	1.3375185760134223	1.3955259634257537	1.3225606613123444	1.5419107180134077	1.5496287770054558	1.4924867502384784	1.6941850937201623	1.4616359122137663	1.7629284719347373	1.7527737890160036	1.7618672502040043	1.564101388407652	-1.0	1.2947950390395413	1.5185313996220997	1.5121503001937244	1.4066377418690075	1.4514636696276944	1.5366427917897376	1.3447992772826418	1.324124780180897	1.4901341268902952	1.3397431555562358	1.4866693710048917	1.6508855156288054	1.6781462342526523	1.7341108168130566	1.6576030891011078	1.8127783665625856	1.4875300765823523	1.6536255967714875	1.63933417791784	1.5668795327555312	1.8213076571404865	1.6572556270483814	1.6047787832150384	1.4623969175800384	1.6707792992347121	1.6658141204523467	1.784156771200815	1.5700815176748175	1.6384680624994108	1.5554669157248435
-1.0	-1.0	-1.0	-1.0	-1.0	-1.0	-1.0	-1.0	-1.0	-1.0	-1.0	-1.0	-1.0	-1.0	-1.0	-1.0	-1.0	-1.0	-1.0	-1.0	-1.0	-1.0	1.4158033456715307	1.4031449683781785	1.5942121509837948	1.4128976351165539	1.5581057596032675	1.4148440945265417	1.4670490332452664	1.3351195580463329	1.6645788836769457	1.518919083955081	1.540842323028384	1.4674978484531251	1.4118080232104693	1.5075789480203503	1.4727907016258874	1.5466388476002033	1.4229014538526406	1.2641041603305463	1.5124261211646701	1.6182450097475922	1.5388335518992096	1.5559896414166536	-1.0	-1.0	-1.0	-1.0	-1.0	-1.0	-1.0	-1.0	-1.0	-1.0	-1.0	-1.0	-1.0	-1.0	-1.0	-1.0	-1.0	-1.0	-1.0	1.761666170940746	1.5346609547387444	1.665431099432099	1.5538264441444734	1.781260008852288	1.6128625056612644	-1.0	-1.0	-1.0	-1.0	-1.0	-1.0	-1.0	-1.0	-1.0	-1.0	-1.0	1.59710028032087	1.666237967290113	1.7168153446435488	1.7129510441286326	1.638361879566361	1.6812294563223986	1.728361068883252	1.805307988641128	1.6543257408690377	1.7540008241380298	1.728950378633017	1.453084991704753	1.5877121227652709	1.6583483515842543	1.7507393601757175	1.6099915307195418	1.5321654820187955	1.6779404050368112	1.6808170906665738	1.6068208935080774
-1.0	-1.0	-1.0	-1.0	-1.0	-1.0	-1.0	-1.0	-1.0	-1.0	-1.0	-1.0	-1.0	-1.0	-1.0	-1.0	-1.0	-1.0	-1.0	-1.0	-1.0	-1.0	1.5447631479077844	1.4185693578087526	1.4777601583904996	1.5613690066015666	1.5566888196008422	1.5849607403914798	1.3649453839213814	1.3247834440724113	1.5113458608382406	1.4442602220669978	1.417494386516515	1.4143453770867271	1.4961260156220868	1.3197053916965682	1.3291402755792339	1.4501462915902195	1.6110963958813855	1.6239571827817623	1.497583683349527	1.3084822643937426	1.5859000243096228	1.452815814511322	-1.0	-1.0	-1.0	-1.0	-1.0	-1.0	-1.0	-1.0	-1.0	-1.0	-1.0	-1.0	-1.0	-1.0	-1.0	-1.0	-1.0	-1.0	-1.0	1.5971047128029334	1.7876817988005718	1.7159334169649942	1.6575860193511573	1.6959211168635107	1.7557828422372017	-1.0	-1.0	-1.0	-1.0	-1.0	-1.0	-1.0	-1.0	-1.0	-1.0	-1.0	1.7879004726525431	1.7380642409122977	1.6473206829326752	1.6167885399314053	1.5251814427290813	1.6543061449783174	1.6151821699106024	1.582217698966568	1.642034216565944	1.7729640727063791	1.8227504492658055	1.766521013527493	1.7074659238370362	1.5950689389696413	1.7034001892240291	1.655881903528921	1.5741761711064977	1.713440624106172	1.6747769265066275	1.7021933339050714
-1.0	-1.0	-1.0	-1.0	-1.0	-1.0	-1.0	-1.0	-1.0	-1.0	-1.0	-1.0	-1.0	-1.0	-1.0	-1.0	-1.0	-1.0	-1.0	-1.0	-1.0	-1.0	1.5895776258564407	1.5781577781752099	1.524152872147478	1.5806088247591645	1.3784910982186727	1.2616741153410955	1.4201443468815753	1.4259773520880308	1.33585435783744	1.4109470119649923	1.563992143800331	1.3591597950221035	1.340804754314863	1.5578241333818288	1.6235745268366921	1.5063717012517281	1.5230351317038842	1.6020605053267378	1.555159203108285	1.4012765504050535	1.5330620655675053	1.371595121704944	-1.0	-1.0	-1.0	-1.0	-1.0	-1.0	-1.0	-1.0	-1.0	-1.0	-1.0	-1.0	-1.0	-1.0	-1.0	-1.0	-1.0	-1.0	-1.0	1.7608266005401545	1.6110192277084083	1.746368160705174	1.6206378279105755	1.687552123539128	1.6324804238703374	-1.0	-1.0	-1.0	-1.0	-1.0	-1.0	-1.0	-1.0	-1.0	-1.0	-1.0	1.5869016323928198	1.6054114667651986	1.6286229624021793	1.6699803865416967	1.5327784143628644	1.8049300526598508	1.7231428710371128	1.6022368242810707	1.6085954637628093	1.7396357691634827	1.5978710515753043	1.7238936367511888	1.5348370772261972	1.763437486236314	1.689836619060896	1.5186360063382067	1.6315392006710203	1.7184140033262483	1.4989661046009242	1.714345421353775
-1.0	-1.0	-1.0	-1.0	-1.0	-1.0	-1.0	-1.0	-1.0	-1.0	-1.0	-1.0	-1.0	-1.0	-1.0	-1.0	-1.0	-1.0	-1.0	-1.0	-1.0	-1.0	1.4934270707773503	1.5217337993010098	1.4587723919812567	1.534668493081058	1.3998052095442555	1.4721273629319438	1.4678470329629572	1.3898813029351398	1.6511446891642154	1.6396979807708456	1.402599256558299	1.4561917097483144	1.5619282306187399	1.3105906665192957	1.5628619700723756	1.4133008351205463	1.4339011068093608	1.545461129792294	1.5502095938836213	1.3871097559822303	1.4839965181980648	1.3734768493475222	-1.0	-1.0	-1.0	-1.0	-1.0	-1.0	-1.0	-1.0	-1.0	-1.0	-1.0	-1.0	-1.0	-1.0	-1.0	-1.0	-1.0	-1.0	-1.0	1.7329917221894928	1.6532076031753145	1.7455086527800063	1.6049222860496746	1.7566549503490303	1.6183906603179359	-1.0	-1.0	-1.0	-1.0	-1.0	-1.0	-1.0	-1.0	-1.0	-1.0	-1.0	1.6829943997371921	1.5958029918506822	1.5705082091809675	1.8017729983991793	1.7264985283570369	1.6100428390175408	1.650840206076165	1.6164286121485933	1.5126672473151523	1.7846742466480245	1.7952627837122288	1.6324445617048184	1.6082716541895807	1.6906558397519365	1.590389988401221	1.7498340042465073	1.632794023535349	1.5885531406959688	1.8930037336644145	1.5392923481524587
-1.0	-1.0	-1.0	-1.0	-1.0	-1.0	-1.0	-1.0	-1.0	-1.0	-1.0	-1.0	-1.0	-1.0	-1.0	-1.0	-1.0	-1.0	-1.0	-1.0	-1.0	-1.0	1.5613284851355012	1.4489300813391615	1.4568306409562506	1.4580726316595722	1.612241341988296	1.54954182801358	1.3931190033033785	1.6546256539927633	1.489423015227669	1.517564617210453	1.5237572600858096	1.492773803318805	1.5179042421574334	1.4696094193518927	1.3783649067526116	1.5463300381010272	1.5524453707049315	1.4834864834605472	1.2462712673310785	1.3416270637349823	1.4430145633900464	1.6208415412229413	-1.0	-1.0	-1.0	-1.0	-1.0	-1.0	-1.0	-1.0	-1.0	-1.0	-1.0	-1.0	-1.0	-1.0	-1.0	-1.0	-1.0	-1.0	-1.0	-1.0	-1.0	-1.0	-1.0	-1.0	-1.0	-1.0	-1.0	-1.0	-1.0	-1.0	-1.0	-1.0	-1.0	-1.0	-1.0	-1.0	-1.0	-1.0	-1.0	-1.0	-1.0	-1.0	-1.0	-1.0	-1.0	-1.0	-1.0	-1.0	-1.0	-1.0	-1.0	-1.0	-1.0	-1.0	-1.0	-1.0
-1.0	-1.0	-1.0	-1.0	-1.0	-1.0	-1.0	-1.0	-1.0	-1.0	-1.0	-1.0	-1.0	-1.0	-1.0	-1.0	-1.0	-1.0	-1.0	-1.0	-1.0	-1.0	1.3615405475463451	1.3553226049496025	1.5555599808969556	1.5592891524527834	1.5261419875207878	1.451334457530976	1.2785307219548472	1.3142039606033435	1.4351119041318108	1.4234762882283367	1.3560249430054931	1.508505374945599	1.63608443185767	1.606540716706765	1.2882462045314884	1.4510029230718022	1.493759017864358	1.5029928551888412	1.4582809401193984	1.4209055392636272	1.5259157848163205	1.522449979564521	-1.0	-1.0	-1.0	-1.0	-1.0	-1.0	-1.0	-1.0	-1.0	-1.0	-1.0	-1.0	-1.0	-1.0	-1.0	-1.0	-1.0	-1.0	-1.0	-1.0	-1.0	-1.0	-1.0	-1.0	-1.0	-1.0	-1.0	-1.0	-1.0	-1.0	-1.0	-1.0	-1.0	-1.0	-1.0	-1.0	-1.0	-1.0	-1.0	-1.0	-1.0	-1.0	-1.0	-1.0	-1.0	-1.0	-1.0	-1.0	-1.0	-1.0	-1.0	-1.0	-1.0	-1.0	-1.0	-1.0
-1.0	-1.0	-1.0	-1.0	-1.0	-1.0	-1.0	-1.0	-1.0	-1.0	-1.0	-1.0	-1.0	-1.0	-1.0	-1.0	-1.0	-1.0	-1.0	-1.0	-1.0	-1.0	1.3877631972489006	1.3965632736244824	1.2588866934655984	1.544928639992648	1.4783726988167618	1.4605996310640244	1.526289105782679	1.3933477132070755	1.4840016121334232	1.4381141178226136	1.6014645241678038	1.5632461350850635	1.3072752310788376	1.4288675581753407	1.6573141897485288	1.3033756139185362	1.4487494818457258	1.4892308400510785	1.616854922965416	1.4504450050219102	1.5687749417489758	1.486754087854714	-1.0	-1.0	-1.0	-1.0	-1.0	-1.0	-1.0	-1.0	-1.0	-1.0	-1.0	-1.0	-1.0	-1.0	-1.0	-1.0	-1.0	-1.0	-1.0	-1.0	-1.0	-1.0	-1.0	-1.0	-1.0	-1.0	-1.0	-1.0	-1.0	-1.0	-1.0	-1.0	-1.0	-1.0	-1.0	-1.0	-1.0	-1.0	-1.0	-1.0	-1.0	-1.0	-1.0	-1.0	-1.0	-1.0	-1.0	-1.0	-1.0	-1.0	-1.0	-1.0	-1.0	-1.0	-1.0	-1.0
-1.0	-1.0	-1.0	-1.0	-1.0	-1.0	-1.0	-1.0	-1.0	-1.0	-1.0	-1.0	-1.0	-1.0	-1.0	-1.0	-1.0	-1.0	-1.0	-1.0	-1.0	-1.0	1.6583612823971157	1.5977567071168841	1.4336085196237118	1.4611951902566584	1.3960116383985908	1.4487797454514328	1.577830326867305	1.5037498362971604	1.6197834509719096	1.3426587979644609	1.3719124470611443	1.4604368124877183	1.486262364354989	1.4874509974510517	1.4713230400025583	1.4182896453929865	1.4420041099593381	1.468410801631035	1.392809539061775	1.3459898362240383	1.503030747829455	1.2927716737685357	-1.0	-1.0	-1.0	-1.0	-1.0	-1.0	-1.0	-1.0	-1.0	-1.0	-1.0	-1.0	-1.0	-1.0	-1.0	-1.0	-1.0	-1.0	-1.0	-1.0	-1.0	-1.0	-1.0	-1.0	-1.0	-1.0	-1.0	-1.0	-1.0	-1.0	-1.0	-1.0	-1.0	-1.0	-1.0	-1.0	-1.0	-1.0	-1.0	-1.0	-1.0	-1.0	-1.0	-1.0	-1.0	-1.0	-1.0	-1.0	-1.0	-1.0	-1.0	-1.0	-1.0	-1.0	-1.0	-1.0
-1.0	-1.0	-1.0	-1.0	-1.0	-1.0	-1.0	-1.0	-1.0	-1.0	-1.0	-1.0	-1.0	-1.0	-1.0	-1.0	-1.0	-1.0	-1.0	-1.0	-1.0	-1.0	1.4582920132110813	1.2753493652418135	1.2598952179101088	1.3378159430626904	1.4854051201101115	1.4677520465420644	1.4317114875607129	1.5056817457395328	1.4280856126095942	1.4774828239741689	1.4336891084208907	1.50173574819226	1.3544202104319467	1.5954212324929906	1.2625644453878944	1.44506605656252	1.5436470713438737	1.3098870089984842	1.5407302285769373	1.44330545534833	1.383931396749536	1.4747262477351706	-1.0	-1.0	-1.0	-1.0	-1.0	-1.0	-1.0	-1.0	-1.0	-1.0	-1.0	-1.0	-1.0	-1.0	-1.0	-1.0	-1.0	-1.0	-1.0	-1.0	-1.0	-1.0	-1.0	-1.0	-1.0	-1.0	-1.0	-1.0	-1.0	-1.0	-1.0	-1.0	-1.0	-1.0	-1.0	-1.0	-1.0	-1.0	-1.0	-1.0	-1.0	-1.0	-1.0	-1.0	-1.0	-1.0	-1.0	-1.0	-1.0	-1.0	-1.0	-1.0	-1.0	-1.0	-1.0	-1.0
-1.0	-1.0	-1.0	-1.0	-1.0	-1.0	-1.0	-1.0	-1.0	-1.0	-1.0	-1.0	-1.0	-1.0	-1.0	-1.0	-1.0	-1.0	-1.0	-1.0	-1.0	-1.0	1.4675159607125303	1.2522800441588409	1.5173592336893533	1.388497597063548	1.4904987571122301	1.4495586670246916	1.5603560666304814	1.5798156349868473	1.3459097979185308	1.2546948051074116	1.5941189193457885	1.5511597177902527	1.554708643394368	1.5471387699935901	1.5376658160351357	1.4178537660973025	1.3973603456485342	1.4763488851929027	1.363991443254198	1.2811110447683318	1.3530780036870333	1.606398309261928	-1.0	-1.0	-1.0	-1.0	-1.0	-1.0	-1.0	-1.0	-1.0	-1.0	-1.0	-1.0	-1.0	-1.0	-1.0	-1.0	-1.0	-1.0	-1.0	-1.0	-1.0	-1.0	-1.0	-1.0	-1.0	-1.0	-1.0	-1.0	-1.0	-1.0	-1.0	-1.0	-1.0	-1.0	-1.0	-1.0	-1.0	-1.0	-1.0	-1.0	-1.0	-1.0	-1.0	-1.0	-1.0	-1.0	-1.0	-1.0	-1.0	-1.0	-1.0	-1.0	-1.0	-1.0	-1.0	-1.0
-1.0	-1.0	-1.0	-1.0	-1.0	-1.0	-1.0	-1.0	-1.0	-1.0	-1.0	-1.0	-1.0	-1.0	-1.0	-1.0	-1.0	-1.0	-1.0	-1.0	-1.0	-1.0	1.4628709469146879	1.3655819892661243	1.3421715909486887	1.3965889075321598	1.5731455662721334	1.7403356336418085	1.6339192687693183	1.5137088946300503	1.5872802909077701	1.3185908952710101	1.4206637060195977	1.327206393552911	1.6030540466468886	1.3934666702224832	1.4953710866581076	1.4228566090343056	1.3993620360844197	1.2836929284832221	1.2713083071090259	1.3644232904885485	1.3252581649264301	1.3088044453252068	-1.0	-1.0	-1.0	-1.0	-1.0	-1.0	-1.0	-1.0	-1.0	-1.0	-1.0	-1.0	-1.0	-1.0	-1.0	-1.0	-1.0	-1.0	-1.0	-1.0	-1.0	-1.0	-1.0	-1.0	-1.0	-1.0	-1.0	-1.0	-1.0	-1.0	-1.0	-1.0	-1.0	-1.0	-1.0	-1.0	-1.0	-1.0	-1.0	-1.0	-1.0	-1.0	-1.0	-1.0	-1.0	-1.0	-1.0	-1.0	-1.0	-1.0	-1.0	-1.0	-1.0	-1.0	-1.0	-1.0
-1.0	-1.0	-1.0	-1.0	-1.0	-1.0	-1.0	-1.0	-1.0	-1.0	-1.0	-1.0	-1.0	-1.0	-1.0	-1.0	-1.0	-1.0	-1.0	-1.0	-1.0	-1.0	1.5283742049898184	1.4764593013443217	1.4890731222723115	1.5024393914003544	1.5555774098825397	1.2873287191908622	1.4933460548472255	1.620545416268323	1.540098281882502	1.4610732974137972	1.4854504518473766	1.5067440383719113	1.558867316011881	1.4334212732394178	1.5674317088804097	1.3150943386133094	1.260783430042865	1.5296364932377295	1.400703425293478	1.6025030274499383	1.4418242727580413	1.462766155184352	-1.0	-1.0	-1.0	-1.0	-1.0	-1.0	-1.0	-1.0	-1.0	-1.0	-1.0	-1.0	-1.0	-1.0	-1.0	-1.0	-1.0	-1.0	-1.0	-1.0	-1.0	-1.0	-1.0	-1.0	-1.0	-1.0	-1.0	-1.0	-1.0	-1.0	-1.0	-1.0	-1.0	-1.0	-1.0	-1.0	-1.0	-1.0	-1.0	-1.0	-1.0	-1.0	-1.0	-1.0	-1.0	-1.0	-1.0	-1.0	-1.0	-1.0	-1.0	-1.0	-1.0	-1.0	-1.0	-1.0
-1.0	-1.0	-1.0	-1.0	-1.0	-1.0	-1.0	-1.0	-1.0	-1.0	-1.0	-1.0	-1.0	-1.0	-1.0	-1.0	-1.0	-1.0	-1.0	-1.0	-1.0	-1.0	1.3588798476583088	1.4092047903951603	1.4605363381312948	1.6516873774232537	1.571631780010003	1.4156196933434764	1.4710071960877558	1.4554428891804192	1.504321794320063	1.6078869368060684	1.4007761214772592	1.5760941564402042	1.325802391679565	1.5465157060924366	1.4625614942015865	1.4386037292468565	1.3350374139184087	1.3314000282195582	1.4874912113635008	1.4080738617964605	1.4426167006680328	1.2781365167077394	-1.0	-1.0	-1.0	-1.0	-1.0	-1.0	-1.0	-1.0	-1.0	-1.0	-1.0	-1.0	-1.0	-1.0	-1.0	-1.0	-1.0	-1.0	-1.0	-1.0	-1.0	-1.0	-1.0	-1.0	-1.0	-1.0	-1.0	-1.0	-1.0	-1.0	-1.0	-1.0	-1.0	-1.0	-1.0	-1.0	-1.0	-1.0	-1.0	-1.0	-1.0	-1.0	-1.0	-1.0	-1.0	-1.0	-1.0	-1.0	-1.0	-1.0	-1.0	-1.0	-1.0	-1.0	-1.0	-1.0
-1.0	-1.0	-1.0	-1.0	-1.0	-1.0	-1.0	-1.0	-1.0	-1.0	-1.0	-1.0	-1.0	-1.0	-1.0	-1.0	-1.0	-1.0	-1.0	-1.0	-1.0	-1.0	1.4262862656168902	1.477837797697886	1.2220430560342153	1.3257851754312728	1.399396723192089	1.4054369924837846	1.3734191717576218	1.4960163824039965	1.433409955986867	1.4408171392428544	1.3355355063927612	1.4794910110894548	1.4411530607248013	1.656517123428909	1.3686578982919984	1.412883123297856	1.5099676182206834	1.2930092832507523	1.5079468037409698	1.4730471883436347	1.6305786452590958	1.502209604598724	-1.0	-1.0	-1.0	-1.0	-1.0	-1.0	-1.0	-1.0	-1.0	-1.0	-1.0	-1.0	-1.0	-1.0	-1.0	-1.0	-1.0	-1.0	-1.0	-1.0	-1.0	-1.0	-1.0	-1.0	-1.0	-1.0	-1.0	-1.0	-1.0	-1.0	-1.0	-1.0	-1.0	-1.0	-1.0	-1.0	-1.0	-1.0	-1.0	-1.0	-1.0	-1.0	-1.0	-1.0	-1.0	-1.0	-1.0	-1.0	-1.0	-1.0	-1.0	-1.0	-1.0	-1.0	-1.0	-1.0
-1.0	-1.0	-1.0	-1.0	-1.0	-1.0	-1.0	-1.0	-1.0	-1.0	-1.0	-1.0	-1.0	-1.0	-1.0	-1.0	-1.0	-1.0	-1.0	-1.0	-1.0	-1.0	1.2541946646792164	1.5204030933225499	1.565878951787901	1.464191991155628	1.5072006987138145	1.3686968965944128	1.379858404292468	1.3184119505094145	1.4654771332691598	1.3868339579613367	1.2593927216996361	1.514369384787685	1.494071417968945	1.4428774577275614	1.2057529015946922	1.5801512162233275	1.3991422651079928	1.3023872807287196	1.5480085253871985	1.5233677671010064	1.3387576066519218	1.3814625850645679	-1.0	-1.0	-1.0	-1.0	-1.0	-1.0	-1.0	-1.0	-1.0	-1.0	-1.0	-1.0	-1.0	-1.0	-1.0	-1.0	-1.0	-1.0	-1.0	-1.0	-1.0	-1.0	-1.0	-1.0	-1.0	-1.0	-1.0	-1.0	-1.0	-1.0	-1.0	-1.0	-1.0	-1.0	-1.0	-1.0	-1.0	-1.0	-1.0	-1.0	-1.0	-1.0	-1.0	-1.0	-1.0	-1.0	-1.0	-1.0	-1.0	-1.0	-1.0	-1.0	-1.0	-1.0	-1.0	-1.0
-1.0	-1.0	-1.0	-1.0	-1.0	-1.0	-1.0	-1.0	-1.0	-1.0	-1.0	-1.0	-1.0	-1.0	-1.0	-1.0	-1.0	-1.0	-1.0	-1.0	-1.0	-1.0	1.5803853255831894	1.4593746891698247	1.6288708725901302	1.44049516183901	1.6456406776009076	1.5104480604668542	1.4569060097881485	1.375208945779928	1.4884283068093664	1.5526282809661214	1.3491032574929847	1.2823168864351324	1.5361995930646073	1.4402114681392646	1.4731151214085112	1.5308309424470277	1.551801581118023	1.5419004482433474	1.5722092071449734	1.4821484602832302	1.5290995381676646	1.4069887175236686	-1.0	-1.0	-1.0	-1.0	-1.0	-1.0	-1.0	-1.0	-1.0	-1.0	-1.0	-1.0	-1.0	-1.0	-1.0	-1.0	-1.0	-1.0	-1.0	-1.0	-1.0	-1.0	-1.0	-1.0	-1.0	-1.0	-1.0	-1.0	-1.0	-1.0	-1.0	-1.0	-1.0	-1.0	-1.0	-1.0	-1.0	-1.0	-1.0	-1.0	-1.0	-1.0	-1.0	-1.0	-1.0	-1.0	-1.0	-1.0	-1.0	-1.0	-1.0	-1.0	-1.0	-1.0	-1.0	-1.0
-1.0	-1.0	-1.0	-1.0	-1.0	-1.0	-1.0	-1.0	-1.0	-1.0	-1.0	-1.0	-1.0	-1.0	-1.0	-1.0	-1.0	-1.0	-1.0	-1.0	-1.0	-1.0	1.5182032501792497	1.4372009386186975	1.4232258350274898	1.5409929459590885	1.3995644046783347	1.4497769093758326	1.611064851941558	1.4288729110447154	1.670613612826112	1.4176287374083316	1.4967725350446508	1.3836077968317577	1.385453929088945	1.3532850420493114	1.5384197352569748	1.3711430141290075	1.6257126709674568	1.4174248505267855	1.5384990139724688	1.4356511521063242	1.5124740521241429	1.335735713447718	-1.0	-1.0	-1.0	-1.0	-1.0	-1.0	-1.0	-1.0	-1.0	-1.0	-1.0	-1.0	-1.0	-1.0	-1.0	-1.0	-1.0	-1.0	-1.0	-1.0	-1.0	-1.0	-1.0	-1.0	-1.0	-1.0	-1.0	-1.0	-1.0	-1.0	-1.0	-1.0	-1.0	-1.0	-1.0	-1.0	-1.0	-1.0	-1.0	-1.0	-1.0	-1.0	-1.0	-1.0	-1.0	-1.0	-1.0	-1.0	-1.0	-1.0	-1.0	-1.0	-1.0	-1.0	-1.0	-1.0
-1.0	-1.0	-1.0	-1.0	-1.0	-1.0	-1.0	-1.0	-1.0	-1.0	-1.0	-1.0	-1.0	-1.0	-1.0	-1.0	-1.0	-1.0	-1.0	-1.0	-1.0	-1.0	1.3688084933612505	1.4251109488048863	1.464071586435733	1.3432817744704142	1.3868896966758213	1.5654663011227352	1.6635803279734336	1.4619880855723788	1.5782603302658111	1.5390106064596942	1.4255211770908611	1.5749226610178264	1.4240700905221007	1.5738154113220673	1.2883180164863173	1.510041083203156	1.546344846870004	1.3461901607836524	1.3250721879496175	1.4156987373276035	1.4881397396828295	1.5683095426472937	-1.0	-1.0	-1.0	-1.0	-1.0	-1.0	-1.0	-1.0	-1.0	-1.0	-1.0	-1.0	-1.0	-1.0	-1.0	-1.0	-1.0	-1.0	-1.0	-1.0	-1.0	-1.0	-1.0	-1.0	-1.0	-1.0	-1.0	-1.0	-1.0	-1.0	-1.0	-1.0	-1.0	-1.0	-1.0	-1.0	-1.0	-1.0	-1.0	-1.0	-1.0	-1.0	-1.0	-1.0	-1.0	-1.0	-1.0	-1.0	-1.0	-1.0	-1.0	-1.0	-1.0	-1.0	-1.0	-1.0
-1.0	-1.0	-1.0	-1.0	-1.0	-1.0	-1.0	-1.0	-1.0	-1.0	-1.0	-1.0	-1.0	-1.0	-1.0	-1.0	-1.0	-1.0	-1.0	-1.0	-1.0	-1.0	1.5678915765756383	1.4081894634511842	1.3821743342772184	1.4713466340326968	1.3407417226740423	1.5780256802698123	1.5224354318789786	1.3910539983438521	1.5519570977749046	1.336111795216969	1.436510393299043	1.4580506161256275	1.3439790570719288	1.471805689031507	1.4367752565041678	1.5704447684307155	1.6416135759373982	1.499502482140269	1.3477535350894507	1.3797739929483852	1.4641327717744688	1.6852005215594026	-1.0	-1.0	-1.0	-1.0	-1.0	-1.0	-1.0	-1.0	-1.0	-1.0	-1.0	-1.0	-1.0	-1.0	-1.0	-1.0	-1.0	-1.0	-1.0	1.574921675112313	1.688513702738032	1.5291852783803948	1.7493693652254343	1.6629056426433708	1.5916036951640655	-1.0	-1.0	-1.0	-1.0	-1.0	-1.0	-1.0	-1.0	-1.0	-1.0	-1.0	1.5680278037312185	1.7380476002037415	1.7479094464135454	1.7036433608575374	1.6695332572977433	1.5329241233929554	1.6818055925536493	1.6407937613709562	1.7031706439263292	1.765017705566153	1.7805118675883769	1.7454560482216892	1.7097822353053918	1.745188753784197	1.7290968460679932	1.6081545801259307	1.731391853690915	1.6086279475912866	1.7101880461401489	1.776102196216712
-1.0	-1.0	-1.0	-1.0	-1.0	-1.0	-1.0	-1.0	-1.0	-1.0	-1.0	-1.0	-1.0	-1.0	-1.0	-1.0	-1.0	-1.0	-1.0	-1.0	-1.0	-1.0	1.3563604827661588	1.5144675813727175	1.5549134557322954	1.6171484251756225	1.3855215774453966	1.4463309253395817	1.4413401732012376	1.4210318162839162	1.398973570502035	1.2613081151777887	1.4652454705419398	1.5729029341443421	1.5433563882218975	1.4061246871225705	1.433462332913433	1.5927860096328572	1.5556837329382633	1.4473457822500093	1.44113337393173	1.5276683301535683	1.5170935949497286	1.5254219888967917	-1.0	-1.0	-1.0	-1.0	-1.0	-1.0	-1.0	-1.0	-1.0	-1.0	-1.0	-1.0	-1.0	-1.0	-1.0	-1.0	-1.0	-1.0	-1.0	1.7094567216655028	1.7097484647352972	1.642689528667931	1.747290039632938	1.4729457623751288	1.6161687462965912	-1.0	-1.0	-1.0	-1.0	-1.0	-1.0	-1.0	-1.0	-1.0	-1.0	-1.0	1.5763912805309122	1.659042930887541	1.6741775423165186	1.6942478833764847	1.7559913183413138	1.544737959290362	1.9294940055884626	1.7834240611511696	1.5257728411490188	1.726931128952782	1.7317220136661533	1.5793139315357516	1.7449643821181269	1.7777697779436838	1.6745164177509488	1.7214485038230123	1.6830831557389025	1.7018496869326507	1.7169346475094465	1.7793018210262055
-1.0	-1.0	-1.0	-1.0	-1.0	-1.0	-1.0	-1.0	-1.0	-1.0	-1.0	-1.0	-1.0	-1.0	-1.0	-1.0	-1.0	-1.0	-1.0	-1.0	-1.0	-1.0	1.7263545492108108	1.4366096982136716	1.5654334385629043	1.5041355692027025	1.599571201821981	1.3156299438594337	1.4220032917196297	1.60988586300247	1.404561825121004	1.563914705264622	1.5194420726435087	1.4880861541138455	1.3066565847045768	1.5623966264126	1.60356035877106	1.5518106092894004	1.5171965205996705	1.493388026437737	1.5629532448450125	1.5581453437315247	1.3725553637159449	1.4574884147154528	-1.0	-1.0	-1.0	-1.0	-1.0	-1.0	-1.0	-1.0	-1.0	-1.0	-1.0	-1.0	-1.0	-1.0	-1.0	-1.0	-1.0	-1.0	-1.0	1.5735201986481717	1.5936495189192297	1.6492694337706393	1.6663917623616027	1.6701004554892696	1.518602316984163	-1.0	-1.0	-1.0	-1.0	-1.0	-1.0	-1.0	-1.0	-1.0	-1.0	-1.0	1.7716894689209823	1.6176493415978506	1.7499556800620901	1.747208068507009	1.701461398323585	1.6675468880015953	1.701080342750111	1.6939383809285073	1.7457798780106886	1.6607596282150359	1.665102401521261	1.6892765212176684	1.6515191320003426	1.6228185642107733	1.7113859222103596	1.8417754923021084	1.6298860368301078	1.5554412635844126	1.4869013385899104	1.529765665203513
-1.0	-1.0	-1.0	-1.0	-1.0	-1.0	-1.0	-1.0	-1.0	-1.0	-1.0	-1.0	-1.0	-1.0	-1.0	-1.0	-1.0	-1.0	-1.0	-1.0	-1.0	-1.0	-1.0	-1.0	-1.0	-1.0	-1.0	-1.0	-1.0	-1.0	-1.0	-1.0	-1.0	-1.0	-1.0	-1.0	-1.0	-1.0	-1.0	-1.0	-1.0	-1.0	-1.0	-1.0	-1.0	-1.0	-1.0	-1.0	-1.0	-1.0	-1.0	-1.0	-1.0	-1.0	-1.0	-1.0	-1.0	-1.0	-1.0	-1.0	-1.0	-1.0	-1.0	1.9446750313032592	1.5288163328333213	1.6324182643878329	1.4637197945142366	1.585500625877937	1.6209820082608282	-1.0	-1.0	-1.0	-1.0	-1.0	-1.0	-1.0	-1.0	-1.0	-1.0	-1.0	1.6593506369373836	1.5965246297590265	1.6821835153440114	1.5622740044684336	1.8444207473174294	1.5917738200920886	1.5753004195062232	1.518742875446521	1.4105254653478507	1.744476644101366	1.8053557253825558	1.8128352410989546	1.7663082329303097	1.633286677735408	1.6658318896517645	1.5293495130073693	1.9353934323124469	1.727472786960719	1.5678542539547442	1.5509210174176957
-1.0	-1.0	-1.0	-1.0	-1.0	-1.0	-1.0	-1.0	-1.0	-1.0	-1.0	-1.0	-1.0	-1.0	-1.0	-1.0	-1.0	-1.0	-1.0	-1.0	-1.0	-1.0	-1.0	-1.0	-1.0	-1.0	-1.0	-1.0	-1.0	-1.0	-1.0	-1.0	-1.0	-1.0	-1.0	-1.0	-1.0	-1.0	-1.0	-1.0	-1.0	-1.0	-1.0	-1.0	-1.0	-1.0	-1.0	-1.0	-1.0	-1.0	-1.0	-1.0	-1.0	-1.0	-1.0	-1.0	-1.0	-1.0	-1.0	-1.0	-1.0	-1.0	-1.0	-1.0	-1.0	-1.0	-1.0	-1.0	-1.0	-1.0	-1.0	-1.0	-1.0	-1.0	-1.0	-1.0	-1.0	-1.0	-1.0	-1.0	-1.0	-1.0	-1.0	-1.0	-1.0	-1.0	-1.0	-1.0	-1.0	-1.0	-1.0	-1.0	-1.0	-1.0	-1.0	-1.0	-1.0	-1.0	-1.0	-1.0
-1.0	-1.0	-1.0	-1.0	-1.0	-1.0	-1.0	-1.0	-1.0	-1.0	-1.0	-1.0	-1.0	-1.0	-1.0	-1.0	-1.0	-1.0	-1.0	-1.0	-1.0	-1.0	-1.0	-1.0	-1.0	-1.0	-1.0	-1.0	-1.0	-1.0	-1.0	-1.0	-1.0	-1.0	-1.0	-1.0	-1.0	-1.0	-1.0	-1.0	-1.0	-1.0	-1.0	-1.0	-1.0	-1.0	-1.0	-1.0	-1.0	-1.0	-1.0	-1.0	-1.0	-1.0	-1.0	-1.0	-1.0	-1.0	-1.0	-1.0	-1.0	-1.0	-1.0	-1.0	-1.0	-1.0	-1.0	-1.0	-1.0	-1.0	-1.0	-1.0	-1.0	-1.0	-1.0	-1.0	-1.0	-1.0	-1.0	-1.0	-1.0	-1.0	-1.0	-1.0	-1.0	-1.0	-1.0	-1.0	-1.0	-1.0	-1.0	-1.0	-1.0	-1.0	-1.0	-1.0	-1.0	-1.0	-1.0	-1.0
-1.0	-1.0	-1.0	-1.0	-1.0	-1.0	-1.0	-1.0	-1.0	-1.0	-1.0	-1.0	-1.0	-1.0	-1.0	-1.0	-1.0	-1.0	-1.0	-1.0	-1.0	-1.0	-1.0	-1.0	-1.0	-1.0	-1.0	-1.0	-1.0	-1.0	-1.0	-1.0	-1.0	-1.0	-1.0	-1.0	-1.0	-1.0	-1.0	-1.0	-1.0	-1.0	-1.0	-1.0	-1.0	-1.0	-1.0	-1.0	-1.0	-1.0	-1.0	-1.0	-1.0	-1.0	-1.0	-1.0	-1.0	-1.0	-1.0	-1.0	-1.0	-1.0	-1.0	-1.0	-1.0	-1.0	-1.0	-1.0	-1.0	-1.0	-1.0	-1.0	-1.0	-1.0	-1.0	-1.0	-1.0	-1.0	-1.0	-1.0	-1.0	-1.0	-1.0	-1.0	-1.0	-1.0	-1.0	-1.0	-1.0	-1.0	-1.0	-1.0	-1.0	-1.0	-1.0	-1.0	-1.0	-1.0	-1.0	-1.0
-1.0	-1.0	-1.0	-1.0	-1.0	-1.0	-1.0	-1.0	-1.0	-1.0	-1.0	-1.0	-1.0	-1.0	-1.0	-1.0	-1.0	-1.0	-1.0	-1.0	-1.0	-1.0	-1.0	-1.0	-1.0	-1.0	-1.0	-1.0	-1.0	-1.0	-1.0	-1.0	-1.0	-1.0	-1.0	-1.0	-1.0	-1.0	-1.0	-1.0	-1.0	-1.0	-1.0	-1.0	-1.0	-1.0	-1.0	-1.0	-1.0	-1.0	-1.0	-1.0	-1.0	-1.0	-1.0	-1.0	-1.0	-1.0	-1.0	-1.0	-1.0	-1.0	-1.0	-1.0	-1.0	-1.0	-1.0	-1.0	-1.0	-1.0	-1.0	-1.0	-1.0	-1.0	-1.0	-1.0	-1.0	-1.0	-1.0	-1.0	-1.0	-1.0	-1.0	-1.0	-1.0	-1.0	-1.0	-1.0	-1.0	-1.0	-1.0	-1.0	-1.0	-1.0	-1.0	-1.0	-1.0	-1.0	-1.0	-1.0
-1.0	-1.0	-1.0	-1.0	-1.0	-1.0	-1.0	-1.0	-1.0	-1.0	-1.0	-1.0	-1.0	-1.0	-1.0	-1.0	-1.0	-1.0	-1.0	-1.0	-1.0	-1.0	-1.0	-1.0	-1.0	-1.0	-1.0	-1.0	-1.0	-1.0	-1.0	-1.0	-1.0	-1.0	-1.0	-1.0	-1.0	-1.0	-1.0	-1.0	-1.0	-1.0	-1.0	-1.0	-1.0	-1.0	-1.0	-1.0	-1.0	-1.0	-1.0	-1.0	-1.0	-1.0	-1.0	-1.0	-1.0	-1.0	-1.0	-1.0	-1.0	-1.0	-1.0	-1.0	-1.0	-1.0	-1.0	-1.0	-1.0	-1.0	-1.0	-1.0	-1.0	-1.0	-1.0	-1.0	-1.0	-1.0	-1.0	-1.0	-1.0	-1.0	-1.0	-1.0	-1.0	-1.0	-1.0	-1.0	-1.0	-1.0	-1.0	-1.0	-1.0	-1.0	-1.0	-1.0	-1.0	-1.0	-1.0	-1.0
-1.0	-1.0	-1.0	-1.0	-1.0	-1.0	-1.0	-1.0	-1.0	-1.0	-1.0	-1.0	-1.0	-1.0	-1.0	-1.0	-1.0	-1.0	-1.0	-1.0	-1.0	-1.0	-1.0	-1.0	-1.0	-1.0	-1.0	-1.0	-1.0	-1.0	-1.0	-1.0	-1.0	-1.0	-1.0	-1.0	-1.0	-1.0	-1.0	-1.0	-1.0	-1.0	-1.0	-1.0	-1.0	-1.0	-1.0	-1.0	-1.0	-1.0	-1.0	-1.0	-1.0	-1.0	-1.0	-1.0	-1.0	-1.0	-1.0	-1.0	-1.0	-1.0	-1.0	-1.0	-1.0	-1.0	-1.0	-1.0	-1.0	-1.0	-1.0	-1.0	-1.0	-1.0	-1.0	-1.0	-1.0	-1.0	-1.0	-1.0	-1.0	-1.0	-1.0	-1.0	-1.0	-1.0	-1.0	-1.0	-1.0	-1.0	-1.0	-1.0	-1.0	-1.0	-1.0	-1.0	-1.0	-1.0	-1.0	-1.0
-1.0	-1.0	-1.0	-1.0	-1.0	-1.0	-1.0	-1.0	-1.0	-1.0	-1.0	-1.0	-1.0	-1.0	-1.0	-1.0	-1.0	-1.0	-1.0	-1.0	-1.0	-1.0	-1.0	-1.0	-1.0	-1.0	-1.0	-1.0	-1.0	-1.0	-1.0	-1.0	-1.0	-1.0	-1.0	-1.0	-1.0	-1.0	-1.0	-1.0	-1.0	-1.0	-1.0	-1.0	-1.0	-1.0	-1.0	-1.0	-1.0	-1.0	-1.0	-1.0	-1.0	-1.0	-1.0	-1.0	-1.0	-1.0	-1.0	-1.0	-1.0	-1.0	-1.0	-1.0	-1.0	-1.0	-1.0	-1.0	-1.0	-1.0	-1.0	-1.0	-1.0	-1.0	-1.0	-1.0	-1.0	-1.0	-1.0	-1.0	-1.0	-1.0	-1.0	-1.0	-1.0	-1.0	-1.0	-1.0	-1.0	-1.0	-1.0	-1.0	-1.0	-1.0	-1.0	-1.0	-1.0	-1.0	-1.0	-1.0
-1.0	-1.0	-1.0	-1.0	-1.0	-1.0	-1.0	-1.0	-1.0	-1.0	-1.0	-1.0	-1.0	-1.0	-1.0	-1.0	-1.0	-1.0	-1.0	-1.0	-1.0	-1.0	-1.0	-1.0	-1.0	-1.0	-1.0	-1.0	-1.0	-1.0	-1.0	-1.0	-1.0	-1.0	-1.0	-1.0	-1.0	-1.0	-1.0	-1.0	-1.0	-1.0	-1.0	-1.0	-1.0	-1.0	-1.0	-1.0	-1.0	-1.0	-1.0	-1.0	-1.0	-1.0	-1.0	-1.0	-1.0	-1.0	-1.0	-1.0	-1.0	-1.0	-1.0	-1.0	-1.0	-1.0	-1.0	-1.0	-1.0	-1.0	-1.0	-1.0	-1.0	-1.0	-1.0	-1.0	-1.0	-1.0	-1.0	-1.0	-1.0	-1.0	-1.0	-1.0	-1.0	-1.0	-1.0	-1.0	-1.0	-1.0	-1.0	-1.0	-1.0	-1.0	-1.0	-1.0	-1.0	-1.0	-1.0	-1.0
-1.0	-1.0	-1.0	-1.0	-1.0	-1.0	-1.0	-1.0	-1.0	-1.0	-1.0	-1.0	-1.0	-1.0	-1.0	-1.0	-1.0	-1.0	-1.0	-1.0	-1.0	-1.0	-1.0	-1.0	-1.0	-1.0	-1.0	-1.0	-1.0	-1.0	-1.0	-1.0	-1.0	-1.0	-1.0	-1.0	-1.0	-1.0	-1.0	-1.0	-1.0	-1.0	-1.0	-1.0	-1.0	-1.0	-1.0	-1.0	-1.0	-1.0	-1.0	-1.0	-1.0	-1.0	-1.0	-1.0	-1.0	-1.0	-1.0	-1.0	-1.0	-1.0	-1.0	-1.0	-1.0	-1.0	-1.0	-1.0	-1.0	-1.0	-1.0	-1.0	-1.0	-1.0	-1.0	-1.0	-1.0	-1.0	-1.0	-1.0	-1.0	-1.0	-1.0	-1.0	-1.0	-1.0	-1.0	-1.0	-1.0	-1.0	-1.0	-1.0	-1.0	-1.0	-1.0	-1.0	-1.0	-1.0	-1.0	-1.0
-1.0	-1.0	-1.0	-1.0	-1.0	-1.0	-1.0	-1.0	-1.0	-1.0	-1.0	-1.0	-1.0	-1.0	-1.0	-1.0	-1.0	-1.0	-1.0	-1.0	-1.0	-1.0	-1.0	-1.0	-1.0	-1.0	-1.0	-1.0	-1.0	-1.0	-1.0	-1.0	-1.0	-1.0	-1.0	-1.0	-1.0	-1.0	-1.0	-1.0	-1.0	-1.0	-1.0	-1.0	-1.0	-1.0	-1.0	-1.0	-1.0	-1.0	-1.0	-1.0	-1.0	-1.0	-1.0	-1.0	-1.0	-1.0	-1.0	-1.0	-1.0	-1.0	-1.0	-1.0	-1.0	-1.0	-1.0	-1.0	-1.0	-1.0	-1.0	-1.0	-1.0	-1.0	-1.0	-1.0	-1.0	-1.0	-1.0	-1.0	-1.0	-1.0	-1.0	-1.0	-1.0	-1.0	-1.0	-1.0	-1.0	-1.0	-1.0	-1.0	-1.0	-1.0	-1.0	-1.0	-1.0	-1.0	-1.0	-1.0
-1.0	-1.0	-1.0	-1.0	-1.0	-1.0	-1.0	-1.0	-1.0	-1.0	-1.0	-1.0	-1.0	-1.0	-1.0	-1.0	-1.0	-1.0	-1.0	-1.0	-1.0	-1.0	-1.0	-1.0	-1.0	-1.0	-1.0	-1.0	-1.0	-1.0	-1.0	-1.0	-1.0	-1.0	-1.0	-1.0	-1.0	-1.0	-1.0	-1.0	-1.0	-1.0	-1.0	-1.0	-1.0	-1.0	-1.0	-1.0	-1.0	-1.0	-1.0	-1.0	-1.0	-1.0	-1.0	-1.0	-1.0	-1.0	-1.0	-1.0	-1.0	-1.0	-1.0	-1.0	-1.0	-1.0	-1.0	-1.0	-1.0	-1.0	-1.0	-1.0	-1.0	-1.0	-1.0	-1.0	-1.0	-1.0	-1.0	-1.0	-1.0	-1.0	-1.0	-1.0	-1.0	-1.0	-1.0	-1.0	-1.0	-1.0	-1.0	-1.0	-1.0	-1.0	-1.0	-1.0	-1.0	-1.0	-1.0	-1.0
-1.0	-1.0	-1.0	-1.0	-1.0	-1.0	-1.0	-1.0	-1.0	-1.0	-1.0	-1.0	-1.0	-1.0	-1.0	-1.0	-1.0	-1.0	-1.0	-1.0	-1.0	-1.0	-1.0	-1.0	-1.0	-1.0	-1.0	-1.0	-1.0	-1.0	-1.0	-1.0	-1.0	-1.0	-1.0	-1.0	-1.0	-1.0	-1.0	-1.0	-1.0	-1.0	-1.0	-1.0	-1.0	-1.0	-1.0	-1.0	-1.0	-1.0	-1.0	-1.0	-1.0	-1.0	-1.0	-1.0	-1.0	-1.0	-1.0	-1.0	-1.0	-1.0	-1.0	-1.0	-1.0	-1.0	-1.0	-1.0	-1.0	-1.0	-1.0	-1.0	-1.0	-1.0	-1.0	-1.0	-1.0	-1.0	-1.0	-1.0	-1.0	-1.0	-1.0	-1.0	-1.0	-1.0	-1.0	-1.0	-1.0	-1.0	-1.0	-1.0	-1.0	-1.0	-1.0	-1.0	-1.0	-1.0	-1.0	-1.0
-1.0	-1.0	-1.0	-1.0	-1.0	-1.0	-1.0	-1.0	-1.0	-1.0	-1.0	-1.0	-1.0	-1.0	-1.0	-1.0	-1.0	-1.0	-1.0	-1.0	-1.0	-1.0	-1.0	-1.0	-1.0	-1.0	-1.0	-1.0	-1.0	-1.0	-1.0	-1.0	-1.0	-1.0	-1.0	-1.0	-1.0	-1.0	-1.0	-1.0	-1.0	-1.0	-1.0	-1.0	-1.0	-1.0	-1.0	-1.0	-1.0	-1.0	-1.0	-1.0	-1.0	-1.0	-1.0	-1.0	-1.0	-1.0	-1.0	-1.0	-1.0	-1.0	-1.0	-1.0	-1.0	-1.0	-1.0	-1.0	-1.0	-1.0	-1.0	-1.0	-1.0	-1.0	-1.0	-1.0	-1.0	-1.0	-1.0	-1.0	-1.0	-1.0	-1.0	-1.0	-1.0	-1.0	-1.0	-1.0	-1.0	-1.0	-1.0	-1.0	-1.0	-1.0	-1.0	-1.0	-1.0	-1.0	-1.0	-1.0
-1.0	-1.0	-1.0	-1.0	-1.0	-1.0	-1.0	-1.0	-1.0	-1.0	-1.0	-1.0	-1.0	-1.0	-1.0	-1.0	-1.0	-1.0	-1.0	-1.0	-1.0	-1.0	-1.0	-1.0	-1.0	-1.0	-1.0	-1.0	-1.0	-1.0	-1.0	-1.0	-1.0	-1.0	-1.0	-1.0	-1.0	-1.0	-1.0	-1.0	-1.0	-1.0	-1.0	-1.0	-1.0	-1.0	-1.0	-1.0	-1.0	-1.0	-1.0	-1.0	-1.0	-1.0	-1.0	-1.0	-1.0	-1.0	-1.0	-1.0	-1.0	-1.0	-1.0	-1.0	-1.0	-1.0	-1.0	-1.0	-1.0	-1.0	-1.0	-1.0	-1.0	-1.0	-1.0	-1.0	-1.0	-1.0	-1.0	-1.0	-1.0	-1.0	-1.0	-1.0	-1.0	-1.0	-1.0	-1.0	-1.0	-1.0	-1.0	-1.0	-1.0	-1.0	-1.0	-1.0	-1.0	-1.0	-1.0	-1.0
-1.0	-1.0	-1.0	-1.0	-1.0	-1.0	-1.0	-1.0	-1.0	-1.0	-1.0	-1.0	-1.0	-1.0	-1.0	-1.0	-1.0	-1.0	-1.0	-1.0	-1.0	-1.0	-1.0	-1.0	-1.0	-1.0	-1.0	-1.0	-1.0	-1.0	-1.0	-1.0	-1.0	-1.0	-1.0	-1.0	-1.0	-1.0	-1.0	-1.0	-1.0	-1.0	-1.0	-1.0	-1.0	-1.0	-1.0	-1.0	-1.0	-1.0	-1.0	-1.0	-1.0	-1.0	-1.0	-1.0	-1.0	-1.0	-1.0	-1.0	-1.0	-1.0	-1.0	-1.0	-1.0	-1.0	-1.0	-1.0	-1.0	-1.0	-1.0	-1.0	-1.0	-1.0	-1.0	-1.0	-1.0	-1.0	-1.0	-1.0	-1.0	-1.0	-1.0	-1.0	-1.0	-1.0	-1.0	-1.0	-1.0	-1.0	-1.0	-1.0	-1.0	-1.0	-1.0	-1.0	-1.0	-1.0	-1.0	-1.0
-1.0	-1.0	-1.0	-1.0	-1.0	-1.0	-1.0	-1.0	-1.0	-1.0	-1.0	-1.0	-1.0	-1.0	-1.0	-1.0	-1.0	-1.0	-1.0	-1.0	-1.0	-1.0	-1.0	-1.0	-1.0	-1.0	-1.0	-1.0	-1.0	-1.0	-1.0	-1.0	-1.0	-1.0	-1.0	-1.0	-1.0	-1.0	-1.0	-1.0	-1.0	-1.0	-1.0	-1.0	-1.0	-1.0	-1.0	-1.0	-1.0	-1.0	-1.0	-1.0	-1.0	-1.0	-1.0	-1.0	-1.0	-1.0	-1.0	-1.0	-1.0	-1.0	-1.0	-1.0	-1.0	-1.0	-1.0	-1.0	-1.0	-1.0	-1.0	-1.0	-1.0	-1.0	-1.0	-1.0	-1.0	-1.0	-1.0	-1.0	-1.0	-1.0	-1.0	-1.0	-1.0	-1.0	-1.0	-1.0	-1.0	-1.0	-1.0	-1.0	-1.0	-1.0	-1.0	-1.0	-1.0	-1.0	-1.0	-1.0
-1.0	-1.0	-1.0	-1.0	-1.0	-1.0	-1.0	-1.0	-1.0	-1.0	-1.0	-1.0	-1.0	-1.0	-1.0	-1.0	-1.0	-1.0	-1.0	-1.0	-1.0	-1.0	-1.0	-1.0	-1.0	-1.0	-1.0	-1.0	-1.0	-1.0	-1.0	-1.0	-1.0	-1.0	-1.0	-1.0	-1.0	-1.0	-1.0	-1.0	-1.0	-1.0	-1.0	-1.0	-1.0	-1.0	-1.0	-1.0	-1.0	-1.0	-1.0	-1.0	-1.0	-1.0	-1.0	-1.0	-1.0	-1.0	-1.0	-1.0	-1.0	-1.0	-1.0	-1.0	-1.0	-1.0	-1.0	-1.0	-1.0	-1.0	-1.0	-1.0	-1.0	-1.0	-1.0	-1.0	-1.0	-1.0	-1.0	-1.0	-1.0	-1.0	-1.0	-1.0	-1.0	-1.0	-1.0	-1.0	-1.0	-1.0	-1.0	-1.0	-1.0	-1.0	-1.0	-1.0	-1.0	-1.0	-1.0	-1.0
-1.0	-1.0	-1.0	-1.0	-1.0	-1.0	-1.0	-1.0	-1.0	-1.0	-1.0	-1.0	-1.0	-1.0	-1.0	-1.0	-1.0	-1.0	-1.0	-1.0	-1.0	-1.0	-1.0	-1.0	-1.0	-1.0	-1.0	-1.0	-1.0	-1.0	-1.0	-1.0	-1.0	-1.0	-1.0	-1.0	-1.0	-1.0	-1.0	-1.0	-1.0	-1.0	-1.0	-1.0	-1.0	-1.0	-1.0	-1.0	-1.0	-1.0	-1.0	-1.0	-1.0	-1.0	-1.0	-1.0	-1.0	-1.0	-1.0	-1.0	-1.0	-1.0	-1.0	-1.0	-1.0	-1.0	-1.0	-1.0	-1.0	-1.0	-1.0	-1.0	-1.0	-1.0	-1.0	-1.0	-1.0	-1.0	-1.0	-1.0	-1.0	-1.0	-1.0	-1.0	-1.0	-1.0	-1.0	-1.0	-1.0	-1.0	-1.0	-1.0	-1.0	-1.0	-1.0	-1.0	-1.0	-1.0	-1.0	-1.0
-1.0	-1.0	-1.0	-1.0	-1.0	-1.0	-1.0	-1.0	-1.0	-1.0	-1.0	-1.0	-1.0	-1.0	-1.0	-1.0	-1.0	-1.0	-1.0	-1.0	-1.0	-1.0	-1.0	-1.0	-1.0	-1.0	-1.0	-1.0	-1.0	-1.0	-1.0	-1.0	-1.0	-1.0	-1.0	-1.0	-1.0	-1.0	-1.0	-1.0	-1.0	-1.0	-1.0	-1.0	-1.0	-1.0	-1.0	-1.0	-1.0	-1.0	-1.0	-1.0	-1.0	-1.0	-1.0	-1.0	-1.0	-1.0	-1.0	-1.0	-1.0	-1.0	-1.0	-1.0	-1.0	-1.0	-1.0	-1.0	-1.0	-1.0	-1.0	-1.0	-1.0	-1.0	-1.0	-1.0	-1.0	-1.0	-1.0	-1.0	-1.0	-1.0	-1.0	-1.0	-1.0	-1.0	-1.0	-1.0	-1.0	-1.0	-1.0	-1.0	-1.0	-1.0	-1.0	-1.0	-1.0	-1.0	-1.0	-1.0
-1.0	-1.0	-1.0	-1.0	-1.0	-1.0	-1.0	-1.0	-1.0	-1.0	-1.0	-1.0	-1.0	-1.0	-1.0	-1.0	-1.0	-1.0	-1.0	-1.0	-1.0	-1.0	-1.0	-1.0	-1.0	-1.0	-1.0	-1.0	-1.0	-1.0	-1.0	-1.0	-1.0	-1.0	-1.0	-1.0	-1.0	-1.0	-1.0	-1.0	-1.0	-1.0	-1.0	-1.0	-1.0	-1.0	-1.0	-1.0	-1.0	-1.0	-1.0	-1.0	-1.0	-1.0	-1.0	-1.0	-1.0	-1.0	-1.0	-1.0	-1.0	-1.0	-1.0	-1.0	-1.0	-1.0	-1.0	-1.0	-1.0	-1.0	-1.0	-1.0	-1.0	-1.0	-1.0	-1.0	-1.0	-1.0	-1.0	-1.0	-1.0	-1.0	-1.0	-1.0	-1.0	-1.0	-1.0	-1.0	-1.0	-1.0	-1.0	-1.0	-1.0	-1.0	-1.0	-1.0	-1.0	-1.0	-1.0	-1.0
-1.0	-1.0	-1.0	-1.0	-1.0	-1.0	-1.0	-1.0	-1.0	-1.0	-1.0	-1.0	-1.0	-1.0	-1.0	-1.0	-1.0	-1.0	-1.0	-1.0	-1.0	-1.0	-1.0	-1.0	-1.0	-1.0	-1.0	-1.0	-1.0	-1.0	-1.0	-1.0	-1.0	-1.0	-1.0	-1.0	-1.0	-1.0	-1.0	-1.0	-1.0	-1.0	-1.0	-1.0	-1.0	-1.0	-1.0	-1.0	-1.0	-1.0	-1.0	-1.0	-1.0	-1.0	-1.0	-1.0	-1.0	-1.0	-1.0	-1.0	-1.0	-1.0	-1.0	-1.0	-1.0	-1.0	-1.0	-1.0	-1.0	-1.0	-1.0	-1.0	-1.0	-1.0	-1.0	-1.0	-1.0	-1.0	-1.0	-1.0	-1.0	-1.0	-1.0	-1.0	-1.0	-1.0	-1.0	-1.0	-1.0	-1.0	-1.0	-1.0	-1.0	-1.0	-1.0	-1.0	-1.0	-1.0	-1.0	-1.0
-1.0	-1.0	-1.0	-1.0	-1.0	-1.0	-1.0	-1.0	-1.0	-1.0	-1.0	-1.0	-1.0	-1.0	-1.0	-1.0	-1.0	-1.0	-1.0	-1.0	-1.0	-1.0	-1.0	-1.0	-1.0	-1.0	-1.0	-1.0	-1.0	-1.0	-1.0	-1.0	-1.0	-1.0	-1.0	-1.0	-1.0	-1.0	-1.0	-1.0	-1.0	-1.0	-1.0	-1.0	-1.0	-1.0	-1.0	-1.0	-1.0	-1.0	-1.0	-1.0	-1.0	-1.0	-1.0	-1.0	-1.0	-1.0	-1.0	-1.0	-1.0	-1.0	-1.0	-1.0	-1.0	-1.0	-1.0	-1.0	-1.0	-1.0	-1.0	-1.0	-1.0	-1.0	-1.0	-1.0	-1.0	-1.0	-1.0	-1.0	-1.0	-1.0	-1.0	-1.0	-1.0	-1.0	-1.0	-1.0	-1.0	-1.0	-1.0	-1.0	-1.0	-1.0	-1.0	-1.0	-1.0	-1.0	-1.0	-1.0
-1.0	-1.0	-1.0	-1.0	-1.0	-1.0	-1.0	-1.0	-1.0	-1.0	-1.0	-1.0	-1.0	-1.0	-1.0	-1.0	-1.0	-1.0	-1.0	-1.0	-1.0	-1.0	-1.0	-1.0	-1.0	-1.0	-1.0	-1.0	-1.0	-1.0	-1.0	-1.0	-1.0	-1.0	-1.0	-1.0	-1.0	-1.0	-1.0	-1.0	-1.0	-1.0	-1.0	-1.0	-1.0	-1.0	-1.0	-1.0	-1.0	-1.0	-1.0	-1.0	-1.0	-1.0	-1.0	-1.0	-1.0	-1.0	-1.0	-1.0	-1.0	-1.0	-1.0	-1.0	-1.0	-1.0	-1.0	-1.0	-1.0	-1.0	-1.0	-1.0	-1.0	-1.0	-1.0	-1.0	-1.0	-1.0	-1.0	-1.0	-1.0	-1.0	-1.0	-1.0	-1.0	-1.0	-1.0	-1.0	-1.0	-1.0	-1.0	-1.0	-1.0	-1.0	-1.0	-1.0	-1.0	-1.0	-1.0	-1.0
-1.0	-1.0	-1.0	-1.0	-1.0	-1.0	-1.0	-1.0	-1.0	-1.0	-1.0	-1.0	-1.0	-1.0	-1.0	-1.0	-1.0	-1.0	-1.0	-1.0	-1.0	-1.0	-1.0	-1.0	-1.0	-1.0	-1.0	-1.0	-1.0	-1.0	-1.0	-1.0	-1.0	-1.0	-1.0	-1.0	-1.0	-1.0	-1.0	-1.0	-1.0	-1.0	-1.0	-1.0	-1.0	-1.0	-1.0	-1.0	-1.0	-1.0	-1.0	-1.0	-1.0	-1.0	-1.0	-1.0	-1.0	-1.0	-1.0	-1.0	-1.0	-1.0	-1.0	-1.0	-1.0	-1.0	-1.0	-1.0	-1.0	-1.0	-1.0	-1.0	-1.0	-1.0	-1.0	-1.0	-1.0	-1.0	-1.0	-1.0	-1.0	-1.0	-1.0	-1.0	-1.0	-1.0	-1.0	-1.0	-1.0	-1.0	-1.0	-1.0	-1.0	-1.0	-1.0	-1.0	-1.0	-1.0	-1.0	-1.0
-1.0	-1.0	-1.0	-1.0	-1.0	-1.0	-1.0	-1.0	-1.0	-1.0	-1.0	-1.0	-1.0	-1.0	-1.0	-1.0	-1.0	-1.0	-1.0	-1.0	-1.0	-1.0	-1.0	-1.0	-1.0	-1.0	-1.0	-1.0	-1.0	-1.0	-1.0	-1.0	-1.0	-1.0	-1.0	-1.0	-1.0	-1.0	-1.0	-1.0	-1.0	-1.0	-1.0	-1.0	-1.0	-1.0	-1.0	-1.0	-1.0	-1.0	-1.0	-1.0	-1.0	-1.0	-1.0	-1.0	-1.0	-1.0	-1.0	-1.0	-1.0	-1.0	-1.0	-1.0	-1.0	-1.0	-1.0	-1.0	-1.0	-1.0	-1.0	-1.0	-1.0	-1.0	-1.0	-1.0	-1.0	-1.0	-1.0	-1.0	-1.0	-1.0	-1.0	-1.0	-1.0	-1.0	-1.0	-1.0	-1.0	-1.0	-1.0	-1.0	-1.0	-1.0	-1.0	-1.0	-1.0	-1.0	-1.0	-1.0
-1.0	-1.0	-1.0	-1.0	-1.0	-1.0	-1.0	-1.0	-1.0	-1.0	-1.0	-1.0	-1.0	-1.0	-1.0	-1.0	-1.0	-1.0	-1.0	-1.0	-1.0	-1.0	-1.0	-1.0	-1.0	-1.0	-1.0	-1.0	-1.0	-1.0	-1.0	-1.0	-1.0	-1.0	-1.0	-1.0	-1.0	-1.0	-1.0	-1.0	-1.0	-1.0	-1.0	-1.0	-1.0	-1.0	-1.0	-1.0	-1.0	-1.0	-1.0	-1.0	-1.0	-1.0	-1.0	-1.0	-1.0	-1.0	-1.0	-1.0	-1.0	-1.0	-1.0	-1.0	-1.0	-1.0	-1.0	-1.0	-1.0	-1.0	-1.0	-1.0	-1.0	-1.0	-1.0	-1.0	-1.0	-1.0	-1.0	-1.0	-1.0	-1.0	-1.0	-1.0	-1.0	-1.0	-1.0	-1.0	-1.0	-1.0	-1.0	-1.0	-1.0	-1.0	-1.0	-1.0	-1.0	-1.0	-1.0	-1.0
-1.0	-1.0	-1.0	-1.0	-1.0	-1.0	-1.0	-1.0	-1.0	-1.0	-1.0	-1.0	-1.0	-1.0	-1.0	-1.0	-1.0	-1.0	-1.0	-1.0	-1.0	-1.0	-1.0	-1.0	-1.0	-1.0	-1.0	-1.0	-1.0	-1.0	-1.0	-1.0	-1.0	-1.0	-1.0	-1.0	-1.0	-1.0	-1.0	-1.0	-1.0	-1.0	-1.0	-1.0	-1.0	-1.0	-1.0	-1.0	-1.0	-1.0	-1.0	-1.0	-1.0	-1.0	-1.0	-1.0	-1.0	-1.0	-1.0	-1.0	-1.0	-1.0	-1.0	-1.0	-1.0	-1.0	-1.0	-1.0	-1.0	-1.0	-1.0	-1.0	-1.0	-1.0	-1.0	-1.0	-1.0	-1.0	-1.0	-1.0	-1.0	-1.0	-1.0	-1.0	-1.0	-1.0	-1.0	-1.0	-1.0	-1.0	-1.0	-1.0	-1.0	-1.0	-1.0	-1.0	-1.0	-1.0	-1.0	-1.0
1.4807042576378822	-1.0	1.4065815773565513	1.5790254788135938	1.5136510185067935	1.2990339075043686	-1.0	-1.0	-1.0	-1.0	-1.0	-1.0	-1.0	-1.0	-1.0	-1.0	-1.0	-1.0	-1.0	-1.0	-1.0	-1.0	-1.0	-1.0	-1.0	-1.0	-1.0	-1.0	-1.0	-1.0	-1.0	-1.0	-1.0	-1.0	-1.0	-1.0	-1.0	-1.0	-1.0	-1.0	-1.0	-1.0	-1.0	-1.0	-1.0	-1.0	-1.0	-1.0	-1.0	-1.0	-1.0	-1.0	-1.0	1.49594360847037	1.5863952247300528	1.3677288729536363	1.4645914421751776	1.3278496839655418	1.3555456491073294	1.345646765600659	1.5921704248575173	1.3198963902571645	1.2014852026629754	-1.0	-1.0	-1.0	-1.0	-1.0	-1.0	-1.0	1.7001519331856194	1.399456542502678	1.4216938779423507	1.4658771418759426	1.510733266398773	1.4640817045269536	1.43718074722673	1.5443102695920443	1.4381822426559803	1.3810517936348512	-1.0	-1.0	-1.0	-1.0	-1.0	-1.0	-1.0	-1.0	-1.0	-1.0	-1.0	-1.0	-1.0	-1.0	-1.0	-1.0	-1.0	-1.0	-1.0	-1.0
1.4232386864366169	-1.0	1.4832519549197276	1.6021815251198905	1.4738480696463994	1.491597512435606	-1.0	-1.0	-1.0	-1.0	-1.0	-1.0	-1.0	-1.0	-1.0	-1.0	-1.0	-1.0	-1.0	-1.0	-1.0	-1.0	-1.0	-1.0	-1.0	-1.0	-1.0	-1.0	-1.0	-1.0	-1.0	-1.0	-1.0	-1.0	-1.0	-1.0	-1.0	-1.0	-1.0	-1.0	-1.0	-1.0	-1.0	-1.0	-1.0	-1.0	-1.0	-1.0	-1.0	-1.0	-1.0	-1.0	-1.0	1.4567779233844185	1.453207776029653	1.4935919530056925	1.3278348426564837	1.5507104283054995	1.4504805214631207	1.4101487916973363	1.4872438591656274	1.5186990575729515	1.5040682247305257	-1.0	-1.0	-1.0	-1.0	-1.0	-1.0	-1.0	1.3661575942926014	1.419837248114774	1.408394287452571	1.6068587817178186	1.475731193867039	1.4752781768373893	1.4774115782652997	1.5587397810180939	1.465658638725994	1.56946968271594	-1.0	-1.0	-1.0	-1.0	-1.0	-1.0	-1.0	-1.0	-1.0	-1.0	-1.0	-1.0	-1.0	-1.0	-1.0	-1.0	-1.0	-1.0	-1.0	-1.0
1.4366600644571461	-1.0	1.422489500525734	1.4627695374615453	1.629145082845401	1.4512451460937696	-1.0	-1.0	-1.0	-1.0	-1.0	-1.0	-1.0	-1.0	-1.0	-1.0	-1.0	-1.0	-1.0	-1.0	-1.0	-1.0	-1.0	-1.0	-1.0	-1.0	-1.0	-1.0	-1.0	-1.0	-1.0	-1.0	-1.0	-1.0	-1.0	-1.0	-1.0	-1.0	-1.0	-1.0	-1.0	-1.0	-1.0	-1.0	-1.0	-1.0	-1.0	-1.0	-1.0	-1.0	-1.0	-1.0	-1.0	1.5275798073203197	1.447819831751582	1.4765363041304573	1.4831461532123076	1.3424713974249163	1.469230180191708	1.358195959042597	1.4829712315426686	1.1397106798496326	1.5257489161691762	-1.0	-1.0	-1.0	-1.0	-1.0	-1.0	-1.0	1.3694016728878722	1.5521522407567414	1.3487469159123315	1.5835503646928846	1.4634747706123583	1.495245130804583	1.39353785915829	1.2847210025055533	1.394388206206943	1.4504374018055184	-1.0	-1.0	-1.0	-1.0	-1.0	-1.0	-1.0	-1.0	-1.0	-1.0	-1.0	-1.0	-1.0	-1.0	-1.0	-1.0	-1.0	-1.0	-1.0	-1.0
1.4417013365771922	-1.0	1.552087645190225	1.3678959608077201	1.4028614785506441	1.4949411478021437	-1.0	-1.0	-1.0	-1.0	-1.0	-1.0	-1.0	-1.0	-1.0	-1.0	-1.0	-1.0	-1.0	-1.0	-1.0	-1.0	-1.0	-1.0	-1.0	-1.0	-1.0	-1.0	-1.0	-1.0	-1.0	-1.0	-1.0	-1.0	-1.0	-1.0	-1.0	-1.0	-1.0	-1.0	-1.0	-1.0	-1.0	-1.0	-1.0	-1.0	-1.0	-1.0	-1.0	-1.0	-1.0	-1.0	-1.0	1.2927859935582158	1.3914491243695397	1.3531752803186348	1.2967372118898577	1.2245827276042827	1.3805582814339687	1.6058195907237793	1.5543836423311845	1.4812793003543445	1.6206727971434625	-1.0	-1.0	-1.0	-1.0	-1.0	-1.0	-1.0	1.2795865594926779	1.4522978803911224	1.383390355679238	1.4665725675341632	1.5286361554183838	1.4346666500588225	1.3975792893072774	1.2773095245395596	1.4946266947040479	1.4142757337520302	-1.0	-1.0	-1.0	-1.0	-1.0	-1.0	-1.0	-1.0	-1.0	-1.0	-1.0	-1.0	-1.0	-1.0	-1.0	-1.0	-1.0	-1.0	-1.0	-1.0
1.3707101248899782	-1.0	1.5307620317705763	1.38106558538498	1.69257955246847	1.4778122867965846	-1.0	-1.0	-1.0	-1.0	-1.0	-1.0	-1.0	-1.0	-1.0	-1.0	-1.0	-1.0	-1.0	-1.0	-1.0	-1.0	-1.0	-1.0	-1.0	-1.0	-1.0	-1.0	-1.0	-1.0	-1.0	-1.0	-1.0	-1.0	-1.0	-1.0	-1.0	-1.0	-1.0	-1.0	-1.0	-1.0	-1.0	-1.0	-1.0	-1.0	-1.0	-1.0	-1.0	-1.0	-1.0	-1.0	-1.0	1.4698589766025871	1.5447056060345243	1.2616108028852604	1.3915858490318194	1.5788001654935457	1.3665197315743511	1.5682870356428886	1.3756333104859007	1.5047474467357773	1.4444218544048668	-1.0	-1.0	-1.0	-1.0	-1.0	-1.0	-1.0	1.5778241551095242	1.487916735334806	1.3436031205841603	1.4783383110018646	1.3842088208017893	1.2755140594857044	1.5944247221958032	1.523998769699636	1.4181875186635131	1.4895210747823533	-1.0	-1.0	-1.0	-1.0	-1.0	-1.0	-1.0	-1.0	-1.0	-1.0	-1.0	-1.0	-1.0	-1.0	-1.0	-1.0	-1.0	-1.0	-1.0	-1.0
1.5932064463624647	-1.0	1.469970398302913	1.5449188677670596	1.2478709120230391	1.4955597565713685	-1.0	-1.0	-1.0	-1.0	-1.0	-1.0	-1.0	-1.0	-1.0	-1.0	-1.0	-1.0	-1.0	-1.0	-1.0	-1.0	-1.0	-1.0	-1.0	-1.0	-1.0	-1.0	-1.0	-1.0	-1.0	-1.0	-1.0	-1.0	-1.0	-1.0	-1.0	-1.0	-1.0	-1.0	-1.0	-1.0	-1.0	-1.0	-1.0	-1.0	-1.0	-1.0	-1.0	-1.0	-1.0	-1.0	-1.0	1.3862054413349223	1.5923045703897194	1.3283590996719048	1.4095389402148877	1.5624958881114435	1.422292247859887	1.3646440880232833	1.507296029281653	1.4870438490666205	1.3962600336617248	-1.0	-1.0	-1.0	-1.0	-1.0	-1.0	-1.0	1.5123712980035018	1.4429495155458676	1.2743135085232016	1.4591538889201339	1.514017455624974	1.402774370138463	1.525954333655452	1.4455621747366627	1.455463132173843	1.4301081625448449	-1.0	-1.0	-1.0	-1.0	-1.0	-1.0	-1.0	-1.0	-1.0	-1.0	-1.0	-1.0	-1.0	-1.0	-1.0	-1.0	-1.0	-1.0	-1.0	-1.0
1.3269546357206792	-1.0	1.4728277020199614	1.5196598164549742	1.396101362174498	1.5226151470590683	-1.0	-1.0	-1.0	-1.0	-1.0	-1.0	-1.0	-1.0	-1.0	-1.0	-1.0	-1.0	-1.0	-1.0	-1.0	-1.0	-1.0	-1.0	-1.0	-1.0	-1.0	-1.0	-1.0	-1.0	-1.0	-1.0	-1.0	-1.0	-1.0	-1.0	-1.0	-1.0	-1.0	-1.0	-1.0	-1.0	-1.0	-1.0	-1.0	-1.0	-1.0	-1.0	-1.0	-1.0	-1.0	-1.0	-1.0	1.4748838069254946	1.4902356841565494	1.4944561141752504	1.4917947768631672	1.512131023689863	1.490685396001856	1.4347297359546807	1.531491555726532	1.4497798382453027	1.3775140392491978	-1.0	-1.0	-1.0	-1.0	-1.0	-1.0	-1.0	1.2808592818828914	1.4923920335383247	1.5280688879533286	1.3848078968922861	1.4158368449554275	1.377076228622427	1.5984198863483217	1.390563500578394	1.6120389038967429	1.3674328818426915	-1.0	-1.0	-1.0	-1.0	-1.0	-1.0	-1.0	-1.0	-1.0	-1.0	-1.0	-1.0	-1.0	-1.0	-1.0	-1.0	-1.0	-1.0	-1.0	-1.0
-1.0	-1.0	-1.0	-1.0	-1.0	-1.0	-1.0	-1.0	-1.0	-1.0	-1.0	-1.0	-1.0	-1.0	-1.0	-1.0	-1.0	-1.0	-1.0	-1.0	-1.0	-1.0	-1.0	-1.0	-1.0	-1.0	-1.0	-1.0	-1.0	-1.0	-1.0	-1.0	-1.0	-1.0	-1.0	-1.0	-1.0	-1.0	-1.0	-1.0	-1.0	-1.0	-1.0	-1.0	-1.0	-1.0	-1.0	-1.0	-1.0	-1.0	-1.0	-1.0	-1.0	-1.0	-1.0	-1.0	-1.0	-1.0	-1.0	-1.0	-1.0	-1.0	-1.0	-1.0	-1.0	-1.0	-1.0	-1.0	-1.0	-1.0	-1.0	-1.0	-1.0	-1.0	-1.0	-1.0	-1.0	-1.0	-1.0	-1.0	-1.0	-1.0	-1.0	-1.0	-1.0	-1.0	-1.0	-1.0	-1.0	-1.0	-1.0	-1.0	-1.0	-1.0	-1.0	-1.0	-1.0	-1.0	-1.0	-1.0
