100
100
-1.0	-1.0	-1.0	-1.0	-1.0	-1.0	-1.0	-1.0	-1.0	-1.0	-1.0	-1.0	-1.0	-1.0	-1.0	-1.0	-1.0	-1.0	-1.0	-1.0	-1.0	-1.0	-1.0	-1.0	-1.0	-1.0	-1.0	-1.0	-1.0	-1.0	-1.0	-1.0	-1.0	-1.0	-1.0	-1.0	-1.0	-1.0	-1.0	-1.0	-1.0	-1.0	-1.0	-1.0	-1.0	-1.0	-1.0	-1.0	-1.0	-1.0	-1.0	-1.0	-1.0	-1.0	-1.0	-1.0	-1.0	-1.0	-1.0	-1.0	-1.0	-1.0	-1.0	-1.0	-1.0	-1.0	-1.0	-1.0	-1.0	-1.0	-1.0	-1.0	-1.0	-1.0	-1.0	-1.0	-1.0	-1.0	-1.0	-1.0	-1.0	-1.0	-1.0	-1.0	-1.0	-1.0	-1.0	-1.0	-1.0	-1.0	-1.0	-1.0	-1.0	-1.0	-1.0	-1.0	-1.0	-1.0	-1.0	-1.0
-1.0	-1.0	-1.0	-1.0	-1.0	-1.0	-1.0	-1.0	-1.0	-1.0	-1.0	-1.0	-1.0	-1.0	-1.0	-1.0	-1.0	-1.0	-1.0	-1.0	-1.0	-1.0	-1.0	-1.0	-1.0	-1.0	-1.0	-1.0	-1.0	-1.0	-1.0	-1.0	-1.0	-1.0	-1.0	-1.0	-1.0	-1.0	-1.0	-1.0	-1.0	-1.0	-1.0	-1.0	-1.0	-1.0	-1.0	-1.0	-1.0	-1.0	-1.0	-1.0	-1.0	-1.0	-1.0	-1.0	-1.0	-1.0	-1.0	-1.0	-1.0	-1.0	-1.0	-1.0	-1.0	-1.0	-1.0	-1.0	-1.0	-1.0	-1.0	-1.0	-1.0	-1.0	-1.0	-1.0	-1.0	-1.0	-1.0	-1.0	-1.0	-1.0	-1.0	-1.0	-1.0	-1.0	-1.0	-1.0	-1.0	-1.0	-1.0	-1.0	-1.0	-1.0	-1.0	-1.0	-1.0	-1.0	-1.0	-1.0
-1.0	-1.0	-1.0	-1.0	-1.0	-1.0	-1.0	-1.0	-1.0	-1.0	-1.0	-1.0	-1.0	-1.0	-1.0	-1.0	-1.0	-1.0	-1.0	-1.0	-1.0	-1.0	-1.0	-1.0	-1.0	-1.0	-1.0	-1.0	-1.0	-1.0	-1.0	-1.0	-1.0	-1.0	-1.0	-1.0	-1.0	-1.0	-1.0	-1.0	-1.0	-1.0	-1.0	-1.0	-1.0	-1.0	-1.0	-1.0	-1.0	-1.0	-1.0	-1.0	-1.0	-1.0	-1.0	-1.0	-1.0	-1.0	-1.0	-1.0	-1.0	-1.0	-1.0	-1.0	-1.0	-1.0	-1.0	-1.0	-1.0	-1.0	-1.0	-1.0	-1.0	-1.0	-1.0	-1.0	-1.0	-1.0	-1.0	-1.0	-1.0	-1.0	-1.0	-1.0	-1.0	-1.0	-1.0	-1.0	-1.0	-1.0	-1.0	-1.0	-1.0	-1.0	-1.0	-1.0	-1.0	-1.0	-1.0	-1.0
-1.0	-1.0	-1.0	-1.0	-1.0	-1.0	-1.0	-1.0	-1.0	-1.0	-1.0	-1.0	-1.0	-1.0	-1.0	-1.0	-1.0	-1.0	-1.0	-1.0	-1.0	-1.0	-1.0	-1.0	-1.0	-1.0	-1.0	-1.0	-1.0	-1.0	-1.0	-1.0	-1.0	-1.0	-1.0	-1.0	-1.0	-1.0	-1.0	-1.0	-1.0	-1.0	-1.0	-1.0	-1.0	-1.0	-1.0	-1.0	-1.0	-1.0	-1.0	-1.0	-1.0	-1.0	-1.0	-1.0	-1.0	-1.0	-1.0	-1.0	-1.0	-1.0	-1.0	-1.0	-1.0	-1.0	-1.0	-1.0	-1.0	-1.0	-1.0	-1.0	-1.0	-1.0	-1.0	-1.0	-1.0	-1.0	-1.0	-1.0	-1.0	-1.0	-1.0	-1.0	-1.0	-1.0	-1.0	-1.0	-1.0	-1.0	-1.0	-1.0	-1.0	-1.0	-1.0	-1.0	-1.0	-1.0	-1.0	-1.0
-1.0	-1.0	-1.0	-1.0	-1.0	-1.0	-1.0	-1.0	-1.0	-1.0	-1.0	-1.0	-1.0	-1.0	-1.0	-1.0	-1.0	-1.0	-1.0	-1.0	-1.0	-1.0	-1.0	-1.0	-1.0	-1.0	-1.0	-1.0	-1.0	-1.0	-1.0	-1.0	-1.0	-1.0	-1.0	-1.0	-1.0	-1.0	-1.0	-1.0	-1.0	-1.0	-1.0	-1.0	-1.0	-1.0	-1.0	-1.0	-1.0	-1.0	-1.0	-1.0	-1.0	-1.0	-1.0	-1.0	-1.0	-1.0	-1.0	-1.0	-1.0	-1.0	-1.0	-1.0	-1.0	-1.0	-1.0	-1.0	-1.0	-1.0	-1.0	-1.0	-1.0	-1.0	-1.0	-1.0	-1.0	-1.0	-1.0	-1.0	-1.0	-1.0	-1.0	-1.0	-1.0	-1.0	-1.0	-1.0	-1.0	-1.0	-1.0	-1.0	-1.0	-1.0	-1.0	-1.0	-1.0	-1.0	-1.0	-1.0
-1.0	-1.0	-1.0	-1.0	-1.0	-1.0	-1.0	-1.0	-1.0	-1.0	1.3422335170894093	-1.0	-1.0	-1.0	-1.0	-1.0	-1.0	-1.0	-1.0	-1.0	-1.0	-1.0	1.5167648485197156	1.5040604176771333	1.442676483401027	-1.0	-1.0	-1.0	1.5791972473226052	-1.0	1.3779907091018067	-1.0	-1.0	-1.0	-1.0	1.6156840363924303	1.5440656391498129	-1.0	-1.0	-1.0	-1.0	1.2689668121155786	-1.0	-1.0	-1.0	-1.0	-1.0	-1.0	1.4747210588972701	1.4578437230943924	-1.0	-1.0	-1.0	-1.0	-1.0	-1.0	-1.0	-1.0	-1.0	-1.0	-1.0	-1.0	-1.0	-1.0	-1.0	1.4598991927369345	-1.0	-1.0	-1.0	-1.0	1.3446855529811905	1.3077116591531237	-1.0	-1.0	-1.0	-1.0	-1.0	-1.0	-1.0	-1.0	-1.0	1.5937083143757649	1.4962890974828593	-1.0	1.3358611152972835	1.4520259525108554	1.295673134243252	-1.0	-1.0	1.5983845805725299	1.507403047783723	-1.0	1.5144971508518676	1.4392034995430918	-1.0	-1.0	1.565037748236714	-1.0	-1.0	-1.0
-1.0	-1.0	-1.0	-1.0	-1.0	-1.0	-1.0	-1.0	-1.0	-1.0	-1.0	-1.0	-1.0	-1.0	-1.0	-1.0	-1.0	-1.0	-1.0	-1.0	-1.0	-1.0	-1.0	-1.0	-1.0	-1.0	-1.0	-1.0	-1.0	-1.0	-1.0	-1.0	-1.0	-1.0	-1.0	-1.0	-1.0	-1.0	-1.0	-1.0	-1.0	-1.0	-1.0	-1.0	-1.0	-1.0	-1.0	-1.0	-1.0	-1.0	-1.0	-1.0	-1.0	-1.0	-1.0	-1.0	-1.0	-1.0	-1.0	-1.0	-1.0	-1.0	-1.0	-1.0	-1.0	-1.0	-1.0	-1.0	-1.0	-1.0	-1.0	-1.0	-1.0	-1.0	-1.0	-1.0	-1.0	-1.0	-1.0	-1.0	-1.0	-1.0	-1.0	-1.0	-1.0	-1.0	-1.0	-1.0	-1.0	-1.0	-1.0	-1.0	-1.0	-1.0	-1.0	-1.0	-1.0	-1.0	-1.0	-1.0
-1.0	-1.0	-1.0	-1.0	-1.0	-1.0	-1.0	-1.0	-1.0	-1.0	-1.0	-1.0	-1.0	-1.0	-1.0	-1.0	-1.0	-1.0	-1.0	-1.0	-1.0	-1.0	-1.0	-1.0	-1.0	-1.0	-1.0	-1.0	-1.0	-1.0	1.5065592748309438	-1.0	1.6953794493636822	1.5155964611192203	-1.0	-1.0	-1.0	1.7372112425889508	1.4034020593882128	1.4294101548766465	1.530213410177582	1.531976762823441	1.4360180219604226	-1.0	-1.0	-1.0	-1.0	-1.0	-1.0	-1.0	-1.0	-1.0	-1.0	-1.0	-1.0	-1.0	-1.0	-1.0	-1.0	-1.0	-1.0	-1.0	-1.0	-1.0	-1.0	1.488173580013329	1.5643721969544846	-1.0	-1.0	-1.0	-1.0	1.517603078342311	1.3137781515932634	-1.0	-1.0	-1.0	-1.0	-1.0	-1.0	-1.0	-1.0	-1.0	1.6801397426824027	1.635920743523127	1.568193132749189	-1.0	1.6348968913750461	1.6289182858670848	1.8131141846181413	-1.0	1.4865404613154536	-1.0	1.5381207695886305	-1.0	-1.0	-1.0	1.453006632744234	1.507256143719989	1.421911847159135	1.461178295828913
-1.0	-1.0	-1.0	-1.0	-1.0	-1.0	-1.0	-1.0	-1.0	-1.0	-1.0	-1.0	-1.0	-1.0	-1.0	-1.0	-1.0	-1.0	-1.0	-1.0	-1.0	-1.0	-1.0	-1.0	-1.0	-1.0	-1.0	-1.0	-1.0	-1.0	-1.0	-1.0	-1.0	-1.0	-1.0	-1.0	-1.0	-1.0	-1.0	-1.0	-1.0	-1.0	-1.0	-1.0	-1.0	-1.0	-1.0	-1.0	-1.0	-1.0	-1.0	-1.0	-1.0	-1.0	-1.0	-1.0	-1.0	-1.0	-1.0	-1.0	-1.0	-1.0	-1.0	-1.0	-1.0	-1.0	-1.0	-1.0	-1.0	-1.0	-1.0	-1.0	-1.0	-1.0	-1.0	-1.0	-1.0	-1.0	-1.0	-1.0	-1.0	-1.0	-1.0	-1.0	-1.0	-1.0	-1.0	-1.0	-1.0	-1.0	-1.0	-1.0	-1.0	-1.0	-1.0	-1.0	-1.0	-1.0	-1.0	-1.0
-1.0	-1.0	-1.0	-1.0	-1.0	-1.0	-1.0	-1.0	-1.0	-1.0	-1.0	-1.0	-1.0	-1.0	-1.0	-1.0	-1.0	-1.0	-1.0	-1.0	-1.0	-1.0	-1.0	-1.0	-1.0	-1.0	-1.0	-1.0	-1.0	-1.0	-1.0	-1.0	-1.0	-1.0	-1.0	-1.0	-1.0	-1.0	-1.0	-1.0	-1.0	-1.0	-1.0	-1.0	-1.0	-1.0	-1.0	-1.0	-1.0	-1.0	-1.0	-1.0	-1.0	-1.0	-1.0	-1.0	-1.0	-1.0	-1.0	-1.0	-1.0	-1.0	-1.0	-1.0	-1.0	-1.0	-1.0	-1.0	-1.0	-1.0	-1.0	-1.0	-1.0	-1.0	-1.0	-1.0	-1.0	-1.0	-1.0	-1.0	-1.0	-1.0	-1.0	-1.0	-1.0	-1.0	-1.0	-1.0	-1.0	-1.0	-1.0	-1.0	-1.0	-1.0	-1.0	-1.0	-1.0	-1.0	-1.0	-1.0
-1.0	-1.0	-1.0	-1.0	-1.0	-1.0	-1.0	-1.0	-1.0	-1.0	-1.0	-1.0	-1.0	-1.0	-1.0	-1.0	-1.0	-1.0	-1.0	-1.0	-1.0	-1.0	-1.0	-1.0	-1.0	-1.0	-1.0	-1.0	-1.0	-1.0	-1.0	-1.0	-1.0	-1.0	-1.0	-1.0	-1.0	-1.0	-1.0	-1.0	-1.0	-1.0	-1.0	-1.0	-1.0	-1.0	-1.0	-1.0	-1.0	-1.0	-1.0	-1.0	-1.0	-1.0	-1.0	-1.0	-1.0	-1.0	-1.0	-1.0	-1.0	-1.0	-1.0	-1.0	-1.0	-1.0	-1.0	-1.0	-1.0	-1.0	-1.0	-1.0	-1.0	-1.0	-1.0	-1.0	-1.0	-1.0	-1.0	-1.0	-1.0	-1.0	-1.0	-1.0	-1.0	-1.0	-1.0	-1.0	-1.0	-1.0	-1.0	-1.0	-1.0	-1.0	-1.0	-1.0	-1.0	-1.0	-1.0	-1.0
-1.0	-1.0	-1.0	-1.0	-1.0	-1.0	-1.0	-1.0	-1.0	-1.0	-1.0	-1.0	-1.0	-1.0	-1.0	-1.0	-1.0	-1.0	-1.0	-1.0	-1.0	-1.0	-1.0	-1.0	-1.0	-1.0	-1.0	-1.0	-1.0	-1.0	-1.0	-1.0	-1.0	-1.0	-1.0	-1.0	-1.0	-1.0	-1.0	-1.0	-1.0	-1.0	-1.0	-1.0	-1.0	-1.0	-1.0	-1.0	-1.0	-1.0	-1.0	-1.0	-1.0	-1.0	-1.0	-1.0	-1.0	-1.0	-1.0	-1.0	-1.0	-1.0	-1.0	-1.0	-1.0	-1.0	-1.0	-1.0	-1.0	-1.0	-1.0	-1.0	-1.0	-1.0	-1.0	-1.0	-1.0	-1.0	-1.0	-1.0	-1.0	-1.0	-1.0	-1.0	-1.0	-1.0	-1.0	-1.0	-1.0	-1.0	-1.0	-1.0	-1.0	-1.0	-1.0	-1.0	-1.0	-1.0	-1.0	-1.0
-1.0	-1.0	-1.0	-1.0	-1.0	-1.0	-1.0	-1.0	-1.0	-1.0	-1.0	-1.0	-1.0	-1.0	-1.0	-1.0	-1.0	-1.0	-1.0	-1.0	-1.0	-1.0	-1.0	-1.0	-1.0	-1.0	-1.0	-1.0	-1.0	-1.0	-1.0	-1.0	-1.0	-1.0	-1.0	-1.0	-1.0	-1.0	-1.0	-1.0	-1.0	-1.0	-1.0	-1.0	-1.0	-1.0	-1.0	-1.0	-1.0	-1.0	-1.0	-1.0	-1.0	-1.0	-1.0	-1.0	-1.0	-1.0	-1.0	-1.0	-1.0	-1.0	-1.0	-1.0	-1.0	-1.0	-1.0	-1.0	-1.0	-1.0	-1.0	-1.0	-1.0	-1.0	-1.0	-1.0	-1.0	-1.0	-1.0	-1.0	-1.0	-1.0	-1.0	-1.0	-1.0	-1.0	-1.0	-1.0	-1.0	-1.0	-1.0	-1.0	-1.0	-1.0	-1.0	-1.0	-1.0	-1.0	-1.0	-1.0
-1.0	-1.0	-1.0	-1.0	-1.0	-1.0	-1.0	-1.0	-1.0	-1.0	1.5286777555995008	1.5518029691678057	-1.0	-1.0	-1.0	-1.0	-1.0	-1.0	-1.0	-1.0	-1.0	1.4274385805254315	1.457151959738959	1.53237391147683	1.3617969454333827	1.4329045716311994	1.338960028185194	-1.0	1.389154757453077	-1.0	1.5028404566171976	-1.0	1.6393629243280823	1.6223851676059988	-1.0	1.6095998239937115	1.5742906129640704	1.5458734891532095	1.4484496400752267	1.3968484440951674	1.339463443457672	1.3656880155515843	1.7042346247087923	-1.0	-1.0	-1.0	-1.0	1.4157037209394951	1.2824493159708021	1.5218303147906245	1.4477739686968119	-1.0	1.4969595763820709	-1.0	-1.0	-1.0	-1.0	-1.0	-1.0	-1.0	-1.0	-1.0	-1.0	-1.0	-1.0	1.3877902313489034	1.416146695277013	-1.0	1.4394963223660362	1.4107951970587098	1.5494098615826384	1.4581875178485864	1.6859546106787793	-1.0	1.499847788863675	-1.0	-1.0	-1.0	-1.0	-1.0	-1.0	1.4051775542995557	1.5722620868865012	1.5219712867243191	1.3926443836378872	1.4685644171997643	1.5246169202082436	1.6062357849549282	1.5468468326105718	1.413177294626044	1.5851764631367362	1.4379120784267425	1.6292738232856394	1.5328698446666191	1.3603328305547202	1.458274112795885	1.529351811863402	1.5015458533635866	1.4690042160132157	1.642028947161596
-1.0	-1.0	-1.0	-1.0	-1.0	-1.0	-1.0	-1.0	-1.0	-1.0	1.4931785270759084	-1.0	-1.0	-1.0	-1.0	-1.0	-1.0	-1.0	-1.0	-1.0	-1.0	-1.0	1.5704916164612353	1.5543964666842156	1.5043567204885264	-1.0	-1.0	-1.0	1.5037158507807566	-1.0	1.3931557204440768	-1.0	-1.0	-1.0	-1.0	1.4979183690669338	1.2564968831740493	-1.0	-1.0	-1.0	-1.0	1.4903311295522224	-1.0	-1.0	-1.0	-1.0	-1.0	-1.0	1.5223985911710753	1.3846849767870006	-1.0	-1.0	-1.0	-1.0	-1.0	-1.0	-1.0	-1.0	-1.0	-1.0	-1.0	-1.0	-1.0	-1.0	-1.0	1.473031104877083	-1.0	-1.0	-1.0	-1.0	1.4213298937260093	1.5262982198485089	-1.0	-1.0	-1.0	-1.0	-1.0	-1.0	-1.0	-1.0	-1.0	1.5200845730887147	1.6087949040960243	-1.0	1.3741658693355965	1.662981846147265	1.527437048149529	-1.0	-1.0	1.4790763919265533	1.4720145992020965	-1.0	1.4356371392726457	1.3191618231266162	-1.0	-1.0	1.2310998196849086	-1.0	-1.0	-1.0
-1.0	-1.0	-1.0	-1.0	-1.0	-1.0	-1.0	-1.0	-1.0	-1.0	1.3900269272566317	-1.0	-1.0	-1.0	-1.0	-1.0	-1.0	-1.0	-1.0	-1.0	-1.0	-1.0	1.4299276492169668	1.4769797099424358	1.550320435399703	-1.0	-1.0	-1.0	1.4374347416289521	-1.0	1.291686388972474	-1.0	-1.0	-1.0	-1.0	1.4956526282368148	1.400056483464472	-1.0	-1.0	-1.0	-1.0	1.3928233648609971	-1.0	-1.0	-1.0	-1.0	-1.0	-1.0	1.3596211552679127	1.4459903155395237	-1.0	-1.0	-1.0	-1.0	-1.0	-1.0	-1.0	-1.0	-1.0	-1.0	-1.0	-1.0	-1.0	-1.0	-1.0	1.5202521950778025	-1.0	-1.0	-1.0	-1.0	1.6951477569458266	1.357577102446659	-1.0	-1.0	-1.0	-1.0	-1.0	-1.0	-1.0	-1.0	-1.0	1.558724037608603	1.3736537539761677	-1.0	1.405942691820224	1.5231645437365495	1.380807003403269	-1.0	-1.0	1.3959255339794852	1.3904275542893554	-1.0	1.6157602510995037	1.420454505434477	-1.0	-1.0	1.4642657332993714	-1.0	-1.0	-1.0
-1.0	-1.0	-1.0	-1.0	-1.0	-1.0	-1.0	-1.0	-1.0	-1.0	1.5569439040853998	-1.0	-1.0	-1.0	-1.0	-1.0	-1.0	-1.0	-1.0	-1.0	-1.0	-1.0	1.3763958241471692	1.4990654453346812	1.604897706650394	-1.0	-1.0	-1.0	1.4935167684110808	-1.0	1.447429541617839	-1.0	-1.0	-1.0	-1.0	1.5693460666890418	1.470045346939562	-1.0	-1.0	-1.0	-1.0	1.6114144569283537	-1.0	-1.0	-1.0	-1.0	-1.0	-1.0	1.5037839712658443	1.4178916879771486	-1.0	-1.0	-1.0	-1.0	-1.0	-1.0	-1.0	-1.0	-1.0	-1.0	-1.0	-1.0	-1.0	-1.0	-1.0	1.422742824541922	-1.0	-1.0	-1.0	-1.0	1.4759740049804175	1.5145727161340081	-1.0	-1.0	-1.0	-1.0	-1.0	-1.0	-1.0	-1.0	-1.0	1.457252912019732	1.5921239910323393	-1.0	1.6602509994037096	1.629840273227942	1.5073634884619649	-1.0	-1.0	1.368113997836786	1.4499406693941796	-1.0	1.5272364587338667	1.6132318490157902	-1.0	-1.0	1.5051929309079435	-1.0	-1.0	-1.0
-1.0	-1.0	-1.0	-1.0	-1.0	-1.0	-1.0	-1.0	-1.0	-1.0	-1.0	-1.0	-1.0	-1.0	-1.0	-1.0	-1.0	-1.0	-1.0	-1.0	-1.0	-1.0	-1.0	-1.0	-1.0	-1.0	-1.0	-1.0	1.8328444309534484	1.6665790374659057	1.5371033754101813	-1.0	1.6671735659156588	-1.0	-1.0	-1.0	-1.0	-1.0	-1.0	-1.0	-1.0	-1.0	-1.0	-1.0	-1.0	-1.0	1.6635236908331377	1.304732642711089	1.2542984191504973	1.3309849882560685	1.8403897598286871	1.6431262028812281	1.2961679041479925	1.3182332556529057	-1.0	-1.0	-1.0	-1.0	-1.0	-1.0	-1.0	-1.0	-1.0	-1.0	-1.0	1.6573570807453537	1.7364698333356166	1.5238076714082007	1.8185139563908472	1.622647407003936	1.8221690572344087	1.6791410278683248	1.750671441707676	1.6780066254803587	1.6808456162842664	-1.0	-1.0	-1.0	-1.0	-1.0	-1.0	1.2947925798688067	1.3168156913127338	1.14317020785343	1.739524154447739	1.7420239347907003	1.7400975146351163	1.5755480894289386	1.077982175619363	1.649058357206898	1.0840677803350456	-1.0	1.6805078360244619	1.5649611610174772	-1.0	1.1865987250946248	1.7431212020137705	-1.0	1.57780984752441	1.6962867573259313
-1.0	-1.0	-1.0	-1.0	-1.0	-1.0	-1.0	-1.0	-1.0	-1.0	1.5359041288025719	1.5753149046492838	-1.0	-1.0	-1.0	-1.0	-1.0	-1.0	-1.0	-1.0	-1.0	1.361615497316677	-1.0	-1.0	-1.0	1.578781224957288	1.5709892143615098	-1.0	1.5561879600054798	1.8303162212761617	1.417974764403169	-1.0	1.2577632918026338	1.4373678192559556	-1.0	-1.0	-1.0	1.3295420116706205	1.4847309413055507	1.5768585811830387	1.6807680617025214	1.3694149393429833	1.5488037657714817	-1.0	-1.0	-1.0	1.6992813568759264	1.5340771686653643	1.5868239261125197	1.271809608216041	1.4578881865765703	1.7951496105106022	1.7850146914101643	1.0450720557984277	-1.0	-1.0	-1.0	-1.0	-1.0	-1.0	-1.0	-1.0	-1.0	-1.0	-1.0	1.6391670389303095	1.4221327351372912	1.6749824145087109	1.5009918358230214	1.5184595279372701	1.8279666925759077	1.3865619889899992	1.6432955393264768	1.704341615624573	1.5319711261783897	-1.0	-1.0	-1.0	-1.0	-1.0	-1.0	1.6433998527533145	1.4402988325925414	1.454343143260941	1.5553434831719881	1.6942667943559129	1.58652161422621	1.3647628035408756	1.5447832671042578	1.572750107220106	1.604141289530805	1.4048228388942252	1.622847462679839	1.676358050184298	1.4006916952519075	1.4758003505792252	1.4240775367580358	1.401866580546206	1.5671219465011943	1.6879741243561464
-1.0	-1.0	-1.0	-1.0	-1.0	-1.0	-1.0	-1.0	-1.0	-1.0	1.359254505518826	1.5525834551917315	-1.0	-1.0	-1.0	-1.0	-1.0	-1.0	-1.0	-1.0	-1.0	1.6359770685526094	1.4916352387503125	1.3213950505945944	1.5570357359273663	1.5641289990699208	1.3010936644410707	-1.0	1.267821727432743	1.6862289253484843	1.242133983276998	-1.0	1.538343112246803	1.5295045121992106	-1.0	1.4293679697787294	1.3286633648339512	1.3616820470693314	1.6969733064016363	1.5740446746684444	1.5959715701202917	1.3958411391310617	1.3828357356419665	-1.0	-1.0	-1.0	1.647811318633722	1.4778980615054806	1.4403830439231489	1.2220847641931107	1.3714671547344939	1.7871445565057325	1.4330268137114055	1.3150450399671192	-1.0	-1.0	-1.0	-1.0	-1.0	-1.0	-1.0	-1.0	-1.0	-1.0	-1.0	1.4660695619391992	1.373924208839947	1.7237711236423452	1.4308827673154474	1.6392324868290409	1.5800149482638763	1.6747660781587568	1.4689563655917595	1.7169241015343704	1.4223217525690117	-1.0	-1.0	-1.0	-1.0	-1.0	-1.0	1.430257609157667	1.602886239966289	1.5735329417192254	1.3251285427750616	1.5658143070202302	1.4538530438811985	1.4171609139702825	1.5959318571128933	1.3592299924092082	1.3509066762214454	1.524193642021212	1.4843271002820235	1.5174194732505564	1.5422365989316937	1.5046432268084404	1.5143268481497532	1.6083448593600824	1.4597830885097727	1.4092548965840836
-1.0	-1.0	-1.0	-1.0	-1.0	-1.0	-1.0	-1.0	-1.0	-1.0	1.4763239314330034	1.3297547843228557	-1.0	-1.0	-1.0	-1.0	-1.0	-1.0	-1.0	-1.0	-1.0	1.5771695226570093	-1.0	-1.0	-1.0	1.29089537726983	1.4583705197070562	-1.0	1.5125431116407162	1.7314201710311232	1.411551388752998	-1.0	1.6787058381128985	1.542600658498358	-1.0	-1.0	-1.0	1.612596632354952	1.4878595182551244	1.270605560100795	1.5714851106397907	1.5394629103396793	1.5743190692437026	-1.0	-1.0	-1.0	1.729578240407206	1.5761573986627224	1.2855970906722818	1.2060981999183158	1.3650457246767986	1.6692456029735492	1.3966636532100383	1.1710948137503077	-1.0	-1.0	-1.0	-1.0	-1.0	-1.0	-1.0	-1.0	-1.0	-1.0	-1.0	1.3518861901653818	1.3811277044913783	1.6351397541214523	1.3838005615314375	1.4432681926468482	1.6281065180459169	1.509961902319356	1.5459677280143973	1.732742139599475	1.3919512416569524	-1.0	-1.0	-1.0	-1.0	-1.0	-1.0	1.4070495272452914	1.5493917618007602	1.5340472270947534	1.3712439655656585	1.711809666548578	1.4817617301309074	1.6759037403235588	1.6232928497605559	1.7454019831435565	1.5389952158704199	1.7058944403296232	1.5742058320131063	1.6667631880912206	1.3577185178426945	1.400469850344008	1.627221387763268	1.4734802244110266	1.6027842848705154	1.4201248870534573
-1.0	-1.0	-1.0	-1.0	-1.0	-1.0	-1.0	-1.0	-1.0	-1.0	-1.0	-1.0	-1.0	-1.0	-1.0	-1.0	-1.0	-1.0	-1.0	-1.0	-1.0	-1.0	-1.0	-1.0	-1.0	-1.0	-1.0	-1.0	1.8555587749104303	1.6682096004422258	1.22882482720799	-1.0	1.732922606228259	-1.0	-1.0	-1.0	-1.0	-1.0	-1.0	-1.0	-1.0	-1.0	-1.0	-1.0	-1.0	-1.0	1.7751038835197779	1.3236321593535618	1.0569399002045712	1.2419511234185412	1.7809044592937475	1.7174733796841744	1.3294150887375502	1.2104032544738275	-1.0	-1.0	-1.0	-1.0	-1.0	-1.0	-1.0	-1.0	-1.0	-1.0	-1.0	1.6762186400975572	1.6107291089862763	1.7020559542700435	1.7013123444807985	2.0217426360246225	1.4568818914686532	1.6709308471568207	1.7847039319476297	1.6370674172457365	1.7196946457122242	-1.0	-1.0	-1.0	-1.0	-1.0	-1.0	1.282595686891322	1.239506896078676	1.3176206502882877	1.614393884861138	1.5396501619856038	1.585148115468387	1.6053250310539573	1.3285154743210081	1.8187975392666182	1.3224890939741547	-1.0	1.9473704361819084	1.49281024189743	-1.0	1.4684199074314974	1.769947270760865	-1.0	1.6160942895375077	1.803996430621834
-1.0	-1.0	-1.0	-1.0	-1.0	-1.0	-1.0	-1.0	-1.0	-1.0	-1.0	-1.0	-1.0	-1.0	-1.0	-1.0	-1.0	-1.0	-1.0	-1.0	-1.0	-1.0	-1.0	-1.0	-1.0	-1.0	-1.0	-1.0	1.3271097164510104	1.1473128626209848	1.5317170328629393	-1.0	1.4980156770852444	1.4995781568610154	-1.0	-1.0	-1.0	1.6583858132615636	1.4581452630422307	1.4847672072211566	1.520488794792603	1.555986552625913	1.7270805396342845	-1.0	-1.0	-1.0	1.410999229542737	1.3059515160051562	1.1825092443177723	1.1460047254650472	1.2115211819274598	1.3951073577854713	1.3034898270515374	1.2639229139346493	-1.0	-1.0	-1.0	-1.0	-1.0	-1.0	-1.0	-1.0	-1.0	-1.0	-1.0	1.6750075744462847	1.767049404893403	-1.0	-1.0	-1.0	-1.0	1.4502365898920058	1.5074288430174974	-1.0	-1.0	-1.0	-1.0	-1.0	-1.0	-1.0	-1.0	1.272858845740754	1.5108505243472463	1.4391452070557078	1.5398302011293274	1.2046485514637102	1.6850810929499032	1.540665517100068	1.8118964897855787	1.1912985895650117	1.4405590767999552	-1.0	1.6073721172288538	1.2528751400038751	-1.0	1.2792268274866894	1.640486777346644	1.35588304463503	1.8370950111071394	1.5072319455440037
-1.0	-1.0	-1.0	-1.0	-1.0	-1.0	-1.0	-1.0	-1.0	-1.0	-1.0	-1.0	-1.0	-1.0	-1.0	-1.0	-1.0	-1.0	-1.0	-1.0	-1.0	-1.0	-1.0	-1.0	-1.0	-1.0	-1.0	-1.0	1.350374985848262	1.2556902407719517	1.2834140718260203	-1.0	1.2557617588865693	-1.0	-1.0	-1.0	-1.0	-1.0	-1.0	-1.0	-1.0	-1.0	-1.0	-1.0	-1.0	-1.0	1.2610088551310914	1.1414448769487195	1.3333542371345053	1.2143933654406978	1.230861287267646	1.284348535101963	1.3063339921967334	1.2928415464596057	-1.0	-1.0	-1.0	-1.0	-1.0	-1.0	-1.0	-1.0	-1.0	-1.0	-1.0	-1.0	-1.0	-1.0	-1.0	-1.0	-1.0	-1.0	-1.0	-1.0	-1.0	-1.0	-1.0	-1.0	-1.0	-1.0	-1.0	1.077483492316398	1.2655442549796538	1.2892660075863915	1.2703921024632856	1.365098644640518	1.3408340179011462	1.216090978997195	1.2222957773634047	1.5319186066816384	1.1848580941655091	-1.0	1.2412637372532052	1.3478533881168886	-1.0	1.4202532502592922	-1.0	-1.0	-1.0	-1.0
-1.0	-1.0	-1.0	-1.0	-1.0	-1.0	-1.0	-1.0	-1.0	-1.0	-1.0	-1.0	-1.0	-1.0	-1.0	-1.0	-1.0	-1.0	-1.0	-1.0	-1.0	-1.0	-1.0	-1.0	-1.0	-1.0	-1.0	-1.0	1.319664420351936	1.1721043823511983	1.3166175112679117	-1.0	1.180297972681962	-1.0	-1.0	-1.0	-1.0	-1.0	-1.0	-1.0	-1.0	-1.0	-1.0	-1.0	-1.0	-1.0	1.34518079984835	1.2975086223200862	1.27411152165191	1.3480558705115384	1.3783632416167035	1.5309848030784292	1.4474153896064084	1.26715473682942	-1.0	-1.0	-1.0	-1.0	-1.0	-1.0	-1.0	-1.0	-1.0	-1.0	-1.0	-1.0	-1.0	-1.0	-1.0	-1.0	-1.0	-1.0	-1.0	-1.0	-1.0	-1.0	-1.0	-1.0	-1.0	-1.0	-1.0	1.3748751346288652	1.2494513675784085	1.2133476885415793	1.3648001513267696	1.324460884096094	1.2617599802104562	1.1197281765217741	1.2281019295363012	1.525700281674513	1.3539748895539234	-1.0	1.1771093456771755	1.3379135841290122	-1.0	1.3368515576260496	-1.0	-1.0	-1.0	-1.0
-1.0	-1.0	-1.0	-1.0	-1.0	-1.0	-1.0	-1.0	-1.0	-1.0	1.3956671032362413	-1.0	-1.0	-1.0	-1.0	-1.0	-1.0	-1.0	-1.0	-1.0	-1.0	-1.0	1.3865159512249687	1.3362529700754004	1.4516385243559093	-1.0	-1.0	-1.0	1.6185037722817222	1.2985295333939628	1.6452860389456354	-1.0	1.1596119134281218	-1.0	-1.0	1.3943595795075394	1.3893250351067996	-1.0	-1.0	-1.0	-1.0	1.5048636571202931	-1.0	-1.0	-1.0	-1.0	1.3944105529021276	1.061070937912458	1.4584902100167232	1.3387429117467347	1.3067470479435013	1.2812314953070656	1.1481370268079327	1.265402580778779	-1.0	-1.0	-1.0	-1.0	-1.0	-1.0	-1.0	-1.0	-1.0	-1.0	-1.0	1.4462761797720922	-1.0	-1.0	-1.0	-1.0	1.5203687917286204	1.415016978427002	-1.0	-1.0	-1.0	-1.0	-1.0	-1.0	-1.0	-1.0	-1.0	1.419248123289801	1.3560778013102086	1.494455967037887	1.461899487635447	1.4484133653507738	1.4895881706633634	1.1366549136217892	1.2800326112356253	1.4417379771544667	1.3336338900381672	-1.0	1.3053425324933647	1.3714092504741482	-1.0	1.2643036455771748	1.368819995995499	-1.0	-1.0	-1.0
-1.0	-1.0	-1.0	-1.0	-1.0	-1.0	-1.0	-1.0	-1.0	-1.0	-1.0	-1.0	-1.0	-1.0	-1.0	-1.0	-1.0	-1.0	-1.0	-1.0	-1.0	-1.0	-1.0	-1.0	-1.0	-1.0	-1.0	-1.0	1.3693028618980727	1.2714444495541686	1.5212739863435591	-1.0	1.5332544676258575	1.6980902719124322	-1.0	-1.0	-1.0	1.4321007874041958	1.5912906727970746	1.5725352694143744	1.5171213954128036	1.408045352112105	1.6207753801435483	-1.0	-1.0	-1.0	1.2652678862265663	1.1798338266729096	1.2886886276014522	1.3269410942868674	1.3706600836374787	1.231805614805788	1.1907390069301471	1.1865967722455615	-1.0	-1.0	-1.0	-1.0	-1.0	-1.0	-1.0	-1.0	-1.0	-1.0	-1.0	1.3761782486172085	1.3767888257051168	-1.0	-1.0	-1.0	-1.0	1.4531377053113732	1.57873926741967	-1.0	-1.0	-1.0	-1.0	-1.0	-1.0	-1.0	-1.0	1.2411599894293475	1.7814278586662153	1.5437134279727593	1.4630120996885576	1.3990437975732886	1.582889466174827	1.484859715998034	1.5046546983295612	1.4480693208456432	1.6792210319212795	-1.0	1.4413362779069283	1.4003672973775965	-1.0	1.1858333682902376	1.5536134206465513	1.6080438135489907	1.6005953007533187	1.475657633453502
-1.0	-1.0	-1.0	-1.0	-1.0	-1.0	-1.0	-1.0	-1.0	-1.0	-1.0	-1.0	-1.0	-1.0	-1.0	-1.0	-1.0	-1.0	-1.0	-1.0	-1.0	-1.0	-1.0	-1.0	-1.0	-1.0	-1.0	-1.0	1.8108187673434482	1.7640175030940455	1.3263970896050246	-1.0	1.9135429120891727	-1.0	-1.0	-1.0	-1.0	-1.0	-1.0	-1.0	-1.0	-1.0	-1.0	-1.0	-1.0	-1.0	1.8566282656290247	1.4012996614861426	1.2312694544303642	1.1862572500113768	1.7083561793554547	1.70761164160809	1.0315211791116246	1.2177449024987965	-1.0	-1.0	-1.0	-1.0	-1.0	-1.0	-1.0	-1.0	-1.0	-1.0	-1.0	1.5601274564049776	1.6992821038392536	1.9052273136635032	1.769403624001925	1.7899145940624825	1.6024499234094034	1.8373921304936824	1.6263909940712855	1.7210654301842212	1.6652075046003196	-1.0	-1.0	-1.0	-1.0	-1.0	-1.0	1.2150533088662956	1.2683945569969741	1.2331605492281388	1.803112418198081	1.5679435759530436	1.6977241795959057	1.5380341829880433	1.404630221217508	1.581323121024778	1.1120768797311344	-1.0	1.913075095894905	1.790447552751996	-1.0	1.298467270995208	1.8077168471685703	-1.0	1.6157194617946915	1.6370241460547137
-1.0	-1.0	-1.0	-1.0	-1.0	-1.0	-1.0	-1.0	-1.0	-1.0	-1.0	-1.0	-1.0	-1.0	-1.0	-1.0	-1.0	-1.0	-1.0	-1.0	-1.0	-1.0	-1.0	-1.0	-1.0	-1.0	-1.0	-1.0	-1.0	-1.0	-1.0	-1.0	-1.0	-1.0	-1.0	-1.0	-1.0	-1.0	-1.0	-1.0	-1.0	-1.0	-1.0	-1.0	-1.0	-1.0	-1.0	-1.0	-1.0	-1.0	-1.0	-1.0	-1.0	-1.0	-1.0	-1.0	-1.0	-1.0	-1.0	-1.0	-1.0	-1.0	-1.0	-1.0	-1.0	-1.0	-1.0	-1.0	-1.0	-1.0	-1.0	-1.0	-1.0	-1.0	-1.0	-1.0	-1.0	-1.0	-1.0	-1.0	-1.0	-1.0	-1.0	-1.0	-1.0	-1.0	-1.0	-1.0	-1.0	-1.0	-1.0	-1.0	-1.0	-1.0	-1.0	-1.0	-1.0	-1.0	-1.0	-1.0
-1.0	-1.0	-1.0	-1.0	-1.0	-1.0	-1.0	-1.0	-1.0	-1.0	-1.0	-1.0	-1.0	-1.0	-1.0	-1.0	-1.0	-1.0	-1.0	-1.0	-1.0	-1.0	-1.0	-1.0	-1.0	-1.0	-1.0	-1.0	-1.0	-1.0	-1.0	-1.0	-1.0	-1.0	-1.0	-1.0	-1.0	-1.0	-1.0	-1.0	-1.0	-1.0	-1.0	-1.0	-1.0	-1.0	-1.0	-1.0	-1.0	-1.0	-1.0	-1.0	-1.0	-1.0	-1.0	-1.0	-1.0	-1.0	-1.0	-1.0	-1.0	-1.0	-1.0	-1.0	-1.0	-1.0	-1.0	-1.0	-1.0	-1.0	-1.0	-1.0	-1.0	-1.0	-1.0	-1.0	-1.0	-1.0	-1.0	-1.0	-1.0	-1.0	-1.0	-1.0	-1.0	-1.0	-1.0	-1.0	-1.0	-1.0	-1.0	-1.0	-1.0	-1.0	-1.0	-1.0	-1.0	-1.0	-1.0	-1.0
-1.0	-1.0	-1.0	-1.0	-1.0	-1.0	-1.0	-1.0	-1.0	-1.0	-1.0	-1.0	-1.0	-1.0	-1.0	-1.0	-1.0	-1.0	-1.0	-1.0	-1.0	-1.0	-1.0	-1.0	-1.0	-1.0	-1.0	-1.0	-1.0	-1.0	-1.0	-1.0	-1.0	-1.0	-1.0	-1.0	-1.0	-1.0	-1.0	-1.0	-1.0	-1.0	-1.0	-1.0	-1.0	-1.0	-1.0	-1.0	-1.0	-1.0	-1.0	-1.0	-1.0	-1.0	-1.0	-1.0	-1.0	-1.0	-1.0	-1.0	-1.0	-1.0	-1.0	-1.0	-1.0	-1.0	-1.0	-1.0	-1.0	-1.0	-1.0	-1.0	-1.0	-1.0	-1.0	-1.0	-1.0	-1.0	-1.0	-1.0	-1.0	-1.0	-1.0	-1.0	-1.0	-1.0	-1.0	-1.0	-1.0	-1.0	-1.0	-1.0	-1.0	-1.0	-1.0	-1.0	-1.0	-1.0	-1.0	-1.0
-1.0	-1.0	-1.0	-1.0	-1.0	-1.0	-1.0	-1.0	-1.0	-1.0	1.5667293208260125	1.497655115147318	-1.0	-1.0	-1.0	-1.0	-1.0	-1.0	-1.0	-1.0	-1.0	1.4444100900582333	-1.0	-1.0	-1.0	1.7153528570312095	1.4708233382507887	-1.0	1.5055031471193592	1.6806058093026826	1.7998930733350915	1.9127208198915424	1.811997568792206	1.6701970988146906	-1.0	-1.0	-1.0	-1.0	-1.0	1.3300008115151356	-1.0	-1.0	1.4579233406328709	-1.0	-1.0	-1.0	-1.0	1.4245565007548449	1.4539664716904699	-1.0	1.6884105117199733	-1.0	1.563045194521632	-1.0	-1.0	-1.0	-1.0	-1.0	-1.0	-1.0	-1.0	-1.0	-1.0	-1.0	-1.0	-1.0	1.4651716974631743	-1.0	1.3801602170709577	1.4911973430813	-1.0	-1.0	-1.0	-1.0	1.6155872757888807	-1.0	-1.0	-1.0	-1.0	-1.0	-1.0	1.4619371521465572	1.7558502478438385	1.7263295521322322	1.4909817762895339	1.6618105168753212	1.6222348915220546	1.761713364137296	1.4088395768438073	1.8584607605233892	1.7774973335076178	1.5006822958297024	1.4474032676146324	1.5805482481962723	1.4846635382687785	1.445031308341392	1.740025268920907	1.826890526590667	1.6121704585010677	1.6174933401928362
-1.0	-1.0	-1.0	-1.0	-1.0	-1.0	-1.0	-1.0	-1.0	-1.0	1.8420539137883263	1.6141533643689807	-1.0	-1.0	-1.0	-1.0	-1.0	-1.0	-1.0	-1.0	-1.0	1.4977575525819609	-1.0	-1.0	-1.0	1.5287288503833594	1.6453718428304738	-1.0	1.5081784898975739	1.6700098645138182	1.2266057880441152	1.704192093707352	1.6004870343119297	1.6047903854650656	-1.0	-1.0	-1.0	-1.0	-1.0	1.7302062249418673	-1.0	-1.0	1.3794121970713533	-1.0	-1.0	-1.0	1.710708269820148	1.5164962411528924	1.6794335774749376	1.1975573590145112	1.580299734165736	1.8343938378264264	1.5601196991957762	1.2249097801553137	-1.0	-1.0	-1.0	-1.0	-1.0	-1.0	-1.0	-1.0	-1.0	-1.0	-1.0	1.7213267670643682	1.3091123469577133	1.5993999033837227	1.570546196512635	1.5594405923524663	1.617001406487264	1.693220374140854	1.688687408560257	1.7553444416324646	1.5041146786609512	-1.0	-1.0	-1.0	-1.0	-1.0	-1.0	1.5161263685725617	1.2316745684970665	1.2099992701963767	1.5657332720097146	1.6917096821465891	1.4492907852927142	1.7388449233006678	1.5641294908777579	1.7124417857565315	1.412756698756117	1.3803658779028436	1.5007918205865034	1.4779758605132338	1.3685433266836553	1.4202180033919725	1.9198190324510085	1.805566085016465	1.6638960194989263	1.6678541003967702
-1.0	-1.0	-1.0	-1.0	-1.0	-1.0	-1.0	-1.0	-1.0	-1.0	1.4184214008156797	1.4369092953047526	-1.0	-1.0	-1.0	-1.0	-1.0	-1.0	-1.0	-1.0	-1.0	1.5236800571600133	1.411181945801158	1.4657025937442139	1.3691559408654	1.5962282777982684	1.5014720814461058	-1.0	1.3106613183627076	1.804160079344934	1.5018691380819673	1.938208739472385	1.430363370030666	1.7831906066201064	-1.0	1.4499284530790233	1.4512332507610664	-1.0	-1.0	1.5272632816191776	-1.0	1.4386460929270832	1.534593045884356	-1.0	-1.0	-1.0	1.8064681008745342	1.4921519354454265	1.5367431671653498	1.4843635946251195	1.5759678749450519	1.6728111723727987	1.3679074838877727	-1.0	-1.0	-1.0	-1.0	-1.0	-1.0	-1.0	-1.0	-1.0	-1.0	-1.0	-1.0	1.5184999262547445	1.623800293426764	1.5429861922203016	1.485708277446088	1.4804927488360446	1.564622876580416	1.4576955351129592	1.7135001062249033	1.6346331903829334	1.545112991831263	-1.0	-1.0	-1.0	-1.0	-1.0	-1.0	1.5036765901164428	1.443940458499232	1.8370887641647524	1.4503750322696227	1.453053049949887	1.484234392102612	1.5950610946004484	1.3390190358192182	1.5424197898496892	1.6469047358407474	1.5678481394878598	1.2987019529174912	1.3050677379055273	1.616529076167429	1.5683189054499382	1.4308810400040142	1.6356983479028941	1.6235674270715537	1.6166888429432398
-1.0	-1.0	-1.0	-1.0	-1.0	-1.0	-1.0	-1.0	-1.0	-1.0	1.4424322809117132	1.2865013632701685	-1.0	-1.0	-1.0	-1.0	-1.0	-1.0	-1.0	-1.0	-1.0	1.5246690218043986	-1.0	-1.0	-1.0	1.388644212390171	1.547111221864939	-1.0	1.376699916765065	1.427554219390756	1.5078549456595223	1.6421032202551995	1.5322619111487652	1.6371834737612743	-1.0	-1.0	-1.0	1.544942702941816	1.4379027286798354	1.5410720982238009	1.6556531829767145	1.5648273790287257	1.3205038424917617	-1.0	-1.0	-1.0	1.2758973051782705	1.4079316570540181	1.652015106141029	1.3440763103536977	1.5962432033456608	1.2642510171571892	1.5847824693424486	1.2117116849647052	-1.0	-1.0	-1.0	-1.0	-1.0	-1.0	-1.0	-1.0	-1.0	-1.0	-1.0	1.514924095829846	1.4821028167502681	-1.0	1.4262419720788944	1.5518195008080302	-1.0	1.5936737194073785	1.6376279174775057	-1.0	1.517962527804041	-1.0	-1.0	-1.0	-1.0	-1.0	-1.0	1.6231140550911878	1.5547410152228536	1.4869882776843788	1.5719921626614846	1.2934985898776805	1.4826631658949976	1.4558299733519424	1.5765867804715386	1.2804803878855466	1.371824271966775	1.590970834309657	1.553302116254691	1.2660239484941527	1.4008134785394428	1.4445430546049292	1.5780578219286974	1.4911807444132625	1.493970935820071	1.405613448092047
-1.0	-1.0	-1.0	-1.0	-1.0	-1.0	-1.0	-1.0	-1.0	-1.0	-1.0	-1.0	-1.0	-1.0	-1.0	-1.0	-1.0	-1.0	-1.0	-1.0	-1.0	-1.0	-1.0	-1.0	-1.0	-1.0	-1.0	-1.0	1.7138655339415203	1.680981153141535	1.5257806763248598	1.6952367036300386	1.587337273171283	1.541381378677769	-1.0	-1.0	-1.0	1.4520596437149493	1.605528020284111	1.6108002440597546	1.489600303248796	1.4083858888809875	1.5763649531920667	-1.0	-1.0	-1.0	-1.0	-1.0	-1.0	-1.0	-1.0	-1.0	-1.0	-1.0	-1.0	-1.0	-1.0	-1.0	-1.0	-1.0	-1.0	-1.0	-1.0	-1.0	-1.0	1.3479617508513373	1.406541358101191	-1.0	-1.0	-1.0	-1.0	1.5478164340154212	1.4624599396083382	-1.0	-1.0	-1.0	-1.0	-1.0	-1.0	-1.0	-1.0	1.7966451061456654	1.6162373351780637	1.5833296668302352	1.3678640415027556	1.8405578259845865	1.4513268630005087	1.4093083653468692	1.4938706683591343	1.7850273743649645	1.537787092755093	1.5685325507993864	1.4591188620045967	1.6915133708217038	1.8349950688660357	1.610558243931411	1.5851283137171577	1.543765139199755	1.354221280271804	1.5167911039145319
-1.0	-1.0	-1.0	-1.0	-1.0	-1.0	-1.0	-1.0	-1.0	-1.0	-1.0	-1.0	-1.0	-1.0	-1.0	-1.0	-1.0	-1.0	-1.0	-1.0	-1.0	-1.0	-1.0	-1.0	-1.0	-1.0	-1.0	-1.0	1.8631590192155936	1.7009272891437952	1.5360898189016092	1.8309565020280574	1.3457484484291315	1.6917017437618491	-1.0	-1.0	-1.0	1.4959540720984765	1.4235642115240654	1.5897031254587293	1.648501156879117	1.4228096725072914	1.5622294993788244	-1.0	-1.0	-1.0	-1.0	-1.0	-1.0	-1.0	-1.0	-1.0	-1.0	-1.0	-1.0	-1.0	-1.0	-1.0	-1.0	-1.0	-1.0	-1.0	-1.0	-1.0	-1.0	1.6862792141921508	1.5616241818424232	-1.0	-1.0	-1.0	-1.0	1.426588596535568	1.4277970414636068	-1.0	-1.0	-1.0	-1.0	-1.0	-1.0	-1.0	-1.0	1.5476158295250912	1.5772271173197023	1.5192660591630227	1.5320138534208103	1.911754789736424	1.499954801139342	1.3919296799930096	1.495247055292909	1.7660834530433416	1.3216489667505058	1.8700987896701835	1.468322402979038	1.7261934471751024	1.6386343739658538	1.7776469390545273	1.3079416378609374	1.6918010762108202	1.564059228792774	1.531478072885762
-1.0	-1.0	-1.0	-1.0	-1.0	-1.0	-1.0	-1.0	-1.0	-1.0	1.4009146346254688	-1.0	-1.0	-1.0	-1.0	-1.0	-1.0	-1.0	-1.0	-1.0	-1.0	-1.0	1.483032110246443	1.5518296979838535	1.5451001417361863	-1.0	-1.0	-1.0	1.4050116231832033	1.696995670689007	1.5423003238274113	1.7403332935178253	1.614774902075122	1.5671439184749207	-1.0	1.453862473898827	1.5916238234407227	1.5993890908231165	1.650990004992972	1.565499616536277	1.6361605165942912	1.6127722269628146	1.4761667752527547	-1.0	-1.0	-1.0	-1.0	-1.0	1.3728519488856838	1.4585530717472035	-1.0	-1.0	-1.0	-1.0	-1.0	-1.0	-1.0	-1.0	-1.0	-1.0	-1.0	-1.0	-1.0	-1.0	-1.0	1.390072520929048	1.7255701403684451	-1.0	-1.0	-1.0	1.5488296578249836	1.4456665189796742	1.5168071699115322	-1.0	-1.0	-1.0	-1.0	-1.0	-1.0	-1.0	-1.0	1.2408967337981405	1.5312192239466424	1.4402113563948364	1.4491529217661676	1.2448590745714643	1.5146620258235088	1.5567695531011976	1.3099791028803383	1.5576217620532296	1.4592480986531948	1.7336224453807343	1.3677524027966217	1.4435974313683506	1.7253927570399823	1.7382765948215655	1.3838518642564286	1.285025083298263	1.5252687337039532	1.4720281430155284
-1.0	-1.0	-1.0	-1.0	-1.0	-1.0	-1.0	-1.0	-1.0	-1.0	-1.0	-1.0	-1.0	-1.0	-1.0	-1.0	-1.0	-1.0	-1.0	-1.0	-1.0	-1.0	-1.0	-1.0	-1.0	-1.0	-1.0	-1.0	-1.0	-1.0	-1.0	-1.0	-1.0	-1.0	-1.0	-1.0	-1.0	-1.0	-1.0	-1.0	-1.0	-1.0	-1.0	-1.0	-1.0	-1.0	-1.0	-1.0	-1.0	-1.0	-1.0	-1.0	-1.0	-1.0	-1.0	-1.0	-1.0	-1.0	-1.0	-1.0	-1.0	-1.0	-1.0	-1.0	-1.0	-1.0	-1.0	-1.0	-1.0	-1.0	-1.0	-1.0	-1.0	-1.0	-1.0	-1.0	-1.0	-1.0	-1.0	-1.0	-1.0	-1.0	-1.0	-1.0	-1.0	-1.0	-1.0	-1.0	-1.0	-1.0	-1.0	-1.0	-1.0	-1.0	-1.0	-1.0	-1.0	-1.0	-1.0	-1.0
-1.0	-1.0	-1.0	-1.0	-1.0	-1.0	-1.0	-1.0	-1.0	-1.0	-1.0	-1.0	-1.0	-1.0	-1.0	-1.0	-1.0	-1.0	-1.0	-1.0	-1.0	-1.0	-1.0	-1.0	-1.0	-1.0	-1.0	-1.0	-1.0	-1.0	-1.0	-1.0	-1.0	-1.0	-1.0	-1.0	-1.0	-1.0	-1.0	-1.0	-1.0	-1.0	-1.0	-1.0	-1.0	-1.0	-1.0	-1.0	-1.0	-1.0	-1.0	-1.0	-1.0	-1.0	-1.0	-1.0	-1.0	-1.0	-1.0	-1.0	-1.0	-1.0	-1.0	-1.0	-1.0	-1.0	-1.0	-1.0	-1.0	-1.0	-1.0	-1.0	-1.0	-1.0	-1.0	-1.0	-1.0	-1.0	-1.0	-1.0	-1.0	-1.0	-1.0	-1.0	-1.0	-1.0	-1.0	-1.0	-1.0	-1.0	-1.0	-1.0	-1.0	-1.0	-1.0	-1.0	-1.0	-1.0	-1.0	-1.0
-1.0	-1.0	-1.0	-1.0	-1.0	-1.0	-1.0	-1.0	-1.0	-1.0	1.6273387124021912	-1.0	-1.0	-1.0	-1.0	-1.0	-1.0	-1.0	-1.0	-1.0	-1.0	-1.0	1.6185582138191859	1.4566974061560571	1.5162429274212543	-1.0	-1.0	-1.0	1.4168391482005023	-1.0	1.3889057473217064	-1.0	-1.0	-1.0	-1.0	1.538330808490858	1.4076968215994918	-1.0	-1.0	-1.0	-1.0	1.550548322912498	-1.0	-1.0	-1.0	-1.0	-1.0	-1.0	1.2886501837519095	1.4868175048028267	-1.0	-1.0	-1.0	-1.0	-1.0	-1.0	-1.0	-1.0	-1.0	-1.0	-1.0	-1.0	-1.0	-1.0	-1.0	1.5888280599403861	-1.0	-1.0	-1.0	-1.0	1.5917187610066112	1.5056926796079526	-1.0	-1.0	-1.0	-1.0	-1.0	-1.0	-1.0	-1.0	-1.0	1.3076135529341597	1.309058493531606	-1.0	1.42134025609635	1.4399352436923152	1.4548302090053467	-1.0	-1.0	1.4257202402466627	1.3596800439930283	-1.0	1.5296424923540082	1.3495093557015518	-1.0	-1.0	1.3094932125081489	-1.0	-1.0	-1.0
-1.0	-1.0	-1.0	-1.0	-1.0	-1.0	-1.0	-1.0	-1.0	-1.0	1.5755088693450163	-1.0	-1.0	-1.0	-1.0	-1.0	-1.0	-1.0	-1.0	-1.0	-1.0	-1.0	1.4101214564806535	1.3441185223457146	1.6217371439305612	-1.0	-1.0	-1.0	1.345507964625725	-1.0	1.4147881888899163	-1.0	-1.0	-1.0	-1.0	1.2912820815379404	1.3979098872364637	-1.0	-1.0	-1.0	-1.0	1.5114231757353076	-1.0	-1.0	-1.0	-1.0	-1.0	-1.0	1.7597664819293057	1.579951024122174	-1.0	-1.0	-1.0	-1.0	-1.0	-1.0	-1.0	-1.0	-1.0	-1.0	-1.0	-1.0	-1.0	-1.0	-1.0	1.3801409559543214	-1.0	-1.0	-1.0	-1.0	1.4729249956563208	1.5799921496258056	-1.0	-1.0	-1.0	-1.0	-1.0	-1.0	-1.0	-1.0	-1.0	1.5159358409888726	1.6196130524469832	-1.0	1.6545227582842257	1.4832086179020627	1.6747670778517962	-1.0	-1.0	1.4809689937877901	1.3703593972396761	-1.0	1.2767402603712563	1.3976195373507443	-1.0	-1.0	1.3665056928560535	-1.0	-1.0	-1.0
-1.0	-1.0	-1.0	-1.0	-1.0	-1.0	-1.0	-1.0	-1.0	-1.0	-1.0	-1.0	-1.0	-1.0	-1.0	-1.0	-1.0	-1.0	-1.0	-1.0	-1.0	-1.0	-1.0	-1.0	-1.0	-1.0	-1.0	-1.0	-1.0	-1.0	-1.0	-1.0	-1.0	-1.0	-1.0	-1.0	-1.0	-1.0	-1.0	-1.0	-1.0	-1.0	-1.0	-1.0	-1.0	-1.0	-1.0	-1.0	-1.0	-1.0	-1.0	-1.0	-1.0	-1.0	-1.0	-1.0	-1.0	-1.0	-1.0	-1.0	-1.0	-1.0	-1.0	-1.0	-1.0	-1.0	-1.0	-1.0	-1.0	-1.0	-1.0	-1.0	-1.0	-1.0	-1.0	-1.0	-1.0	-1.0	-1.0	-1.0	-1.0	-1.0	-1.0	-1.0	-1.0	-1.0	-1.0	-1.0	-1.0	-1.0	-1.0	-1.0	-1.0	-1.0	-1.0	-1.0	-1.0	-1.0	-1.0	-1.0
-1.0	-1.0	-1.0	-1.0	-1.0	-1.0	-1.0	-1.0	-1.0	-1.0	-1.0	-1.0	-1.0	-1.0	-1.0	-1.0	-1.0	-1.0	-1.0	-1.0	-1.0	-1.0	-1.0	-1.0	-1.0	-1.0	-1.0	-1.0	1.560277896430135	1.6826482592981415	1.2781819789926236	1.7401310887311274	1.6667774555590509	1.847690314499237	-1.0	-1.0	-1.0	-1.0	-1.0	-1.0	-1.0	-1.0	-1.0	-1.0	-1.0	-1.0	1.6055492691442321	1.2306881631494786	1.2958491066836755	1.2004139272792542	1.780546489042393	1.8148927781384432	1.3080649184822206	1.107566962382594	-1.0	-1.0	-1.0	-1.0	-1.0	-1.0	-1.0	-1.0	-1.0	-1.0	-1.0	1.7414215728971616	1.6889138546332458	1.6785612302772337	1.664672878024047	1.536109894921537	1.6744473176381318	1.570049495705691	1.8204676834210964	1.6476956300600594	1.7563615815949987	-1.0	-1.0	-1.0	-1.0	-1.0	-1.0	1.5212274733045814	1.3286658664619777	1.3896792516372591	1.7346652574116308	1.7247984584692204	1.5954239539536748	1.5376713297027138	1.262725244651773	1.5759814698348498	1.188893421838978	1.7738689477178267	1.6860934459462131	1.6797884417802915	1.7431682645372302	1.1715587817769006	1.676968382685062	1.5429073115101188	1.7680571663157139	1.8033751906031317
-1.0	-1.0	-1.0	-1.0	-1.0	-1.0	-1.0	-1.0	-1.0	-1.0	-1.0	-1.0	-1.0	-1.0	-1.0	-1.0	-1.0	-1.0	-1.0	-1.0	-1.0	-1.0	-1.0	-1.0	-1.0	-1.0	-1.0	-1.0	1.0648570756669669	1.2085492211774442	1.0821691371454591	1.773433082674485	1.177672037362503	1.7104723183226886	-1.0	-1.0	-1.0	-1.0	-1.0	-1.0	-1.0	-1.0	-1.0	-1.0	-1.0	-1.0	1.168949534242584	1.1077931756470112	1.1826503539075135	1.4061142987042867	1.3395025553638258	1.1345420578862864	1.3524932529900402	1.147112248404083	-1.0	-1.0	-1.0	-1.0	-1.0	-1.0	-1.0	-1.0	-1.0	-1.0	-1.0	-1.0	-1.0	-1.0	-1.0	-1.0	-1.0	-1.0	-1.0	-1.0	-1.0	-1.0	-1.0	-1.0	-1.0	-1.0	-1.0	1.34694872582973	1.2400479065730372	1.2427724731185281	1.308953075921695	1.2495967042089913	1.1721795351363207	1.2263492169336936	1.1970341156363327	1.2845255721810214	1.406770669546587	1.908355619376089	1.2540424998768223	1.1496461467764052	1.5840912292214644	1.160662022476777	1.9679533800307059	1.7151026877688953	1.6902926086894998	1.794206366979647
-1.0	-1.0	-1.0	-1.0	-1.0	-1.0	-1.0	-1.0	-1.0	-1.0	-1.0	-1.0	-1.0	-1.0	-1.0	-1.0	-1.0	-1.0	-1.0	-1.0	-1.0	-1.0	-1.0	-1.0	-1.0	-1.0	-1.0	-1.0	1.295310031038483	1.365160570253206	1.2008221847906302	1.6475452684674612	1.209047211176659	1.9651453161297057	-1.0	-1.0	-1.0	-1.0	-1.0	-1.0	-1.0	-1.0	-1.0	-1.0	-1.0	-1.0	1.2594554968229283	1.5078807914653607	1.4907381379233287	1.3371550320360892	1.3493043689129713	1.1459577779886554	1.370690323399539	1.3840303822234066	-1.0	-1.0	-1.0	-1.0	-1.0	-1.0	-1.0	-1.0	-1.0	-1.0	-1.0	-1.0	-1.0	-1.0	-1.0	-1.0	-1.0	-1.0	-1.0	-1.0	-1.0	-1.0	-1.0	-1.0	-1.0	-1.0	-1.0	1.2287172287098915	1.3148446771137852	1.2395188523091225	1.4317035834228324	1.230693479970967	1.1210096202977047	1.070747431399432	1.3226493758051556	1.4559221149699928	1.255185791222123	1.6418751722449425	1.2618065305265205	1.3687362074931304	1.906492189537555	1.1697468726480078	1.8612186202975634	1.743455867143928	1.778538068542343	2.008235931727504
-1.0	-1.0	-1.0	-1.0	-1.0	-1.0	-1.0	-1.0	-1.0	-1.0	-1.0	-1.0	-1.0	-1.0	-1.0	-1.0	-1.0	-1.0	-1.0	-1.0	-1.0	-1.0	-1.0	-1.0	-1.0	-1.0	-1.0	-1.0	1.7119758750052327	1.7043787245212016	1.8931862084403084	1.8169468847099235	1.5801067635781012	1.7741041971231775	-1.0	-1.0	-1.0	-1.0	-1.0	-1.0	-1.0	-1.0	-1.0	-1.0	-1.0	-1.0	1.7812121883211995	-1.0	-1.0	-1.0	1.597825578490726	1.5174181697453624	-1.0	-1.0	-1.0	-1.0	-1.0	-1.0	-1.0	-1.0	-1.0	-1.0	-1.0	-1.0	-1.0	1.547191569076611	1.7127008129518202	1.7773921555155228	1.531175334387893	1.83157638446871	1.7260119305821129	1.6994469707100786	1.8199429936036662	1.6727954962412284	1.5539944398230943	-1.0	-1.0	-1.0	-1.0	-1.0	-1.0	1.63549146052534	1.8417697918986249	1.690709514323093	1.9249247511079974	1.685151221752116	1.5068196744573128	1.7994158113606535	1.708113188253148	1.772295037993656	1.731294215055569	1.8857726366537007	1.7247918323522922	1.6127981324123855	1.7946882591073952	1.7595112498605796	1.6541120170522534	1.8476894338509695	1.8179448226223887	1.708562156269434
-1.0	-1.0	-1.0	-1.0	-1.0	-1.0	-1.0	-1.0	-1.0	-1.0	1.5214634323150702	1.6447157546902156	-1.0	-1.0	-1.0	-1.0	-1.0	-1.0	-1.0	-1.0	-1.0	1.456613847941943	1.4795815326020774	1.4885435210107294	1.3437156680679583	1.4423330638645815	1.5868540887594862	-1.0	1.2890654223832472	1.7957599272150135	1.4055520235165984	1.6560409525704824	1.6430609724753016	1.7053017447344319	-1.0	1.667987167749302	1.5292818785802653	1.5135787570200452	1.5426526406627243	1.649738753607859	1.542821498502064	1.4150830271913257	1.3280427234545276	-1.0	-1.0	-1.0	1.6616082206537048	1.560952621625338	1.5908943326527687	1.3733874030700148	1.3613769728865057	1.7367115058386546	1.50297333789618	-1.0	-1.0	-1.0	-1.0	-1.0	-1.0	-1.0	-1.0	-1.0	-1.0	-1.0	-1.0	1.454349562437397	1.5317991153092976	1.7070031690987941	1.531063597317522	1.4696027526236728	1.3965932348182073	1.3886798678777243	1.500380798886977	1.6984833591512054	1.4285535005839405	-1.0	-1.0	-1.0	-1.0	-1.0	-1.0	1.3792547117679235	1.3696572810733008	1.6114474703505313	1.5497463551228798	1.4420071417294535	1.4210503293635717	1.7052885960991953	1.5998416348182722	1.4825316374607245	1.5240567299885421	1.3620899311368355	1.386688314452075	1.448290747625747	1.7508640418091361	1.6014517145558431	1.4226226891662521	1.5944682080965733	1.721064433641017	1.3341781374715413
-1.0	-1.0	-1.0	-1.0	-1.0	-1.0	-1.0	-1.0	-1.0	-1.0	-1.0	-1.0	-1.0	-1.0	-1.0	-1.0	-1.0	-1.0	-1.0	-1.0	-1.0	-1.0	-1.0	-1.0	-1.0	-1.0	-1.0	-1.0	1.4423745268881247	1.2159622704335853	1.2779344318551142	1.8422163116981911	1.1048730005570615	1.5507778267021226	-1.0	-1.0	-1.0	-1.0	-1.0	-1.0	-1.0	-1.0	-1.0	-1.0	-1.0	-1.0	1.2356454188004014	1.370062570790615	1.3501815167843536	1.2177635934676179	1.3084239006756766	1.1137380239804675	1.4062801498840956	1.239356947950547	-1.0	-1.0	-1.0	-1.0	-1.0	-1.0	-1.0	-1.0	-1.0	-1.0	-1.0	-1.0	-1.0	-1.0	-1.0	-1.0	-1.0	-1.0	-1.0	-1.0	-1.0	-1.0	-1.0	-1.0	-1.0	-1.0	-1.0	1.1151267844921307	1.2592812678514935	1.126658691995323	1.2752807743654595	1.117868850256011	1.4537755905626193	1.2496994062581595	1.1324928301466184	1.333522767682783	1.1882619746569745	1.7889094583965621	1.2806133259863421	1.3409027178146438	1.6440384859238073	1.1592044114335474	1.8039988256421706	1.8133932781543785	1.792831090295074	1.9203217434350397
-1.0	-1.0	-1.0	-1.0	-1.0	-1.0	-1.0	-1.0	-1.0	-1.0	1.6220234956277706	-1.0	-1.0	-1.0	-1.0	-1.0	-1.0	-1.0	-1.0	-1.0	-1.0	-1.0	1.4419636818869639	1.5108489998554624	1.238129425379727	-1.0	-1.0	-1.0	1.4571674317989534	-1.0	1.4197218860503955	-1.0	-1.0	-1.0	-1.0	1.4495161091634101	1.7028729618820069	-1.0	-1.0	-1.0	-1.0	1.3138246536278997	-1.0	-1.0	-1.0	-1.0	-1.0	-1.0	1.409944964869159	1.3584439720476629	-1.0	-1.0	-1.0	-1.0	-1.0	-1.0	-1.0	-1.0	-1.0	-1.0	-1.0	-1.0	-1.0	-1.0	-1.0	1.3792789447329357	-1.0	-1.0	-1.0	-1.0	1.370559305445099	1.520111064483654	-1.0	-1.0	-1.0	-1.0	-1.0	-1.0	-1.0	-1.0	-1.0	1.4780254375640822	1.4983562863166457	-1.0	1.5024745925475633	1.4650272083064408	1.4896941815312765	-1.0	-1.0	1.4548323264508785	1.540625471100912	-1.0	1.4463165833799112	1.45579336916107	-1.0	-1.0	1.3463836037378512	-1.0	-1.0	-1.0
-1.0	-1.0	-1.0	-1.0	-1.0	-1.0	-1.0	-1.0	-1.0	-1.0	-1.0	-1.0	-1.0	-1.0	-1.0	-1.0	-1.0	-1.0	-1.0	-1.0	-1.0	-1.0	-1.0	-1.0	-1.0	-1.0	-1.0	-1.0	-1.0	-1.0	1.544033904844018	-1.0	1.690708127050161	1.3592687487414197	-1.0	-1.0	-1.0	1.4760055588277317	1.45118777383422	1.679580201698904	1.6381296498731877	1.552739543787768	1.5702816607651062	-1.0	-1.0	-1.0	-1.0	-1.0	-1.0	-1.0	-1.0	-1.0	-1.0	-1.0	-1.0	-1.0	-1.0	-1.0	-1.0	-1.0	-1.0	-1.0	-1.0	-1.0	-1.0	1.7274706900209542	1.5406998407763375	-1.0	-1.0	-1.0	-1.0	1.4566218077867736	1.6519016303672227	-1.0	-1.0	-1.0	-1.0	-1.0	-1.0	-1.0	-1.0	-1.0	1.5140604100458184	1.5265715989962074	1.4746618934755225	-1.0	1.5731095362002256	1.711444826112546	1.503729859004768	-1.0	1.638456297807924	-1.0	1.487790292042644	-1.0	-1.0	-1.0	1.6912384779583163	1.4097086243528825	1.4830811633164425	1.5450582218108604
-1.0	-1.0	-1.0	-1.0	-1.0	-1.0	-1.0	-1.0	-1.0	-1.0	-1.0	-1.0	-1.0	-1.0	-1.0	-1.0	-1.0	-1.0	-1.0	-1.0	-1.0	-1.0	-1.0	-1.0	-1.0	-1.0	-1.0	-1.0	-1.0	-1.0	-1.0	-1.0	-1.0	-1.0	-1.0	-1.0	-1.0	-1.0	-1.0	-1.0	-1.0	-1.0	-1.0	-1.0	-1.0	-1.0	-1.0	-1.0	-1.0	-1.0	-1.0	-1.0	-1.0	-1.0	-1.0	-1.0	-1.0	-1.0	-1.0	-1.0	-1.0	-1.0	-1.0	-1.0	-1.0	-1.0	-1.0	-1.0	-1.0	-1.0	-1.0	-1.0	-1.0	-1.0	-1.0	-1.0	-1.0	-1.0	-1.0	-1.0	-1.0	-1.0	-1.0	-1.0	-1.0	-1.0	-1.0	-1.0	-1.0	-1.0	-1.0	-1.0	-1.0	-1.0	-1.0	-1.0	-1.0	-1.0	-1.0	-1.0
-1.0	-1.0	-1.0	-1.0	-1.0	-1.0	-1.0	-1.0	-1.0	-1.0	-1.0	-1.0	-1.0	-1.0	-1.0	-1.0	-1.0	-1.0	-1.0	-1.0	-1.0	-1.0	-1.0	-1.0	-1.0	-1.0	-1.0	-1.0	-1.0	-1.0	-1.0	-1.0	-1.0	-1.0	-1.0	-1.0	-1.0	-1.0	-1.0	-1.0	-1.0	-1.0	-1.0	-1.0	-1.0	-1.0	-1.0	-1.0	-1.0	-1.0	-1.0	-1.0	-1.0	-1.0	-1.0	-1.0	-1.0	-1.0	-1.0	-1.0	-1.0	-1.0	-1.0	-1.0	-1.0	-1.0	-1.0	-1.0	-1.0	-1.0	-1.0	-1.0	-1.0	-1.0	-1.0	-1.0	-1.0	-1.0	-1.0	-1.0	-1.0	-1.0	-1.0	-1.0	-1.0	-1.0	-1.0	-1.0	-1.0	-1.0	-1.0	-1.0	-1.0	-1.0	-1.0	-1.0	-1.0	-1.0	-1.0	-1.0
-1.0	-1.0	-1.0	-1.0	-1.0	-1.0	-1.0	-1.0	-1.0	-1.0	-1.0	-1.0	-1.0	-1.0	-1.0	-1.0	-1.0	-1.0	-1.0	-1.0	-1.0	-1.0	-1.0	-1.0	-1.0	-1.0	-1.0	-1.0	-1.0	-1.0	-1.0	-1.0	-1.0	-1.0	-1.0	-1.0	-1.0	-1.0	-1.0	-1.0	-1.0	-1.0	-1.0	-1.0	-1.0	-1.0	-1.0	-1.0	-1.0	-1.0	-1.0	-1.0	-1.0	-1.0	-1.0	-1.0	-1.0	-1.0	-1.0	-1.0	-1.0	-1.0	-1.0	-1.0	-1.0	-1.0	-1.0	-1.0	-1.0	-1.0	-1.0	-1.0	-1.0	-1.0	-1.0	-1.0	-1.0	-1.0	-1.0	-1.0	-1.0	-1.0	-1.0	-1.0	-1.0	-1.0	-1.0	-1.0	-1.0	-1.0	-1.0	-1.0	-1.0	-1.0	-1.0	-1.0	-1.0	-1.0	-1.0	-1.0
-1.0	-1.0	-1.0	-1.0	-1.0	-1.0	-1.0	-1.0	-1.0	-1.0	-1.0	-1.0	-1.0	-1.0	-1.0	-1.0	-1.0	-1.0	-1.0	-1.0	-1.0	-1.0	-1.0	-1.0	-1.0	-1.0	-1.0	-1.0	-1.0	-1.0	-1.0	-1.0	-1.0	-1.0	-1.0	-1.0	-1.0	-1.0	-1.0	-1.0	-1.0	-1.0	-1.0	-1.0	-1.0	-1.0	-1.0	-1.0	-1.0	-1.0	-1.0	-1.0	-1.0	-1.0	-1.0	-1.0	-1.0	-1.0	-1.0	-1.0	-1.0	-1.0	-1.0	-1.0	-1.0	-1.0	-1.0	-1.0	-1.0	-1.0	-1.0	-1.0	-1.0	-1.0	-1.0	-1.0	-1.0	-1.0	-1.0	-1.0	-1.0	-1.0	-1.0	-1.0	-1.0	-1.0	-1.0	-1.0	-1.0	-1.0	-1.0	-1.0	-1.0	-1.0	-1.0	-1.0	-1.0	-1.0	-1.0	-1.0
-1.0	-1.0	-1.0	-1.0	-1.0	-1.0	-1.0	-1.0	-1.0	-1.0	-1.0	-1.0	-1.0	-1.0	-1.0	-1.0	-1.0	-1.0	-1.0	-1.0	-1.0	-1.0	-1.0	-1.0	-1.0	-1.0	-1.0	-1.0	-1.0	-1.0	-1.0	-1.0	-1.0	-1.0	-1.0	-1.0	-1.0	-1.0	-1.0	-1.0	-1.0	-1.0	-1.0	-1.0	-1.0	-1.0	-1.0	-1.0	-1.0	-1.0	-1.0	-1.0	-1.0	-1.0	-1.0	-1.0	-1.0	-1.0	-1.0	-1.0	-1.0	-1.0	-1.0	-1.0	-1.0	-1.0	-1.0	-1.0	-1.0	-1.0	-1.0	-1.0	-1.0	-1.0	-1.0	-1.0	-1.0	-1.0	-1.0	-1.0	-1.0	-1.0	-1.0	-1.0	-1.0	-1.0	-1.0	-1.0	-1.0	-1.0	-1.0	-1.0	-1.0	-1.0	-1.0	-1.0	-1.0	-1.0	-1.0	-1.0
-1.0	-1.0	-1.0	-1.0	-1.0	-1.0	-1.0	-1.0	-1.0	-1.0	1.417407321385279	1.5397977845591122	-1.0	-1.0	-1.0	-1.0	-1.0	-1.0	-1.0	-1.0	-1.0	1.4657370886031933	-1.0	-1.0	-1.0	1.4433682833299908	1.5036005777551122	-1.0	1.4422673736393428	1.4579190705038227	1.5477744721185596	1.7352644468674299	1.4620965818254734	1.5090053456412942	-1.0	-1.0	-1.0	1.7069981580703628	1.4701420837885992	1.5564906948733803	1.5027477543797636	1.5559346916455898	1.5545890548739125	-1.0	-1.0	-1.0	1.694906511267201	1.5340394084325506	1.6245797712013257	1.2972821726779604	1.5897540646767223	1.5966666543400247	1.658551869427383	1.3169190203649541	-1.0	-1.0	-1.0	-1.0	-1.0	-1.0	-1.0	-1.0	-1.0	-1.0	-1.0	1.3931764907585313	1.5282876273279773	1.8595645862199623	1.473252959679061	1.6860248787206693	1.689243468347885	1.7458805292022581	1.5399678061179818	1.7225056380527175	1.6286368255147075	-1.0	-1.0	-1.0	-1.0	-1.0	-1.0	1.5024175414711494	1.3602185642999585	1.4497651530048488	1.5961493877725692	1.6811007894929322	1.443727430481572	1.4403380633043046	1.4953627643268927	1.8206498443998234	1.57211168085755	1.5306961683057527	1.5800391646038132	1.8426502275232048	1.6762699222931823	1.5146209376121922	1.6548718650222087	1.6570566424900293	1.5948847575335765	1.6602863563909522
-1.0	-1.0	-1.0	-1.0	-1.0	-1.0	-1.0	-1.0	-1.0	-1.0	1.5089507715923125	1.4727819732186394	-1.0	-1.0	-1.0	-1.0	-1.0	-1.0	-1.0	-1.0	-1.0	1.424060111229458	1.6844536626011806	1.448961794129118	1.417164884280692	1.3604796268330452	1.5814392036833838	-1.0	1.3831576236819916	1.575386189452988	1.3256160268943642	1.6646646460682142	1.4774250394963182	1.8063795205727964	-1.0	1.3551728637752085	1.550087314537676	-1.0	-1.0	1.5348486069658642	-1.0	1.4604611287142149	1.5802292048688704	-1.0	-1.0	-1.0	1.697077460790847	1.5664976963497994	1.277350238956806	1.4836215832546746	1.4932034183157694	1.861607074695214	1.6428443026371533	1.2435582730223944	-1.0	-1.0	-1.0	-1.0	-1.0	-1.0	-1.0	-1.0	-1.0	-1.0	-1.0	1.4879113192432099	1.4968296052686134	1.6153900014445823	1.4259082137339325	1.4722900362549312	1.4613493025316056	1.685443562253717	1.7176899458108257	1.6839270741541392	1.2635841787974726	-1.0	-1.0	-1.0	-1.0	-1.0	-1.0	1.685709789249506	1.5743130611421197	1.4679240898116248	1.2797194922148007	1.4435275647805157	1.4484956220801852	1.8009444000892598	1.396438733221351	1.5948162967020416	1.54035841670411	1.644595454028756	1.6123884689275993	1.4992291302080434	1.4665808531150184	1.3489958612564834	1.311032127679196	1.5729017473690448	1.7452480786806197	1.7506068542031594
-1.0	-1.0	-1.0	-1.0	-1.0	-1.0	-1.0	-1.0	-1.0	-1.0	1.5592204207892908	1.4120508607478508	-1.0	-1.0	-1.0	-1.0	-1.0	-1.0	-1.0	-1.0	-1.0	1.615118485580456	1.3488076836142446	1.4163020579106531	1.4044165754116438	1.2997436567869451	1.546397607816599	-1.0	1.422271688933145	1.7857111869868811	1.631790196778852	1.8802710835160115	1.5230443167384706	1.495986234777354	-1.0	1.4826480655582797	1.4128152953163857	1.3891575049308615	1.3630107004968743	1.4597362996370857	1.6261476321006416	1.5265346379605624	1.628594805191385	-1.0	-1.0	-1.0	1.5102666719350966	1.5289052213873593	1.3571298496426825	1.3881003217274313	1.3472564141230539	1.6180988674297225	1.5059650506889153	1.2019823148521143	-1.0	-1.0	-1.0	-1.0	-1.0	-1.0	-1.0	-1.0	-1.0	-1.0	-1.0	1.4509841944327684	1.5476762567561362	1.6319692355668307	1.4146600626782375	1.3524121336102912	1.3820372682886435	1.433151815826143	1.6029603510585828	1.730037195243837	1.501254412471495	-1.0	-1.0	-1.0	-1.0	-1.0	-1.0	1.6478097487612386	1.232043191992957	1.7360904876068872	1.5031568313462254	1.4475633883850112	1.4851398467745653	1.553444181983631	1.5104779148199599	1.371044790329025	1.4760530143641466	1.5146156768082808	1.534252511480348	1.4361330805007042	1.5642876249900557	1.5046005615916493	1.3758645651996624	1.6685287541172256	1.6302552140704731	1.702397331784547
-1.0	-1.0	-1.0	-1.0	-1.0	-1.0	-1.0	-1.0	-1.0	-1.0	1.5924291017734404	1.4771441817168933	-1.0	-1.0	-1.0	-1.0	-1.0	-1.0	-1.0	-1.0	-1.0	1.4726945029328562	-1.0	-1.0	-1.0	1.5315462682200993	1.4752331445139188	-1.0	1.6828728734733673	1.6955763704647213	1.3750981559419013	1.7338519937864874	1.7346060190484465	1.7646535648309998	-1.0	-1.0	-1.0	-1.0	-1.0	1.434948448145809	-1.0	-1.0	1.4670393820466852	-1.0	-1.0	-1.0	1.7664586289966575	1.4884850491943615	1.559282191551763	1.1559209271408986	1.4680785044976112	1.5166384470674745	1.5977904224835293	1.2729326651055868	-1.0	-1.0	-1.0	-1.0	-1.0	-1.0	-1.0	-1.0	-1.0	-1.0	-1.0	1.6417405765073612	1.5111230542964165	1.6553580951484481	1.5346143977404352	1.4877079863985476	1.5766744018516357	1.4740770251192032	1.7511358293292076	1.7067378996258058	1.6385008002192916	-1.0	-1.0	-1.0	-1.0	-1.0	-1.0	1.4397658102317699	1.1850128174701533	1.0842216175312696	1.5137136113038083	1.8283691120346186	1.4721620038699677	1.668551664765796	1.5620896242931934	1.692769952769739	1.2096196837882465	1.5025108475151836	1.4272413801286215	1.721758066669938	1.6009960347858854	1.4945915354391472	1.8315583461579348	1.7455683510078233	1.770617742592925	1.5369690719749063
-1.0	-1.0	-1.0	-1.0	-1.0	-1.0	-1.0	-1.0	-1.0	-1.0	-1.0	-1.0	-1.0	-1.0	-1.0	-1.0	-1.0	-1.0	-1.0	-1.0	-1.0	-1.0	-1.0	-1.0	-1.0	-1.0	-1.0	-1.0	1.2995070749793605	1.2904315657075858	1.331369739828034	1.9698191845576383	1.3351331536670286	1.5825929069193827	-1.0	-1.0	-1.0	-1.0	-1.0	-1.0	-1.0	-1.0	-1.0	-1.0	-1.0	-1.0	1.4106291769733963	1.4187482360639392	1.3765451858601312	1.1665932799978738	1.3602840926702455	1.2847113231484124	1.1767919819290515	1.2089463301213221	-1.0	-1.0	-1.0	-1.0	-1.0	-1.0	-1.0	-1.0	-1.0	-1.0	-1.0	-1.0	-1.0	-1.0	-1.0	-1.0	-1.0	-1.0	-1.0	-1.0	-1.0	-1.0	-1.0	-1.0	-1.0	-1.0	-1.0	1.255141966075019	1.2169652564571167	1.2008927638225142	1.284422706608256	1.1419789111091172	1.137249525735919	1.3564399342834979	1.1246379269963565	1.5278207117782563	1.2160440153926222	1.8479526939700281	1.222209554452958	1.1758223836574124	1.7466250929521845	1.2150447510278755	1.6836892388891227	1.7623555660587815	1.5724814124516708	1.6570545240582386
-1.0	-1.0	-1.0	-1.0	-1.0	-1.0	-1.0	-1.0	-1.0	-1.0	1.6576399675873903	1.4954250493070107	-1.0	-1.0	-1.0	-1.0	-1.0	-1.0	-1.0	-1.0	-1.0	1.5588406182311176	-1.0	-1.0	-1.0	1.5607580811387005	1.4723067708823632	-1.0	1.3869633309848308	1.2512210281653329	1.376711455961468	1.7957977900780993	1.4623977545730527	1.7251442015937528	-1.0	-1.0	-1.0	-1.0	-1.0	1.3646536910847944	-1.0	-1.0	1.4670729794911508	-1.0	-1.0	-1.0	1.5317135277176153	1.4416173276801627	1.6115148276060034	1.400709029250654	1.5459916288084352	1.3013723855016337	1.6568642027054084	1.4796386200465603	-1.0	-1.0	-1.0	-1.0	-1.0	-1.0	-1.0	-1.0	-1.0	-1.0	-1.0	-1.0	1.4428751403657951	-1.0	1.59563954633351	1.469170668546135	-1.0	-1.0	-1.0	-1.0	1.5131163499782307	-1.0	-1.0	-1.0	-1.0	-1.0	-1.0	1.4475609401018548	1.4388520814063097	1.2064767988511171	1.5564914441960787	1.3017791758641093	1.6320969433483594	1.4776874185514082	1.5809748470161518	1.124936498241976	1.1669271574339393	1.577023071819121	1.4465501275885149	1.249906081007998	1.6669372423069795	1.543024012298205	2.0336687482091707	1.7101523540396544	1.6721586324713273	1.8833178713238377
-1.0	-1.0	-1.0	-1.0	-1.0	-1.0	-1.0	-1.0	-1.0	-1.0	-1.0	-1.0	-1.0	-1.0	-1.0	-1.0	-1.0	-1.0	-1.0	-1.0	-1.0	-1.0	-1.0	-1.0	-1.0	-1.0	-1.0	-1.0	1.745575975606073	1.8303970089645787	1.464102928235308	1.8530043322663605	1.6951740650406102	1.685596496725099	-1.0	-1.0	-1.0	-1.0	-1.0	-1.0	-1.0	-1.0	-1.0	-1.0	-1.0	-1.0	1.756348183470147	1.218247817276571	1.4106366575951002	1.3866209767717663	1.6313885793543361	1.6915769544245667	1.3024953421394245	1.2059204555582137	-1.0	-1.0	-1.0	-1.0	-1.0	-1.0	-1.0	-1.0	-1.0	-1.0	-1.0	1.5789321603232882	1.6476977683188945	1.7368657446477787	1.5794822661335872	1.6329240500281474	1.6945692013588334	1.6472231552523249	1.4855441913083818	1.6535902695745814	1.8625320895534694	-1.0	-1.0	-1.0	-1.0	-1.0	-1.0	1.2480735673744534	1.0461737030325793	1.198702953497554	1.9199723915093463	1.8128591033490236	1.5741165752315494	1.78295674936089	1.2584625847895075	1.8855209819807273	1.2313726170411798	1.5990344239542886	1.6448603032847926	1.5685052643773714	1.6642481290046593	1.3240594022081005	1.5804311435964957	1.8189456039534218	1.736497968253226	1.6379197514025603
-1.0	-1.0	-1.0	-1.0	-1.0	-1.0	-1.0	-1.0	-1.0	-1.0	1.3595192613186817	-1.0	-1.0	-1.0	-1.0	-1.0	-1.0	-1.0	-1.0	-1.0	-1.0	-1.0	1.4226616828370855	1.4031473488262995	1.388027980772881	-1.0	-1.0	-1.0	1.5009923247529104	1.4850337395125992	1.419055511677326	1.6018022054499323	1.4737496969609842	1.6545201454548892	-1.0	1.6303433890335428	1.4608993789345477	1.5565526689812288	1.6073780369904995	1.5762086025602278	1.5277818356358135	1.4944134963188687	1.3297239628060489	-1.0	-1.0	-1.0	1.6775178599342586	1.1928403399124656	1.5932010107208472	1.384679861631874	1.758661720022055	1.6093014938912753	1.2464485955676077	1.195453482179511	-1.0	-1.0	-1.0	-1.0	-1.0	-1.0	-1.0	-1.0	-1.0	-1.0	-1.0	1.3412019919419425	1.4121828682991928	1.696149857301784	1.7758464630463437	1.59673208298555	1.445448560423089	1.5790223634089504	1.4513422210064348	1.4451879175759448	1.6737619398859793	-1.0	-1.0	-1.0	-1.0	-1.0	-1.0	1.5407013463410881	1.4378953398259322	1.452481563783185	1.320422084682214	1.5045292060596447	1.3975573990764096	1.4849200008252916	1.449444728638884	1.4611683630110386	1.4823202582336508	1.745768488518051	1.5081196410908875	1.5033266110581367	1.8913272224621045	1.3862340142161638	1.5056095198806927	1.57708107494263	1.5388846422968663	1.5644982963996654
-1.0	-1.0	-1.0	-1.0	-1.0	-1.0	-1.0	-1.0	-1.0	-1.0	1.4966833821431993	1.4504227846411406	-1.0	-1.0	-1.0	-1.0	-1.0	-1.0	-1.0	-1.0	-1.0	1.5754184547568366	1.5378203378153412	1.3661964529133224	1.4969908415835285	1.4313211055061041	1.3993780172424077	-1.0	1.3766138985671077	1.7962773066581195	1.4341865457769944	1.829047625482796	1.6577952412519998	1.8591107263955533	-1.0	1.4030397039309912	1.705610490429812	-1.0	-1.0	1.5397230444612782	-1.0	1.5835018645184775	1.380846660102748	-1.0	-1.0	-1.0	1.6904319266747305	1.5420334043858017	1.4087619920909256	1.5338133966109582	1.3250736303672563	1.6637244325134568	1.6083058897727884	1.2868002457814598	-1.0	-1.0	-1.0	-1.0	-1.0	-1.0	-1.0	-1.0	-1.0	-1.0	-1.0	1.5613716490914094	1.6854261171371887	1.702596254413916	1.4815934634072279	1.5854501732886948	1.2897372059391707	1.373527387100484	1.7010577934142128	1.6458833651802183	1.3703349930959388	-1.0	-1.0	-1.0	-1.0	-1.0	-1.0	1.3203227572062524	1.2877011714056321	1.1579791704051254	1.4784806005099074	1.45040674450411	1.3625259789628912	1.698894905536074	1.6232170756403352	1.6116917818787408	1.4969374139355152	1.5080258658519543	1.5661321338956877	1.564456695609061	1.6484307196917904	1.4353138963067686	1.490605944782693	1.8212899252586203	1.6931561890245277	1.6872214123229252
-1.0	-1.0	-1.0	-1.0	-1.0	-1.0	-1.0	-1.0	-1.0	-1.0	-1.0	-1.0	-1.0	-1.0	-1.0	-1.0	-1.0	-1.0	-1.0	-1.0	-1.0	-1.0	-1.0	-1.0	-1.0	-1.0	-1.0	-1.0	1.766048470643713	1.8164780804860357	1.461122507773693	1.8299554494462633	1.6029321192231945	1.6082163252745736	-1.0	-1.0	-1.0	1.559105756972686	1.4978111992726844	1.4564402066969355	1.5185929971424603	1.4845597686613723	1.4387798085608845	-1.0	-1.0	-1.0	-1.0	-1.0	-1.0	-1.0	-1.0	-1.0	-1.0	-1.0	-1.0	-1.0	-1.0	-1.0	-1.0	-1.0	-1.0	-1.0	-1.0	-1.0	-1.0	1.5575118465224507	1.510615287657494	-1.0	-1.0	-1.0	-1.0	1.5225383318749435	1.7336291738787724	-1.0	-1.0	-1.0	-1.0	-1.0	-1.0	-1.0	-1.0	1.8266662876213686	1.524764717698112	1.5700218292579677	1.3785697013439717	1.9977199315986809	1.5921112512400424	1.737716929107293	1.485363842777457	1.738042997877222	1.602482843268954	1.9011368205896833	1.6241230586516304	1.8288187819914772	1.6416960714939854	1.6835680738772083	1.516100661653347	1.5244440813362896	1.4198278188519904	1.4100006953164312
-1.0	-1.0	-1.0	-1.0	-1.0	-1.0	-1.0	-1.0	-1.0	-1.0	-1.0	-1.0	-1.0	-1.0	-1.0	-1.0	-1.0	-1.0	-1.0	-1.0	-1.0	-1.0	-1.0	-1.0	-1.0	-1.0	-1.0	-1.0	1.2834675699992226	1.3223994142718678	1.4700578162485411	1.8122324735395623	1.6521449286098675	1.5573655588925026	-1.0	-1.0	-1.0	1.5519386539036601	1.3822415760740965	1.5190812879392337	1.6161291256580061	1.4122166700044998	1.5230696063486557	-1.0	-1.0	-1.0	1.2999169250136708	1.2095825276880767	1.1843978051862378	1.3086723166623544	1.219984212288839	1.200933909059163	1.1886580787940089	1.2499013526505334	-1.0	-1.0	-1.0	-1.0	-1.0	-1.0	-1.0	-1.0	-1.0	-1.0	-1.0	1.5697800448565051	1.5535132181317184	-1.0	-1.0	-1.0	-1.0	1.4119359975063932	1.5102641205704184	-1.0	-1.0	-1.0	-1.0	-1.0	-1.0	-1.0	-1.0	1.107891931020321	1.5469948979395345	1.6352312315281217	1.6012552821872863	1.2531924824552227	1.4482491329867244	1.4231359879851864	1.4951969435301222	1.4313017389075524	1.6770261326857843	1.7083944834154194	1.5488527481352596	1.292653625070682	1.8357689555009957	1.384824657622928	1.5041309855013314	1.5572162346814462	1.4641168215770486	1.3632989014240036
-1.0	-1.0	-1.0	-1.0	-1.0	-1.0	-1.0	-1.0	-1.0	-1.0	-1.0	-1.0	-1.0	-1.0	-1.0	-1.0	-1.0	-1.0	-1.0	-1.0	-1.0	-1.0	-1.0	-1.0	-1.0	-1.0	-1.0	-1.0	-1.0	-1.0	-1.0	-1.0	-1.0	-1.0	-1.0	-1.0	-1.0	-1.0	-1.0	-1.0	-1.0	-1.0	-1.0	-1.0	-1.0	-1.0	-1.0	-1.0	-1.0	-1.0	-1.0	-1.0	-1.0	-1.0	-1.0	-1.0	-1.0	-1.0	-1.0	-1.0	-1.0	-1.0	-1.0	-1.0	-1.0	-1.0	-1.0	-1.0	-1.0	-1.0	-1.0	-1.0	-1.0	-1.0	-1.0	-1.0	-1.0	-1.0	-1.0	-1.0	-1.0	-1.0	-1.0	-1.0	-1.0	-1.0	-1.0	-1.0	-1.0	-1.0	-1.0	-1.0	-1.0	-1.0	-1.0	-1.0	-1.0	-1.0	-1.0	-1.0
-1.0	-1.0	-1.0	-1.0	-1.0	-1.0	-1.0	-1.0	-1.0	-1.0	1.398073756685346	-1.0	-1.0	-1.0	-1.0	-1.0	-1.0	-1.0	-1.0	-1.0	-1.0	-1.0	1.31519699748734	1.4306871240028414	1.4693629655125662	-1.0	-1.0	-1.0	1.328950900791511	1.7272072172870818	1.573244672058501	-1.0	1.7777594365579878	-1.0	-1.0	1.5606523699801143	1.432072611694116	-1.0	-1.0	-1.0	-1.0	1.4444260382935008	-1.0	-1.0	-1.0	-1.0	1.891423308772099	-1.0	1.5193079843892152	1.5014866411869765	1.7173380145263013	1.6760000177224057	-1.0	-1.0	-1.0	-1.0	-1.0	-1.0	-1.0	-1.0	-1.0	-1.0	-1.0	-1.0	-1.0	1.494794290947825	1.8288194411051266	1.558301623092562	1.8187404146849655	1.6110036248848798	1.4850519087724554	1.3228710492785332	1.7525906407580278	1.683466709206516	1.7762929145004849	-1.0	-1.0	-1.0	-1.0	-1.0	-1.0	1.4735556112555719	1.6036305589477913	-1.0	1.532166375428948	1.370283959106151	1.471554413449982	1.8699352401656437	-1.0	1.3647890751907226	1.1898015657936536	-1.0	1.4525596804032244	1.6815761139779648	-1.0	-1.0	1.1999785694754677	-1.0	1.7709194277469262	1.8145686798621874
-1.0	-1.0	-1.0	-1.0	-1.0	-1.0	-1.0	-1.0	-1.0	-1.0	-1.0	-1.0	-1.0	-1.0	-1.0	-1.0	-1.0	-1.0	-1.0	-1.0	-1.0	-1.0	-1.0	-1.0	-1.0	-1.0	-1.0	-1.0	1.8373761724661268	1.688422702016274	1.5047973263830565	-1.0	1.5481254516474265	1.4783656200558162	-1.0	-1.0	-1.0	1.5980483377790495	1.412986453811223	1.306509651082201	1.5325282997565801	1.7519335653700192	1.6151431795930042	-1.0	-1.0	-1.0	1.9129094520636292	-1.0	-1.0	-1.0	1.5666597120173107	1.7578180350571635	-1.0	-1.0	-1.0	-1.0	-1.0	-1.0	-1.0	-1.0	-1.0	-1.0	-1.0	-1.0	-1.0	1.6683145824733896	1.591303866539251	1.8566132204433599	1.741818624501892	1.727476115394696	1.7733080368332494	1.5167619180920606	1.371547043489127	1.7383738468507546	1.9017687655679048	-1.0	-1.0	-1.0	-1.0	-1.0	-1.0	-1.0	1.5560265935373276	1.4003080892185165	1.4607760103525589	1.6738874821770529	1.4383840429698485	1.4347005782332292	1.5282915195579596	1.536315434311332	1.452371981121442	-1.0	1.4786949221395744	1.6709830408721464	-1.0	-1.0	1.5375712732052385	1.5645773532625737	1.8222217907515215	1.5837890123655471
-1.0	-1.0	-1.0	-1.0	-1.0	-1.0	-1.0	-1.0	-1.0	-1.0	-1.0	-1.0	-1.0	-1.0	-1.0	-1.0	-1.0	-1.0	-1.0	-1.0	-1.0	-1.0	-1.0	-1.0	-1.0	-1.0	-1.0	-1.0	1.730366435715573	1.6773261831961344	-1.0	-1.0	1.715606999305545	-1.0	-1.0	-1.0	-1.0	-1.0	-1.0	-1.0	-1.0	-1.0	-1.0	-1.0	-1.0	-1.0	1.6736924870639414	-1.0	-1.0	-1.0	1.8535693957883392	1.617276853545609	-1.0	-1.0	-1.0	-1.0	-1.0	-1.0	-1.0	-1.0	-1.0	-1.0	-1.0	-1.0	-1.0	1.541070843619548	1.9071120738433136	1.547126440829856	1.4772950174671982	1.7998046750866545	1.8140262844502757	1.704279929929864	1.7198287288731242	1.6625469533671444	1.6694392150017607	-1.0	-1.0	-1.0	-1.0	-1.0	-1.0	-1.0	-1.0	-1.0	1.427166388523762	1.767763861011375	1.9037887723184617	1.787597280558961	-1.0	1.5700965762944943	-1.0	-1.0	1.627789098115446	1.7009436559384197	-1.0	-1.0	1.6856402227305867	-1.0	1.5697821757446524	1.4976703284540696
-1.0	-1.0	-1.0	-1.0	-1.0	-1.0	-1.0	-1.0	-1.0	-1.0	1.466357607139623	-1.0	-1.0	-1.0	-1.0	-1.0	-1.0	-1.0	-1.0	-1.0	-1.0	-1.0	1.4580647920233858	1.3864442159203847	1.3774037548288083	-1.0	-1.0	-1.0	1.4888707568576887	1.7515666298763606	1.4852265813848613	-1.0	1.4308120155175341	1.5723835921595242	-1.0	1.4338432115306334	1.5688155730294457	1.574936197510626	1.3911901430336504	1.4759607267961323	1.4747087172344997	1.4418722080426334	1.5110139083631686	-1.0	-1.0	-1.0	1.5333863834650066	-1.0	1.2537052714997807	1.5915799432580715	1.6263317915099824	1.6773340923739573	-1.0	-1.0	-1.0	-1.0	-1.0	-1.0	-1.0	-1.0	-1.0	-1.0	-1.0	-1.0	-1.0	1.4485652045788049	1.448871317112294	1.7633929954072098	1.8780166621695515	1.9121963570131841	1.4008372857597078	1.3015990727925768	1.561608158535168	1.792064892066679	1.695433089418752	-1.0	-1.0	-1.0	-1.0	-1.0	-1.0	1.2639299105429151	1.437259590400019	1.6096531691512115	1.219623520225174	1.5837650098234608	1.5812056482039851	1.4592286817026001	1.5862394189377487	1.5444635423486899	1.4497582141342762	-1.0	1.447651182193447	1.4908827056061724	-1.0	-1.0	1.53308222442443	1.4344331271953137	1.5580551392424036	1.5005105885471035
-1.0	-1.0	-1.0	-1.0	-1.0	-1.0	-1.0	-1.0	-1.0	-1.0	1.5412524988683343	1.4162412960286614	-1.0	-1.0	-1.0	-1.0	-1.0	-1.0	-1.0	-1.0	-1.0	1.6151417793901977	-1.0	-1.0	-1.0	1.5042293061793672	1.5649390503109122	-1.0	1.5759112554575299	1.555370898564187	-1.0	-1.0	1.8027464534341318	-1.0	-1.0	-1.0	-1.0	-1.0	-1.0	1.448920377359655	-1.0	-1.0	1.379797179310742	-1.0	-1.0	-1.0	1.6554384610224968	1.7002158301990082	1.382344453927363	-1.0	1.4168391549765376	1.7940213612189728	1.4117296805965267	-1.0	-1.0	-1.0	-1.0	-1.0	-1.0	-1.0	-1.0	-1.0	-1.0	-1.0	-1.0	1.6860703205717564	1.548375222743372	1.6893571539968992	1.523092860319241	1.597275069122101	1.773958495395737	1.6069424052658907	1.7131202842265396	1.7002975685551192	1.337415392376245	-1.0	-1.0	-1.0	-1.0	-1.0	-1.0	1.6528607092643435	-1.0	-1.0	1.4905695024452104	1.4607806750396886	1.6055174883845917	1.5336788650418247	1.462053937467314	1.681514608534406	-1.0	1.4761551169201204	1.5005608444410121	1.879920683032031	1.4595927005911646	1.491557976368998	1.828960745220942	-1.0	1.6717752096271314	1.6946986326854316
-1.0	-1.0	-1.0	-1.0	-1.0	-1.0	-1.0	-1.0	-1.0	-1.0	1.4508402239205513	1.507467051708074	-1.0	-1.0	-1.0	-1.0	-1.0	-1.0	-1.0	-1.0	-1.0	1.447637654385985	-1.0	-1.0	-1.0	1.599940768746983	1.5948688032347589	-1.0	1.5731607944712676	1.6093730963778352	1.4314513224014431	-1.0	1.4059062545489838	1.607034952656442	-1.0	-1.0	-1.0	1.5117947603369237	1.63086920625442	1.3421273423519298	1.6069112635481946	1.658208735395414	1.3191073339799113	-1.0	-1.0	-1.0	1.4873592523191232	1.478157502681862	1.3098572976084597	-1.0	1.6100925982896004	1.7558406810302725	1.4727523017778448	-1.0	-1.0	-1.0	-1.0	-1.0	-1.0	-1.0	-1.0	-1.0	-1.0	-1.0	-1.0	1.58634248153598	1.5017228907688702	1.749016366421857	1.5366918517760915	1.4341173174577444	1.7114011222863994	1.4605279447635113	1.5969508768946112	1.7527086392732942	1.5027532761835598	-1.0	-1.0	-1.0	-1.0	-1.0	-1.0	1.6001345659558865	1.5875403349928163	1.5685352754053037	1.61444202357235	1.5598268751206579	1.609388659767429	1.5445986899033446	1.463098706475117	1.860346837548593	1.5737674193512279	1.4691655421266876	1.5390889834105583	1.6991350457967158	1.5380130143880848	1.4613336961416308	1.4177658811038243	1.4333749196974805	1.5883493101516164	1.5492536310053975
-1.0	-1.0	-1.0	-1.0	-1.0	-1.0	-1.0	-1.0	-1.0	-1.0	-1.0	-1.0	-1.0	-1.0	-1.0	-1.0	-1.0	-1.0	-1.0	-1.0	-1.0	-1.0	-1.0	-1.0	-1.0	-1.0	-1.0	-1.0	-1.0	-1.0	-1.0	-1.0	-1.0	-1.0	-1.0	-1.0	-1.0	-1.0	-1.0	-1.0	-1.0	-1.0	-1.0	-1.0	-1.0	-1.0	-1.0	-1.0	-1.0	-1.0	-1.0	-1.0	-1.0	-1.0	-1.0	-1.0	-1.0	-1.0	-1.0	-1.0	-1.0	-1.0	-1.0	-1.0	-1.0	-1.0	-1.0	-1.0	-1.0	-1.0	-1.0	-1.0	-1.0	-1.0	-1.0	-1.0	-1.0	-1.0	-1.0	-1.0	-1.0	-1.0	-1.0	-1.0	-1.0	-1.0	-1.0	-1.0	-1.0	-1.0	-1.0	-1.0	-1.0	-1.0	-1.0	-1.0	-1.0	-1.0	-1.0	-1.0
-1.0	-1.0	-1.0	-1.0	-1.0	-1.0	-1.0	-1.0	-1.0	-1.0	-1.0	-1.0	-1.0	-1.0	-1.0	-1.0	-1.0	-1.0	-1.0	-1.0	-1.0	-1.0	-1.0	-1.0	-1.0	-1.0	-1.0	-1.0	-1.0	-1.0	-1.0	-1.0	-1.0	-1.0	-1.0	-1.0	-1.0	-1.0	-1.0	-1.0	-1.0	-1.0	-1.0	-1.0	-1.0	-1.0	-1.0	-1.0	-1.0	-1.0	-1.0	-1.0	-1.0	-1.0	-1.0	-1.0	-1.0	-1.0	-1.0	-1.0	-1.0	-1.0	-1.0	-1.0	-1.0	-1.0	-1.0	-1.0	-1.0	-1.0	-1.0	-1.0	-1.0	-1.0	-1.0	-1.0	-1.0	-1.0	-1.0	-1.0	-1.0	-1.0	-1.0	-1.0	-1.0	-1.0	-1.0	-1.0	-1.0	-1.0	-1.0	-1.0	-1.0	-1.0	-1.0	-1.0	-1.0	-1.0	-1.0	-1.0
-1.0	-1.0	-1.0	-1.0	-1.0	-1.0	-1.0	-1.0	-1.0	-1.0	1.3661266026763283	1.437372943924453	-1.0	-1.0	-1.0	-1.0	-1.0	-1.0	-1.0	-1.0	-1.0	1.524114678028253	-1.0	-1.0	-1.0	1.558805676761258	1.7385370680257732	-1.0	1.412743695037402	-1.0	-1.0	-1.0	-1.0	-1.0	-1.0	-1.0	-1.0	-1.0	-1.0	1.5593091784476234	-1.0	-1.0	1.3571612540518945	-1.0	-1.0	-1.0	-1.0	1.6057831225831485	1.248019823724371	-1.0	1.3548922166747424	-1.0	1.4571051027163824	-1.0	-1.0	-1.0	-1.0	-1.0	-1.0	-1.0	-1.0	-1.0	-1.0	-1.0	-1.0	-1.0	1.3873495181314164	-1.0	1.3856850736496455	1.4293987617105917	-1.0	-1.0	-1.0	-1.0	1.5748063532136696	-1.0	-1.0	-1.0	-1.0	-1.0	-1.0	1.3777404470193273	-1.0	-1.0	1.5292676894617263	-1.0	1.5744512903798642	-1.0	1.4914354252305173	-1.0	-1.0	1.4153383723957833	1.394430000735816	-1.0	1.4140799137407636	1.3708114029812513	-1.0	-1.0	-1.0	-1.0
-1.0	-1.0	-1.0	-1.0	-1.0	-1.0	-1.0	-1.0	-1.0	-1.0	1.5807021475563432	1.5996450050788171	-1.0	-1.0	-1.0	-1.0	-1.0	-1.0	-1.0	-1.0	-1.0	1.5423706912349322	1.4854100078660186	1.5617952074098498	1.5108362653379446	1.506550505743518	1.4785223126962554	-1.0	1.6633458385769806	-1.0	1.4922988527502195	-1.0	-1.0	-1.0	-1.0	1.4964465139440968	1.5065643595671612	-1.0	-1.0	1.6083914991551667	-1.0	1.53873646179261	1.4601067734067332	-1.0	-1.0	-1.0	-1.0	1.3938017717496507	1.2881504283925962	1.4325222866318978	1.4339985562087345	-1.0	1.4946317782448466	-1.0	-1.0	-1.0	-1.0	-1.0	-1.0	-1.0	-1.0	-1.0	-1.0	-1.0	-1.0	1.5128168103549355	1.478133634810075	-1.0	1.569448714407919	1.4489413906815924	1.4028558951585448	1.5837459560535763	-1.0	-1.0	1.4816194261820201	-1.0	-1.0	-1.0	-1.0	-1.0	-1.0	1.4034593479949597	1.398190056246132	-1.0	1.4228191041213583	1.5160038487600391	1.417986159073811	-1.0	1.334620386921684	1.3402223008608618	1.4036947081996576	1.4896420520691993	1.3149876499607205	1.3080937109391688	1.489724363500376	1.565266615967095	1.4822650278665426	-1.0	-1.0	-1.0
-1.0	-1.0	-1.0	-1.0	-1.0	-1.0	-1.0	-1.0	-1.0	-1.0	1.567383606822054	1.5624279143590898	-1.0	-1.0	-1.0	-1.0	-1.0	-1.0	-1.0	-1.0	-1.0	1.5035460819537108	-1.0	-1.0	-1.0	1.406390184104531	1.4941159281433334	-1.0	1.663230760547476	-1.0	1.6621707982673692	-1.0	1.4350048340051929	1.4778827134286217	-1.0	-1.0	-1.0	1.6004796965828274	1.5750799082911144	1.7474134417334346	1.569700107182186	1.6043918559923556	1.5054915030013827	-1.0	-1.0	-1.0	-1.0	1.56736749014149	1.3392236740725405	-1.0	1.5398499567356965	-1.0	1.3715509780101143	-1.0	-1.0	-1.0	-1.0	-1.0	-1.0	-1.0	-1.0	-1.0	-1.0	-1.0	-1.0	1.5863342514309693	1.3764416348098913	-1.0	1.4169126437027622	1.3706478875988177	-1.0	1.5498198944226944	1.5257192398804134	-1.0	1.6130349137070068	-1.0	-1.0	-1.0	-1.0	-1.0	-1.0	1.5119402119510132	1.387153385241808	1.695873633671145	1.1882720148543187	-1.0	1.439777898941653	1.4863966359677403	1.621135240814049	-1.0	1.5997839710997042	1.5227841614494464	1.5744088288809002	-1.0	1.437147146095616	1.2869326171702733	1.5393142268656794	1.493083077931251	1.6039114801614178	1.6715426826489872
-1.0	-1.0	-1.0	-1.0	-1.0	-1.0	-1.0	-1.0	-1.0	-1.0	-1.0	-1.0	-1.0	-1.0	-1.0	-1.0	-1.0	-1.0	-1.0	-1.0	-1.0	-1.0	-1.0	-1.0	-1.0	-1.0	-1.0	-1.0	-1.0	-1.0	-1.0	-1.0	-1.0	-1.0	-1.0	-1.0	-1.0	-1.0	-1.0	-1.0	-1.0	-1.0	-1.0	-1.0	-1.0	-1.0	-1.0	-1.0	-1.0	-1.0	-1.0	-1.0	-1.0	-1.0	-1.0	-1.0	-1.0	-1.0	-1.0	-1.0	-1.0	-1.0	-1.0	-1.0	-1.0	-1.0	-1.0	-1.0	-1.0	-1.0	-1.0	-1.0	-1.0	-1.0	-1.0	-1.0	-1.0	-1.0	-1.0	-1.0	-1.0	-1.0	-1.0	-1.0	-1.0	-1.0	-1.0	-1.0	-1.0	-1.0	-1.0	-1.0	-1.0	-1.0	-1.0	-1.0	-1.0	-1.0	-1.0	-1.0
-1.0	-1.0	-1.0	-1.0	-1.0	-1.0	-1.0	-1.0	-1.0	-1.0	-1.0	-1.0	-1.0	-1.0	-1.0	-1.0	-1.0	-1.0	-1.0	-1.0	-1.0	-1.0	-1.0	-1.0	-1.0	-1.0	-1.0	-1.0	-1.0	-1.0	1.7112200229605672	-1.0	1.5069480029169229	1.6340141522719414	-1.0	-1.0	-1.0	1.4445628291806805	1.6773668750187645	1.5233923835119068	1.5681596911390667	1.516561816813979	1.5213658944988944	-1.0	-1.0	-1.0	-1.0	-1.0	-1.0	-1.0	-1.0	-1.0	-1.0	-1.0	-1.0	-1.0	-1.0	-1.0	-1.0	-1.0	-1.0	-1.0	-1.0	-1.0	-1.0	1.299027127879766	1.542644571254694	-1.0	-1.0	-1.0	-1.0	1.5831777791260775	1.5982613068523348	-1.0	-1.0	-1.0	-1.0	-1.0	-1.0	-1.0	-1.0	-1.0	1.4633572846377445	1.5563317981053724	1.60754441198815	-1.0	1.485337139025093	1.5968201648692117	1.4879382219330017	-1.0	1.3943317378752784	-1.0	1.5316369916439265	-1.0	-1.0	-1.0	1.687962602597041	1.3820262883213537	1.4668576788940741	1.6034486602884397
-1.0	-1.0	-1.0	-1.0	-1.0	-1.0	-1.0	-1.0	-1.0	-1.0	-1.0	-1.0	-1.0	-1.0	-1.0	-1.0	-1.0	-1.0	-1.0	-1.0	-1.0	-1.0	-1.0	-1.0	-1.0	-1.0	-1.0	-1.0	-1.0	-1.0	-1.0	-1.0	-1.0	-1.0	-1.0	-1.0	-1.0	-1.0	-1.0	-1.0	-1.0	-1.0	-1.0	-1.0	-1.0	-1.0	-1.0	-1.0	-1.0	-1.0	-1.0	-1.0	-1.0	-1.0	-1.0	-1.0	-1.0	-1.0	-1.0	-1.0	-1.0	-1.0	-1.0	-1.0	-1.0	-1.0	-1.0	-1.0	-1.0	-1.0	-1.0	-1.0	-1.0	-1.0	-1.0	-1.0	-1.0	-1.0	-1.0	-1.0	-1.0	-1.0	-1.0	-1.0	-1.0	-1.0	-1.0	-1.0	-1.0	-1.0	-1.0	-1.0	-1.0	-1.0	-1.0	-1.0	-1.0	-1.0	-1.0	-1.0
-1.0	-1.0	-1.0	-1.0	-1.0	-1.0	-1.0	-1.0	-1.0	-1.0	-1.0	-1.0	-1.0	-1.0	-1.0	-1.0	-1.0	-1.0	-1.0	-1.0	-1.0	-1.0	-1.0	-1.0	-1.0	-1.0	-1.0	-1.0	-1.0	-1.0	-1.0	-1.0	-1.0	-1.0	-1.0	-1.0	-1.0	-1.0	-1.0	-1.0	-1.0	-1.0	-1.0	-1.0	-1.0	-1.0	-1.0	-1.0	-1.0	-1.0	-1.0	-1.0	-1.0	-1.0	-1.0	-1.0	-1.0	-1.0	-1.0	-1.0	-1.0	-1.0	-1.0	-1.0	-1.0	-1.0	-1.0	-1.0	-1.0	-1.0	-1.0	-1.0	-1.0	-1.0	-1.0	-1.0	-1.0	-1.0	-1.0	-1.0	-1.0	-1.0	-1.0	-1.0	-1.0	-1.0	-1.0	-1.0	-1.0	-1.0	-1.0	-1.0	-1.0	-1.0	-1.0	-1.0	-1.0	-1.0	-1.0	-1.0
-1.0	-1.0	-1.0	-1.0	-1.0	-1.0	-1.0	-1.0	-1.0	-1.0	-1.0	-1.0	-1.0	-1.0	-1.0	-1.0	-1.0	-1.0	-1.0	-1.0	-1.0	-1.0	-1.0	-1.0	-1.0	-1.0	-1.0	-1.0	-1.0	-1.0	-1.0	-1.0	-1.0	-1.0	-1.0	-1.0	-1.0	-1.0	-1.0	-1.0	-1.0	-1.0	-1.0	-1.0	-1.0	-1.0	-1.0	-1.0	-1.0	-1.0	-1.0	-1.0	-1.0	-1.0	-1.0	-1.0	-1.0	-1.0	-1.0	-1.0	-1.0	-1.0	-1.0	-1.0	-1.0	-1.0	-1.0	-1.0	-1.0	-1.0	-1.0	-1.0	-1.0	-1.0	-1.0	-1.0	-1.0	-1.0	-1.0	-1.0	-1.0	-1.0	-1.0	-1.0	-1.0	-1.0	-1.0	-1.0	-1.0	-1.0	-1.0	-1.0	-1.0	-1.0	-1.0	-1.0	-1.0	-1.0	-1.0	-1.0
-1.0	-1.0	-1.0	-1.0	-1.0	-1.0	-1.0	-1.0	-1.0	-1.0	-1.0	-1.0	-1.0	-1.0	-1.0	-1.0	-1.0	-1.0	-1.0	-1.0	-1.0	-1.0	-1.0	-1.0	-1.0	-1.0	-1.0	-1.0	-1.0	-1.0	-1.0	-1.0	-1.0	-1.0	-1.0	-1.0	-1.0	-1.0	-1.0	-1.0	-1.0	-1.0	-1.0	-1.0	-1.0	-1.0	-1.0	-1.0	-1.0	-1.0	-1.0	-1.0	-1.0	-1.0	-1.0	-1.0	-1.0	-1.0	-1.0	-1.0	-1.0	-1.0	-1.0	-1.0	-1.0	-1.0	-1.0	-1.0	-1.0	-1.0	-1.0	-1.0	-1.0	-1.0	-1.0	-1.0	-1.0	-1.0	-1.0	-1.0	-1.0	-1.0	-1.0	-1.0	-1.0	-1.0	-1.0	-1.0	-1.0	-1.0	-1.0	-1.0	-1.0	-1.0	-1.0	-1.0	-1.0	-1.0	-1.0	-1.0
-1.0	-1.0	-1.0	-1.0	-1.0	-1.0	-1.0	-1.0	-1.0	-1.0	-1.0	-1.0	-1.0	-1.0	-1.0	-1.0	-1.0	-1.0	-1.0	-1.0	-1.0	-1.0	-1.0	-1.0	-1.0	-1.0	-1.0	-1.0	-1.0	-1.0	-1.0	-1.0	-1.0	-1.0	-1.0	-1.0	-1.0	-1.0	-1.0	-1.0	-1.0	-1.0	-1.0	-1.0	-1.0	-1.0	-1.0	-1.0	-1.0	-1.0	-1.0	-1.0	-1.0	-1.0	-1.0	-1.0	-1.0	-1.0	-1.0	-1.0	-1.0	-1.0	-1.0	-1.0	-1.0	-1.0	-1.0	-1.0	-1.0	-1.0	-1.0	-1.0	-1.0	-1.0	-1.0	-1.0	-1.0	-1.0	-1.0	-1.0	-1.0	-1.0	-1.0	-1.0	-1.0	-1.0	-1.0	-1.0	-1.0	-1.0	-1.0	-1.0	-1.0	-1.0	-1.0	-1.0	-1.0	-1.0	-1.0	-1.0
-1.0	-1.0	-1.0	-1.0	-1.0	-1.0	-1.0	-1.0	-1.0	-1.0	-1.0	-1.0	-1.0	-1.0	-1.0	-1.0	-1.0	-1.0	-1.0	-1.0	-1.0	-1.0	-1.0	-1.0	-1.0	-1.0	-1.0	-1.0	-1.0	-1.0	-1.0	-1.0	-1.0	-1.0	-1.0	-1.0	-1.0	-1.0	-1.0	-1.0	-1.0	-1.0	-1.0	-1.0	-1.0	-1.0	-1.0	-1.0	-1.0	-1.0	-1.0	-1.0	-1.0	-1.0	-1.0	-1.0	-1.0	-1.0	-1.0	-1.0	-1.0	-1.0	-1.0	-1.0	-1.0	-1.0	-1.0	-1.0	-1.0	-1.0	-1.0	-1.0	-1.0	-1.0	-1.0	-1.0	-1.0	-1.0	-1.0	-1.0	-1.0	-1.0	-1.0	-1.0	-1.0	-1.0	-1.0	-1.0	-1.0	-1.0	-1.0	-1.0	-1.0	-1.0	-1.0	-1.0	-1.0	-1.0	-1.0	-1.0
-1.0	-1.0	-1.0	-1.0	-1.0	-1.0	-1.0	-1.0	-1.0	-1.0	-1.0	-1.0	-1.0	-1.0	-1.0	-1.0	-1.0	-1.0	-1.0	-1.0	-1.0	-1.0	-1.0	-1.0	-1.0	-1.0	-1.0	-1.0	-1.0	-1.0	-1.0	-1.0	-1.0	-1.0	-1.0	-1.0	-1.0	-1.0	-1.0	-1.0	-1.0	-1.0	-1.0	-1.0	-1.0	-1.0	-1.0	-1.0	-1.0	-1.0	-1.0	-1.0	-1.0	-1.0	-1.0	-1.0	-1.0	-1.0	-1.0	-1.0	-1.0	-1.0	-1.0	-1.0	-1.0	-1.0	-1.0	-1.0	-1.0	-1.0	-1.0	-1.0	-1.0	-1.0	-1.0	-1.0	-1.0	-1.0	-1.0	-1.0	-1.0	-1.0	-1.0	-1.0	-1.0	-1.0	-1.0	-1.0	-1.0	-1.0	-1.0	-1.0	-1.0	-1.0	-1.0	-1.0	-1.0	-1.0	-1.0	-1.0
-1.0	-1.0	-1.0	-1.0	-1.0	-1.0	-1.0	-1.0	-1.0	-1.0	-1.0	-1.0	-1.0	-1.0	-1.0	-1.0	-1.0	-1.0	-1.0	-1.0	-1.0	-1.0	-1.0	-1.0	-1.0	-1.0	-1.0	-1.0	-1.0	-1.0	-1.0	-1.0	-1.0	-1.0	-1.0	-1.0	-1.0	-1.0	-1.0	-1.0	-1.0	-1.0	-1.0	-1.0	-1.0	-1.0	-1.0	-1.0	-1.0	-1.0	-1.0	-1.0	-1.0	-1.0	-1.0	-1.0	-1.0	-1.0	-1.0	-1.0	-1.0	-1.0	-1.0	-1.0	-1.0	-1.0	-1.0	-1.0	-1.0	-1.0	-1.0	-1.0	-1.0	-1.0	-1.0	-1.0	-1.0	-1.0	-1.0	-1.0	-1.0	-1.0	-1.0	-1.0	-1.0	-1.0	-1.0	-1.0	-1.0	-1.0	-1.0	-1.0	-1.0	-1.0	-1.0	-1.0	-1.0	-1.0	-1.0	-1.0
-1.0	-1.0	-1.0	-1.0	-1.0	-1.0	-1.0	-1.0	-1.0	-1.0	1.4281930329654546	1.4293252789350315	-1.0	-1.0	-1.0	-1.0	-1.0	-1.0	-1.0	-1.0	-1.0	1.448992952501319	-1.0	-1.0	-1.0	1.5418454153523975	1.637161918285637	-1.0	1.6207158083366657	-1.0	-1.0	-1.0	-1.0	-1.0	-1.0	-1.0	-1.0	-1.0	-1.0	1.5072931989247071	-1.0	-1.0	1.371489756533569	-1.0	-1.0	-1.0	-1.0	1.4439767219921786	1.5333742937749435	-1.0	1.5744531695754989	-1.0	1.4802495863997223	-1.0	-1.0	-1.0	-1.0	-1.0	-1.0	-1.0	-1.0	-1.0	-1.0	-1.0	-1.0	-1.0	1.574277486105263	-1.0	1.6061385819630905	1.5774014995660468	-1.0	-1.0	-1.0	-1.0	1.586875189476005	-1.0	-1.0	-1.0	-1.0	-1.0	-1.0	1.2764666064269719	-1.0	-1.0	1.4289488594727033	-1.0	1.321480614387448	-1.0	1.4453881986104402	-1.0	-1.0	1.5078022978910117	1.4475007046750226	-1.0	1.5617901516709154	1.4025709824904085	-1.0	-1.0	-1.0	-1.0
-1.0	-1.0	-1.0	-1.0	-1.0	-1.0	-1.0	-1.0	-1.0	-1.0	1.4504987810747876	1.4700142448499236	-1.0	-1.0	-1.0	-1.0	-1.0	-1.0	-1.0	-1.0	-1.0	1.5624169784516986	1.5640853093608502	1.5657397592376672	1.4005905822160996	1.518305401566695	1.5190742391345593	-1.0	1.438463108163713	-1.0	1.4754382382954991	-1.0	-1.0	-1.0	-1.0	1.393102248341551	1.6005705104709456	-1.0	-1.0	1.461682068460669	-1.0	1.5309762868549475	1.4533526687529856	-1.0	-1.0	-1.0	-1.0	1.4533666002789682	1.3551417347931	1.4773470822499195	1.5317030224528707	-1.0	1.6089300653695155	-1.0	-1.0	-1.0	-1.0	-1.0	-1.0	-1.0	-1.0	-1.0	-1.0	-1.0	-1.0	1.3970931059146747	1.4616347508243133	-1.0	1.6338008939657096	1.5230170618348005	1.3210417914001098	1.4368787043850433	-1.0	-1.0	1.4280944515736056	-1.0	-1.0	-1.0	-1.0	-1.0	-1.0	1.3670587701591346	1.6548157504206527	-1.0	1.4713677501600817	1.3079814878160236	1.4099738734649132	-1.0	1.3671083370587307	1.260076066351702	1.5028047060088439	1.4806714699159502	1.3208323150318664	1.538641187635897	1.4752761118389215	1.5891972269332046	1.4684982856822988	-1.0	-1.0	-1.0
-1.0	-1.0	-1.0	-1.0	-1.0	-1.0	-1.0	-1.0	-1.0	-1.0	1.4231512872051166	1.3533070380523542	-1.0	-1.0	-1.0	-1.0	-1.0	-1.0	-1.0	-1.0	-1.0	1.440733330040762	1.5796091943628103	1.3953291760959246	1.5414942035647203	1.6418868747615343	1.3483008560181342	-1.0	1.4088251398056566	-1.0	1.513029955322276	-1.0	-1.0	-1.0	-1.0	1.537256852622174	1.5293774914216938	-1.0	-1.0	1.5970663104225804	-1.0	1.3903943825525553	1.5043517601124632	-1.0	-1.0	-1.0	-1.0	1.3659211678160297	1.396083806266485	1.4667973786763862	1.61719818038918	-1.0	1.4654013978170766	-1.0	-1.0	-1.0	-1.0	-1.0	-1.0	-1.0	-1.0	-1.0	-1.0	-1.0	-1.0	1.4732530133515434	1.4549679152756196	-1.0	1.3613590904032362	1.4409050876388474	1.5554898391044392	1.531548585450319	-1.0	-1.0	1.4328189132776352	-1.0	-1.0	-1.0	-1.0	-1.0	-1.0	1.5140096618999146	1.482767973466054	-1.0	1.314944757422288	1.5652494306468934	1.4801492595802455	-1.0	1.4747905562924564	1.4272897836347846	1.3611298361306212	1.7057691487330278	1.3405858613638753	1.3179349924294859	1.520640255788161	1.4852575908197057	1.433668154213257	-1.0	-1.0	-1.0
-1.0	-1.0	-1.0	-1.0	-1.0	-1.0	-1.0	-1.0	-1.0	-1.0	-1.0	-1.0	-1.0	-1.0	-1.0	-1.0	-1.0	-1.0	-1.0	-1.0	-1.0	-1.0	-1.0	-1.0	-1.0	-1.0	-1.0	-1.0	-1.0	-1.0	-1.0	-1.0	-1.0	-1.0	-1.0	-1.0	-1.0	-1.0	-1.0	-1.0	-1.0	-1.0	-1.0	-1.0	-1.0	-1.0	-1.0	-1.0	-1.0	-1.0	-1.0	-1.0	-1.0	-1.0	-1.0	-1.0	-1.0	-1.0	-1.0	-1.0	-1.0	-1.0	-1.0	-1.0	-1.0	-1.0	-1.0	-1.0	-1.0	-1.0	-1.0	-1.0	-1.0	-1.0	-1.0	-1.0	-1.0	-1.0	-1.0	-1.0	-1.0	-1.0	-1.0	-1.0	-1.0	-1.0	-1.0	-1.0	-1.0	-1.0	-1.0	-1.0	-1.0	-1.0	-1.0	-1.0	-1.0	-1.0	-1.0	-1.0
-1.0	-1.0	-1.0	-1.0	-1.0	-1.0	-1.0	-1.0	-1.0	-1.0	1.5116453043925615	1.6045635857368077	-1.0	-1.0	-1.0	-1.0	-1.0	-1.0	-1.0	-1.0	-1.0	1.3602531958025075	-1.0	-1.0	-1.0	1.5180152248513756	1.4750245370959125	-1.0	1.5522964265373846	-1.0	-1.0	-1.0	-1.0	-1.0	-1.0	-1.0	-1.0	-1.0	-1.0	1.4738825059410392	-1.0	-1.0	1.6396236907999884	-1.0	-1.0	-1.0	-1.0	1.3979505637066452	1.802398643179349	-1.0	1.3590709203824667	-1.0	1.4093882416398726	-1.0	-1.0	-1.0	-1.0	-1.0	-1.0	-1.0	-1.0	-1.0	-1.0	-1.0	-1.0	-1.0	1.6122281232409699	-1.0	1.5072235972936565	1.4900766432049142	-1.0	-1.0	-1.0	-1.0	1.5427143632330675	-1.0	-1.0	-1.0	-1.0	-1.0	-1.0	1.5474938729293242	-1.0	-1.0	1.422071967400847	-1.0	1.5982098455166185	-1.0	1.335286646271496	-1.0	-1.0	1.666204729852901	1.3924366804426378	-1.0	1.3421484605313454	1.5301119698036012	-1.0	-1.0	-1.0	-1.0
-1.0	-1.0	-1.0	-1.0	-1.0	-1.0	-1.0	-1.0	-1.0	-1.0	1.346526332878701	1.563718820331124	-1.0	-1.0	-1.0	-1.0	-1.0	-1.0	-1.0	-1.0	-1.0	1.507132763726176	-1.0	-1.0	-1.0	1.576040197919899	1.436743556979139	-1.0	1.4820522138278833	-1.0	-1.0	-1.0	-1.0	-1.0	-1.0	-1.0	-1.0	-1.0	-1.0	1.2269737384112631	-1.0	-1.0	1.3143398634130494	-1.0	-1.0	-1.0	-1.0	1.5627837809762462	1.5702222520082085	-1.0	1.6365866617516287	-1.0	1.440328726560093	-1.0	-1.0	-1.0	-1.0	-1.0	-1.0	-1.0	-1.0	-1.0	-1.0	-1.0	-1.0	-1.0	1.552060944299875	-1.0	1.6244770626421765	1.4546505192623131	-1.0	-1.0	-1.0	-1.0	1.560241385916165	-1.0	-1.0	-1.0	-1.0	-1.0	-1.0	1.5084951355717793	-1.0	-1.0	1.5820273036695784	-1.0	1.4902325475254745	-1.0	1.4354906433274648	-1.0	-1.0	1.4442692950834408	1.5632271312191028	-1.0	1.3600418823811395	1.5854396534753161	-1.0	-1.0	-1.0	-1.0
-1.0	-1.0	-1.0	-1.0	-1.0	-1.0	-1.0	-1.0	-1.0	-1.0	1.254602465706533	1.6721136777775012	-1.0	-1.0	-1.0	-1.0	-1.0	-1.0	-1.0	-1.0	-1.0	1.3070938241710164	1.6261747350052067	1.5475710586873355	1.4043521688114222	1.7424671021618798	1.2216901015355017	-1.0	1.4805398725204244	-1.0	1.717527044983031	-1.0	-1.0	-1.0	-1.0	1.395038642345428	1.3486047045878835	-1.0	-1.0	1.4504203409368637	-1.0	1.4333632506556175	1.3745895788903895	-1.0	-1.0	-1.0	-1.0	1.6335913903613666	1.546484523101495	1.4993184336650676	1.497085398285817	-1.0	1.5440682040265676	-1.0	-1.0	-1.0	-1.0	-1.0	-1.0	-1.0	-1.0	-1.0	-1.0	-1.0	-1.0	1.6635138727596699	1.4341403548063902	-1.0	1.5119032170012459	1.5575454731054799	1.4708466036936214	1.3520937777412265	-1.0	-1.0	1.4769871627348987	-1.0	-1.0	-1.0	-1.0	-1.0	-1.0	1.3783480267371482	1.4870717143744745	-1.0	1.5292232947759654	1.483761859529165	1.353653234281771	-1.0	1.440216113082102	1.3965577024249338	1.393065061172452	1.6595076625294591	1.296491473970432	1.461981020797929	1.5573083733182838	1.6442847633399373	1.4763183682022172	-1.0	-1.0	-1.0
-1.0	-1.0	-1.0	-1.0	-1.0	-1.0	-1.0	-1.0	-1.0	-1.0	-1.0	-1.0	-1.0	-1.0	-1.0	-1.0	-1.0	-1.0	-1.0	-1.0	-1.0	-1.0	-1.0	-1.0	-1.0	-1.0	-1.0	-1.0	-1.0	-1.0	1.624569664842907	-1.0	1.459823008253937	1.4095123630505908	-1.0	-1.0	-1.0	1.3419479269357857	1.5344085015290703	1.6181119565461775	1.6186715820212907	1.6056371110484964	1.4912710410916006	-1.0	-1.0	-1.0	-1.0	-1.0	-1.0	-1.0	-1.0	-1.0	-1.0	-1.0	-1.0	-1.0	-1.0	-1.0	-1.0	-1.0	-1.0	-1.0	-1.0	-1.0	-1.0	1.6215162115490658	1.5183562213571988	-1.0	-1.0	-1.0	-1.0	1.642331276425917	1.5093171779750256	-1.0	-1.0	-1.0	-1.0	-1.0	-1.0	-1.0	-1.0	-1.0	1.78539684463241	1.6254837636184372	1.6447729284014976	-1.0	1.4565243744302447	1.5155562082546992	1.5336053667989122	-1.0	1.4949125297245303	-1.0	1.334735814191822	-1.0	-1.0	-1.0	1.5878903540382194	1.5714332144192595	1.5658768626233592	1.568623847859037
-1.0	-1.0	-1.0	-1.0	-1.0	-1.0	-1.0	-1.0	-1.0	-1.0	-1.0	-1.0	-1.0	-1.0	-1.0	-1.0	-1.0	-1.0	-1.0	-1.0	-1.0	-1.0	-1.0	-1.0	-1.0	-1.0	-1.0	-1.0	-1.0	-1.0	1.551627416893268	-1.0	1.5682458821320329	1.5867947433102003	-1.0	-1.0	-1.0	1.5923402408004161	1.5271313014390293	1.3383603838480382	1.3218129298790569	1.609887905056979	1.4195926111076986	-1.0	-1.0	-1.0	-1.0	-1.0	-1.0	-1.0	-1.0	-1.0	-1.0	-1.0	-1.0	-1.0	-1.0	-1.0	-1.0	-1.0	-1.0	-1.0	-1.0	-1.0	-1.0	1.68462532773833	1.420805643501524	-1.0	-1.0	-1.0	-1.0	1.5622114365996127	1.6940970005128013	-1.0	-1.0	-1.0	-1.0	-1.0	-1.0	-1.0	-1.0	-1.0	1.3442485412282406	1.6348533707995667	1.6684806891062343	-1.0	1.3671163305325074	1.4432739066978655	1.57846704807676	-1.0	1.6166136172676824	-1.0	1.6866511114701415	-1.0	-1.0	-1.0	1.4405923754094887	1.5719988335490036	1.41593315659152	1.5032543630786839
-1.0	-1.0	-1.0	-1.0	-1.0	-1.0	-1.0	-1.0	-1.0	-1.0	1.4617202178645459	-1.0	-1.0	-1.0	-1.0	-1.0	-1.0	-1.0	-1.0	-1.0	-1.0	-1.0	1.4897161732572375	1.3296913931033283	1.5157256997653383	-1.0	-1.0	-1.0	1.5776340236733746	-1.0	1.474069381600756	-1.0	1.3132984623760142	1.5391877273411678	-1.0	1.5010073917580928	1.532722295114107	1.507972247141271	1.6723355522878454	1.5255744148476627	1.5080367036157702	1.524134869191435	1.6431267782875436	-1.0	-1.0	-1.0	-1.0	-1.0	1.4175497926556933	1.5383769722306322	-1.0	-1.0	-1.0	-1.0	-1.0	-1.0	-1.0	-1.0	-1.0	-1.0	-1.0	-1.0	-1.0	-1.0	-1.0	1.6392012889987344	1.3903363851005628	-1.0	-1.0	-1.0	1.451843144692494	1.4104354594692357	1.4067128632550085	-1.0	-1.0	-1.0	-1.0	-1.0	-1.0	-1.0	-1.0	1.5490749264467298	1.4669828958444486	1.5998210307884677	1.3873665285500558	1.3549834109520833	1.536785084615882	1.6556656996151846	1.738659623877967	1.587175355772061	1.3815438429763023	-1.0	1.422902857542164	1.623659500826071	-1.0	-1.0	1.4192034550091766	1.446112671823757	1.3791492454784304	1.6694497613105757
-1.0	-1.0	-1.0	-1.0	-1.0	-1.0	-1.0	-1.0	-1.0	-1.0	1.320224676091056	-1.0	-1.0	-1.0	-1.0	-1.0	-1.0	-1.0	-1.0	-1.0	-1.0	-1.0	1.3163802633912822	1.4853843810754672	1.5199374459460269	-1.0	-1.0	-1.0	1.389201779653622	-1.0	1.562088909548798	-1.0	1.5842817440232513	1.450129742551312	-1.0	1.4189690941959618	1.4337715895790557	1.5762300381176546	1.5422153683611133	1.4657021991611408	1.4653724730483724	1.5065018053483286	1.6523770017729342	-1.0	-1.0	-1.0	-1.0	-1.0	1.4774039030458266	1.283634430051157	-1.0	-1.0	-1.0	-1.0	-1.0	-1.0	-1.0	-1.0	-1.0	-1.0	-1.0	-1.0	-1.0	-1.0	-1.0	1.7521405995552848	1.5832202606090424	-1.0	-1.0	-1.0	1.3639069251821219	1.513731342306039	1.5462699233215478	-1.0	-1.0	-1.0	-1.0	-1.0	-1.0	-1.0	-1.0	1.3680745009228488	1.566605979365917	1.548011388319692	1.5343086120984313	1.3606295868503664	1.4570156200297049	1.622759556510145	1.6523427029236086	1.4374571316702691	1.49295250264901	-1.0	1.4522189782690988	1.449240204304082	-1.0	-1.0	1.271505688809836	1.5452536089967057	1.5479742599469304	1.6413113314693066
