100
100
-1.0	-1.0	-1.0	-1.0	-1.0	-1.0	-1.0	-1.0	-1.0	-1.0	-1.0	-1.0	-1.0	-1.0	-1.0	-1.0	-1.0	-1.0	-1.0	-1.0	-1.0	-1.0	-1.0	-1.0	-1.0	-1.0	-1.0	-1.0	-1.0	-1.0	-1.0	-1.0	-1.0	-1.0	-1.0	-1.0	-1.0	-1.0	-1.0	-1.0	-1.0	-1.0	-1.0	-1.0	-1.0	-1.0	-1.0	-1.0	-1.0	-1.0	-1.0	-1.0	-1.0	-1.0	-1.0	-1.0	-1.0	-1.0	-1.0	-1.0	-1.0	-1.0	-1.0	-1.0	-1.0	-1.0	-1.0	-1.0	-1.0	-1.0	-1.0	-1.0	-1.0	-1.0	-1.0	-1.0	-1.0	-1.0	-1.0	-1.0	-1.0	-1.0	-1.0	-1.0	-1.0	-1.0	-1.0	-1.0	-1.0	-1.0	-1.0	-1.0	-1.0	-1.0	-1.0	-1.0	-1.0	-1.0	-1.0	-1.0
-1.0	-1.0	-1.0	-1.0	-1.0	-1.0	-1.0	-1.0	-1.0	-1.0	-1.0	-1.0	-1.0	-1.0	-1.0	-1.0	-1.0	-1.0	-1.0	-1.0	-1.0	-1.0	-1.0	-1.0	-1.0	-1.0	-1.0	-1.0	-1.0	-1.0	-1.0	-1.0	-1.0	-1.0	-1.0	-1.0	-1.0	-1.0	-1.0	-1.0	-1.0	-1.0	-1.0	-1.0	-1.0	-1.0	-1.0	-1.0	-1.0	-1.0	-1.0	-1.0	-1.0	-1.0	-1.0	-1.0	-1.0	-1.0	-1.0	-1.0	-1.0	-1.0	-1.0	-1.0	-1.0	-1.0	-1.0	-1.0	-1.0	-1.0	-1.0	-1.0	-1.0	-1.0	-1.0	-1.0	-1.0	-1.0	-1.0	-1.0	-1.0	-1.0	-1.0	-1.0	-1.0	-1.0	-1.0	-1.0	-1.0	-1.0	-1.0	-1.0	-1.0	-1.0	-1.0	-1.0	-1.0	-1.0	-1.0	-1.0
-1.0	-1.0	-1.0	-1.0	-1.0	-1.0	-1.0	-1.0	-1.0	-1.0	-1.0	-1.0	-1.0	-1.0	-1.0	-1.0	-1.0	-1.0	-1.0	-1.0	-1.0	-1.0	-1.0	-1.0	-1.0	-1.0	-1.0	-1.0	-1.0	-1.0	-1.0	-1.0	-1.0	-1.0	-1.0	-1.0	-1.0	-1.0	-1.0	-1.0	-1.0	-1.0	-1.0	-1.0	-1.0	-1.0	-1.0	-1.0	-1.0	-1.0	-1.0	-1.0	-1.0	-1.0	-1.0	-1.0	-1.0	-1.0	-1.0	-1.0	-1.0	-1.0	-1.0	-1.0	-1.0	-1.0	-1.0	-1.0	-1.0	-1.0	-1.0	-1.0	-1.0	-1.0	-1.0	-1.0	-1.0	-1.0	-1.0	-1.0	-1.0	-1.0	-1.0	-1.0	-1.0	-1.0	-1.0	-1.0	-1.0	-1.0	-1.0	-1.0	-1.0	-1.0	-1.0	-1.0	-1.0	-1.0	-1.0	-1.0
-1.0	-1.0	-1.0	-1.0	-1.0	-1.0	-1.0	-1.0	-1.0	-1.0	-1.0	-1.0	-1.0	-1.0	-1.0	-1.0	-1.0	-1.0	-1.0	-1.0	-1.0	-1.0	-1.0	-1.0	-1.0	-1.0	-1.0	-1.0	-1.0	-1.0	-1.0	-1.0	-1.0	-1.0	-1.0	-1.0	-1.0	-1.0	-1.0	-1.0	-1.0	-1.0	-1.0	-1.0	-1.0	-1.0	-1.0	-1.0	-1.0	-1.0	-1.0	-1.0	-1.0	-1.0	-1.0	-1.0	-1.0	-1.0	-1.0	-1.0	-1.0	-1.0	-1.0	-1.0	-1.0	-1.0	-1.0	-1.0	-1.0	-1.0	-1.0	-1.0	-1.0	-1.0	-1.0	-1.0	-1.0	-1.0	-1.0	-1.0	-1.0	-1.0	-1.0	-1.0	-1.0	-1.0	-1.0	-1.0	-1.0	-1.0	-1.0	-1.0	-1.0	-1.0	-1.0	-1.0	-1.0	-1.0	-1.0	-1.0
-1.0	-1.0	-1.0	-1.0	-1.0	-1.0	-1.0	-1.0	-1.0	-1.0	-1.0	-1.0	-1.0	-1.0	-1.0	-1.0	-1.0	-1.0	-1.0	-1.0	-1.0	-1.0	-1.0	-1.0	-1.0	-1.0	-1.0	-1.0	-1.0	-1.0	-1.0	-1.0	-1.0	-1.0	-1.0	-1.0	-1.0	-1.0	-1.0	-1.0	-1.0	-1.0	-1.0	-1.0	-1.0	-1.0	-1.0	-1.0	-1.0	-1.0	-1.0	-1.0	-1.0	-1.0	-1.0	-1.0	-1.0	-1.0	-1.0	-1.0	-1.0	-1.0	-1.0	-1.0	-1.0	-1.0	-1.0	-1.0	-1.0	-1.0	-1.0	-1.0	-1.0	-1.0	-1.0	-1.0	-1.0	-1.0	-1.0	-1.0	-1.0	-1.0	-1.0	-1.0	-1.0	-1.0	-1.0	-1.0	-1.0	-1.0	-1.0	-1.0	-1.0	-1.0	-1.0	-1.0	-1.0	-1.0	-1.0	-1.0
-1.0	-1.0	-1.0	-1.0	-1.0	-1.0	1.5985444543027043	1.48120337321599	1.3084520914848583	1.5721641598529545	1.1653277041264678	1.5453048336421351	1.3989466602626321	1.41223630541924	1.3799344269971088	1.3985558877554836	1.6637017179461138	1.4625942502379097	1.4768708170486757	1.348535315693688	1.339503008057388	1.3922919455069167	1.1893128411268024	1.564813048860226	1.284000126645917	1.1156432128992204	1.5442920252945416	1.255868475490257	-1.0	-1.0	-1.0	-1.0	-1.0	-1.0	-1.0	-1.0	-1.0	-1.0	-1.0	-1.0	1.2793205541485604	1.5970347124332704	1.4153539798964943	1.4178521412096294	1.569452578628269	1.3283778856682416	1.3922555059535957	1.6069482562907789	1.5706991709748057	-1.0	-1.0	1.3994736560389207	1.4259972309979598	1.2801277725911133	1.5783195507764347	1.4275390757165667	1.3829862440990919	1.261870866251186	1.2119821055790752	1.3679163708891235	1.4587207138498035	-1.0	-1.0	-1.0	-1.0	-1.0	-1.0	1.2765788410369074	-1.0	-1.0	-1.0	-1.0	-1.0	-1.0	-1.0	-1.0	-1.0	-1.0	-1.0	-1.0	-1.0	-1.0	-1.0	-1.0	-1.0	-1.0	-1.0	-1.0	-1.0	-1.0	-1.0	-1.0	-1.0	1.2718268193423556	1.4269742128322183	1.3420206704464004	1.4458612492732361	1.3604108209871666	1.3831646159011295	1.3509210649753434
-1.0	-1.0	-1.0	-1.0	-1.0	-1.0	1.4316287642629517	1.4224696692900263	1.4057026727069946	1.5647221864015746	1.5194671594216376	1.51731557511704	1.5084779949809675	1.5248049924949518	1.6124489988368413	1.365004462420815	1.4572223706410459	1.3692244203763384	1.3381058365895637	1.4869211039879007	1.423301114084438	1.4430717608417016	1.3366245825786063	1.2843502944522323	1.309864836668133	1.5009744593479721	1.3272075086640223	1.369512400848505	-1.0	-1.0	-1.0	-1.0	-1.0	-1.0	-1.0	-1.0	-1.0	-1.0	-1.0	-1.0	-1.0	-1.0	1.440899990556461	1.4711207116496736	-1.0	1.429949662515517	1.4294464865344514	-1.0	1.2951838342691877	-1.0	-1.0	1.4831277065765835	1.4586551314561245	1.2492092622717914	1.499473655546721	1.4509752554012605	1.357561490797696	1.4502297492217302	1.3371933531489595	1.5758354922890039	1.4110642176190027	-1.0	-1.0	-1.0	-1.0	-1.0	-1.0	-1.0	-1.0	-1.0	-1.0	-1.0	-1.0	-1.0	-1.0	-1.0	-1.0	-1.0	-1.0	-1.0	-1.0	-1.0	-1.0	-1.0	-1.0	-1.0	-1.0	-1.0	-1.0	-1.0	-1.0	-1.0	-1.0	-1.0	-1.0	-1.0	-1.0	1.494549944377282	1.4724220919500612	1.5577779285097169
-1.0	-1.0	-1.0	-1.0	-1.0	-1.0	1.529989784967645	1.737859783894914	1.3649671959779688	1.6359310868925838	1.3191192667228016	1.5364041538394617	1.4911734792309674	1.270388766146228	1.4716109564844313	1.3391038147394116	1.5103977405774875	1.5681719809025645	1.5865758907327667	1.6848077508410704	1.5148341541005552	1.3916248285439254	1.422570018464553	1.5688277275162181	1.5604509271791507	1.2838028579349767	1.4565668260325306	1.3704376137171526	-1.0	-1.0	-1.0	-1.0	-1.0	-1.0	-1.0	-1.0	-1.0	-1.0	-1.0	-1.0	1.655984186015504	1.4511762405510364	1.316912277850302	1.450343844297389	1.6734501061327702	1.3817311873560907	1.387885522925691	1.881189390999209	1.3981149163323539	-1.0	-1.0	1.4104971747242523	1.2522180211846452	1.5858135013728412	1.3359464456735193	1.4179827218355503	1.4490210667461867	1.4060219529592226	1.516241180506371	1.5400473945587565	1.3993265147496834	-1.0	-1.0	-1.0	-1.0	-1.0	-1.0	-1.0	-1.0	-1.0	-1.0	-1.0	-1.0	-1.0	-1.0	-1.0	-1.0	-1.0	-1.0	-1.0	-1.0	-1.0	-1.0	-1.0	-1.0	-1.0	-1.0	-1.0	-1.0	-1.0	-1.0	-1.0	-1.0	-1.0	-1.0	-1.0	-1.0	1.3322132605064132	1.3909046481465108	1.3416391490866542
-1.0	-1.0	-1.0	-1.0	-1.0	-1.0	1.4693377586340413	1.4491575639386733	1.6944751025231595	1.613586999843098	1.2479120741489598	1.3835623273234596	1.3254965404191597	1.5903406029287033	1.2573245213487259	1.4413165376422463	1.6352988209507087	1.5938179267701607	1.5933949132118566	1.5386110769257502	1.4095667395607456	1.5856628702290259	1.4533456180262667	1.5121369072748228	1.3994168105615188	1.6622261248286505	1.5080897899032604	1.4911733799223836	-1.0	-1.0	-1.0	-1.0	-1.0	-1.0	-1.0	-1.0	-1.0	-1.0	-1.0	-1.0	1.673757280357734	1.5799932775970618	1.4326226470403298	1.4356963350871879	1.4064566379476249	1.2947165903220181	1.3306118645016833	1.7975263818902216	1.3550608962229178	-1.0	-1.0	1.539214560315592	1.5785747018492697	1.4471320715349865	1.3472424593354133	1.4146179567252408	1.4283221208570855	1.4082880640454118	1.4058426905914498	1.4118232681113347	1.3816595670663048	-1.0	-1.0	-1.0	-1.0	-1.0	-1.0	-1.0	-1.0	-1.0	-1.0	-1.0	-1.0	-1.0	-1.0	-1.0	-1.0	-1.0	-1.0	-1.0	-1.0	-1.0	-1.0	-1.0	-1.0	-1.0	-1.0	-1.0	-1.0	-1.0	-1.0	-1.0	-1.0	-1.0	-1.0	-1.0	-1.0	1.5307041521996074	1.412115701977241	1.2966114679184364
-1.0	-1.0	-1.0	-1.0	-1.0	-1.0	1.486697838109891	1.6195485436028416	1.172099467764641	1.6384830502945307	1.3560485951484886	1.3276419937871193	1.402012637754045	1.4775130761793152	1.307621424880875	1.2993215290261577	1.667081899527715	1.6373663213121707	1.6439476319721227	1.5760787077862206	1.6501002057888854	1.4668608667735485	1.2264049605222396	1.3649575745918066	1.2976870101071056	1.2844722127281545	1.4759590373351499	1.2348203985915056	-1.0	-1.0	-1.0	-1.0	-1.0	-1.0	-1.0	-1.0	-1.0	-1.0	-1.0	-1.0	1.4237388903200996	1.7726415058882832	1.3165781475031646	1.393595131981178	1.5812318061393487	1.3237360249253147	1.4358376668964195	1.3274447797596802	1.592746281800032	-1.0	-1.0	1.5073122049489642	1.3156049047964806	-1.0	-1.0	1.3670194938607214	-1.0	1.450740506278298	-1.0	-1.0	1.4997458212253565	-1.0	-1.0	-1.0	-1.0	-1.0	-1.0	1.4073362295395129	-1.0	-1.0	-1.0	-1.0	-1.0	-1.0	-1.0	-1.0	-1.0	-1.0	-1.0	-1.0	-1.0	-1.0	-1.0	-1.0	-1.0	-1.0	-1.0	-1.0	-1.0	-1.0	-1.0	-1.0	-1.0	1.3781507609794796	1.241845029280072	1.4182388952080816	1.372645413601024	1.324227375868464	1.3665429283239665	1.46025717588829
-1.0	-1.0	-1.0	-1.0	-1.0	-1.0	-1.0	-1.0	-1.0	-1.0	-1.0	-1.0	-1.0	-1.0	-1.0	-1.0	-1.0	-1.0	-1.0	-1.0	-1.0	-1.0	-1.0	-1.0	-1.0	-1.0	-1.0	-1.0	-1.0	-1.0	-1.0	-1.0	-1.0	-1.0	-1.0	-1.0	-1.0	-1.0	-1.0	-1.0	-1.0	-1.0	-1.0	-1.0	-1.0	-1.0	-1.0	-1.0	-1.0	-1.0	-1.0	-1.0	-1.0	-1.0	-1.0	-1.0	-1.0	-1.0	-1.0	-1.0	-1.0	-1.0	-1.0	-1.0	-1.0	-1.0	-1.0	-1.0	-1.0	-1.0	-1.0	-1.0	-1.0	-1.0	-1.0	-1.0	-1.0	-1.0	-1.0	-1.0	-1.0	-1.0	-1.0	-1.0	-1.0	-1.0	-1.0	-1.0	-1.0	-1.0	-1.0	-1.0	-1.0	-1.0	-1.0	-1.0	-1.0	-1.0	-1.0	-1.0
-1.0	-1.0	-1.0	-1.0	-1.0	-1.0	-1.0	-1.0	-1.0	-1.0	-1.0	-1.0	-1.0	-1.0	-1.0	-1.0	-1.0	-1.0	-1.0	-1.0	-1.0	-1.0	-1.0	-1.0	-1.0	-1.0	-1.0	-1.0	-1.0	-1.0	-1.0	-1.0	-1.0	-1.0	-1.0	-1.0	-1.0	-1.0	-1.0	-1.0	-1.0	-1.0	-1.0	-1.0	-1.0	-1.0	-1.0	-1.0	-1.0	-1.0	-1.0	-1.0	-1.0	-1.0	-1.0	-1.0	-1.0	-1.0	-1.0	-1.0	-1.0	-1.0	-1.0	-1.0	-1.0	-1.0	-1.0	-1.0	-1.0	-1.0	-1.0	-1.0	-1.0	-1.0	-1.0	-1.0	-1.0	-1.0	-1.0	-1.0	-1.0	-1.0	-1.0	-1.0	-1.0	-1.0	-1.0	-1.0	-1.0	-1.0	-1.0	-1.0	-1.0	-1.0	-1.0	-1.0	-1.0	-1.0	-1.0	-1.0
-1.0	-1.0	-1.0	-1.0	-1.0	-1.0	-1.0	-1.0	-1.0	-1.0	-1.0	-1.0	-1.0	-1.0	-1.0	-1.0	-1.0	-1.0	-1.0	-1.0	-1.0	-1.0	-1.0	-1.0	-1.0	-1.0	-1.0	-1.0	-1.0	-1.0	-1.0	-1.0	-1.0	-1.0	-1.0	-1.0	-1.0	-1.0	-1.0	-1.0	-1.0	-1.0	-1.0	-1.0	-1.0	-1.0	-1.0	-1.0	-1.0	-1.0	-1.0	-1.0	-1.0	-1.0	-1.0	-1.0	-1.0	-1.0	-1.0	-1.0	-1.0	-1.0	-1.0	-1.0	-1.0	-1.0	-1.0	-1.0	-1.0	-1.0	-1.0	-1.0	-1.0	-1.0	-1.0	-1.0	-1.0	-1.0	-1.0	-1.0	-1.0	-1.0	-1.0	-1.0	-1.0	-1.0	-1.0	-1.0	-1.0	-1.0	-1.0	-1.0	-1.0	-1.0	-1.0	-1.0	-1.0	-1.0	-1.0	-1.0
-1.0	-1.0	-1.0	-1.0	-1.0	-1.0	-1.0	-1.0	-1.0	-1.0	-1.0	-1.0	-1.0	-1.0	-1.0	-1.0	-1.0	-1.0	-1.0	-1.0	-1.0	-1.0	-1.0	-1.0	-1.0	-1.0	-1.0	-1.0	-1.0	-1.0	-1.0	-1.0	-1.0	-1.0	-1.0	-1.0	-1.0	-1.0	-1.0	-1.0	-1.0	-1.0	-1.0	-1.0	-1.0	-1.0	-1.0	-1.0	-1.0	-1.0	-1.0	-1.0	-1.0	-1.0	-1.0	-1.0	-1.0	-1.0	-1.0	-1.0	-1.0	-1.0	-1.0	-1.0	-1.0	-1.0	-1.0	-1.0	-1.0	-1.0	-1.0	-1.0	-1.0	-1.0	-1.0	-1.0	-1.0	-1.0	-1.0	-1.0	-1.0	-1.0	-1.0	-1.0	-1.0	-1.0	-1.0	-1.0	-1.0	-1.0	-1.0	-1.0	-1.0	-1.0	-1.0	-1.0	-1.0	-1.0	-1.0	-1.0
-1.0	-1.0	-1.0	-1.0	-1.0	-1.0	-1.0	-1.0	-1.0	-1.0	-1.0	-1.0	-1.0	-1.0	-1.0	-1.0	-1.0	-1.0	-1.0	-1.0	-1.0	-1.0	-1.0	-1.0	-1.0	-1.0	-1.0	-1.0	-1.0	-1.0	-1.0	-1.0	-1.0	-1.0	-1.0	-1.0	-1.0	-1.0	-1.0	-1.0	-1.0	-1.0	-1.0	-1.0	-1.0	-1.0	-1.0	-1.0	-1.0	-1.0	-1.0	-1.0	-1.0	-1.0	-1.0	-1.0	-1.0	-1.0	-1.0	-1.0	-1.0	-1.0	-1.0	-1.0	-1.0	-1.0	-1.0	-1.0	-1.0	-1.0	-1.0	-1.0	-1.0	-1.0	-1.0	-1.0	-1.0	-1.0	-1.0	-1.0	-1.0	-1.0	-1.0	-1.0	-1.0	-1.0	-1.0	-1.0	-1.0	-1.0	-1.0	-1.0	-1.0	-1.0	-1.0	-1.0	-1.0	-1.0	-1.0	-1.0
-1.0	-1.0	-1.0	-1.0	-1.0	-1.0	-1.0	-1.0	-1.0	-1.0	-1.0	-1.0	-1.0	-1.0	-1.0	-1.0	-1.0	-1.0	-1.0	-1.0	-1.0	-1.0	-1.0	-1.0	-1.0	-1.0	-1.0	-1.0	-1.0	-1.0	-1.0	-1.0	-1.0	-1.0	-1.0	-1.0	-1.0	-1.0	-1.0	-1.0	-1.0	-1.0	-1.0	-1.0	-1.0	-1.0	-1.0	-1.0	-1.0	-1.0	-1.0	-1.0	-1.0	-1.0	-1.0	-1.0	-1.0	-1.0	-1.0	-1.0	-1.0	-1.0	-1.0	-1.0	-1.0	-1.0	-1.0	-1.0	-1.0	-1.0	-1.0	-1.0	-1.0	-1.0	-1.0	-1.0	-1.0	-1.0	-1.0	-1.0	-1.0	-1.0	-1.0	-1.0	-1.0	-1.0	-1.0	-1.0	-1.0	-1.0	-1.0	-1.0	-1.0	-1.0	-1.0	-1.0	-1.0	-1.0	-1.0	-1.0
-1.0	-1.0	-1.0	-1.0	-1.0	-1.0	-1.0	-1.0	-1.0	-1.0	-1.0	-1.0	-1.0	-1.0	-1.0	-1.0	-1.0	-1.0	-1.0	-1.0	-1.0	-1.0	-1.0	-1.0	-1.0	-1.0	-1.0	-1.0	-1.0	-1.0	-1.0	-1.0	-1.0	-1.0	-1.0	-1.0	-1.0	-1.0	-1.0	-1.0	-1.0	-1.0	-1.0	-1.0	-1.0	-1.0	-1.0	-1.0	-1.0	-1.0	-1.0	-1.0	-1.0	-1.0	-1.0	-1.0	-1.0	-1.0	-1.0	-1.0	-1.0	-1.0	-1.0	-1.0	-1.0	-1.0	-1.0	-1.0	-1.0	-1.0	-1.0	-1.0	-1.0	-1.0	-1.0	-1.0	-1.0	-1.0	-1.0	-1.0	-1.0	-1.0	-1.0	-1.0	-1.0	-1.0	-1.0	-1.0	-1.0	-1.0	-1.0	-1.0	-1.0	-1.0	-1.0	-1.0	-1.0	-1.0	-1.0	-1.0
-1.0	-1.0	-1.0	-1.0	-1.0	-1.0	-1.0	-1.0	-1.0	-1.0	-1.0	-1.0	-1.0	-1.0	-1.0	-1.0	-1.0	-1.0	-1.0	-1.0	-1.0	-1.0	-1.0	-1.0	-1.0	-1.0	-1.0	-1.0	-1.0	-1.0	-1.0	-1.0	-1.0	-1.0	-1.0	-1.0	-1.0	-1.0	-1.0	-1.0	-1.0	-1.0	-1.0	-1.0	-1.0	-1.0	-1.0	-1.0	-1.0	-1.0	-1.0	-1.0	-1.0	-1.0	-1.0	-1.0	-1.0	-1.0	-1.0	-1.0	-1.0	-1.0	-1.0	-1.0	-1.0	-1.0	-1.0	-1.0	-1.0	-1.0	-1.0	-1.0	-1.0	-1.0	-1.0	-1.0	-1.0	-1.0	-1.0	-1.0	-1.0	-1.0	-1.0	-1.0	-1.0	-1.0	-1.0	-1.0	-1.0	-1.0	-1.0	-1.0	-1.0	-1.0	-1.0	-1.0	-1.0	-1.0	-1.0	-1.0
-1.0	-1.0	-1.0	-1.0	-1.0	-1.0	1.435547958656608	1.7289690225296857	1.730359738378486	1.4586960307546657	1.3445046884584768	1.424332273882381	1.3747683732232154	1.5440895925851321	1.5284399049434658	1.452260804051785	1.4103975540556917	1.4127988289023816	1.5018589362301042	1.7479018078169775	1.568445694520194	1.73496158543861	1.395026946546881	1.381296190060397	1.6166250500535586	1.5946434801526692	1.4852936187553072	1.605102655521642	-1.0	-1.0	-1.0	-1.0	-1.0	-1.0	-1.0	-1.0	-1.0	-1.0	-1.0	-1.0	1.4760576865696338	1.7745981878601462	1.4690482003266843	1.542611040645664	1.5339241019552519	1.5402767453108839	1.5542505170402552	1.565383010952473	1.609135850397833	-1.0	-1.0	-1.0	-1.0	-1.0	-1.0	-1.0	-1.0	-1.0	-1.0	-1.0	-1.0	-1.0	-1.0	-1.0	-1.0	-1.0	-1.0	-1.0	-1.0	-1.0	-1.0	-1.0	-1.0	-1.0	-1.0	-1.0	-1.0	-1.0	-1.0	-1.0	-1.0	-1.0	-1.0	-1.0	-1.0	-1.0	-1.0	-1.0	-1.0	-1.0	-1.0	-1.0	-1.0	-1.0	-1.0	-1.0	-1.0	1.3410354443847254	1.4151028044102236	1.5921643584485758
-1.0	-1.0	-1.0	-1.0	-1.0	-1.0	1.5200230823175294	1.1465031061288251	1.2413996397448337	1.5160272599943656	1.2347263283081362	1.403345330969028	1.271480818729448	1.2480702991691965	1.7631414177280826	1.3666140549672037	1.5500335212884047	1.5394776276317814	1.3124820805429385	1.3926589024694087	1.2613601748347332	1.4836140178755877	1.5522244764024928	1.332872358579531	1.2428486450889407	1.278314089527309	1.4475853398072365	1.3804772968304397	-1.0	-1.0	-1.0	-1.0	-1.0	-1.0	-1.0	-1.0	-1.0	-1.0	-1.0	-1.0	1.4726111143938367	-1.0	1.3971067062498024	1.306104933112791	-1.0	1.310318411564927	1.3728137286735802	-1.0	1.5250436813469015	-1.0	-1.0	1.2952975984997748	1.2991110432742872	1.3369359265571226	1.4703206789323644	1.3272457261213357	1.2281928782818818	1.2912336595906613	1.6058652108479676	1.3474814725339102	1.4196253195333257	-1.0	-1.0	-1.0	-1.0	-1.0	-1.0	1.5268037557591407	-1.0	-1.0	-1.0	-1.0	-1.0	-1.0	-1.0	-1.0	-1.0	-1.0	-1.0	-1.0	-1.0	-1.0	-1.0	-1.0	-1.0	-1.0	-1.0	-1.0	-1.0	-1.0	-1.0	-1.0	-1.0	1.4350501251338181	1.2909890053786979	1.2592000438647961	1.2254397775689707	1.2613672797178994	1.1990424016608607	1.4682559264443125
-1.0	-1.0	-1.0	-1.0	-1.0	-1.0	1.4253595209125445	1.4090955947570103	1.413780820783618	1.3851406537711968	1.4741034102731443	1.358089489908551	1.4363060271676737	1.2973399506160948	1.3539808470683103	1.454698847179427	1.4363901021380836	1.3843398775580396	1.5776874597165358	1.3675086116466402	1.4846779560965635	1.5502884576105125	1.2284848922968004	1.2790424729581202	1.3928772371274023	1.5265246124018195	1.507397557817327	1.334381313670394	-1.0	-1.0	-1.0	-1.0	-1.0	-1.0	-1.0	-1.0	-1.0	-1.0	-1.0	-1.0	-1.0	-1.0	1.2816383487575667	1.2776091186232368	-1.0	1.2995949794622639	1.4732026836087695	-1.0	1.029694276416199	-1.0	-1.0	1.4887330581860878	1.4144597773307404	1.4736443622302724	1.2951959820948666	1.3459489311281871	1.3667120259763283	1.528557664504611	1.46197146056694	1.333682429990463	1.5576826566552933	-1.0	-1.0	-1.0	-1.0	-1.0	-1.0	-1.0	-1.0	-1.0	-1.0	-1.0	-1.0	-1.0	-1.0	-1.0	-1.0	-1.0	-1.0	-1.0	-1.0	-1.0	-1.0	-1.0	-1.0	-1.0	-1.0	-1.0	-1.0	-1.0	-1.0	-1.0	-1.0	-1.0	-1.0	-1.0	-1.0	1.4697258162416316	1.4520223892968747	1.4040654207033663
-1.0	-1.0	-1.0	-1.0	-1.0	-1.0	1.4784756214004393	1.3510726270223894	1.5720196493641203	1.3068089275903383	1.3188349634874192	1.5972857624850967	1.4556420846576121	1.4692315526082582	1.4826248537062334	1.4518590015602848	1.2527534723080123	1.4271658355327155	1.3335908520124142	1.3585162880154948	1.4563052634860896	1.4429797198909875	1.3846137039286908	1.3511144485659348	1.5468010069475584	1.57318398050239	1.5280956454193875	1.343825326427814	-1.0	-1.0	-1.0	-1.0	-1.0	-1.0	-1.0	-1.0	-1.0	-1.0	-1.0	-1.0	-1.0	-1.0	-1.0	-1.0	-1.0	-1.0	-1.0	-1.0	-1.0	-1.0	-1.0	-1.0	-1.0	-1.0	-1.0	-1.0	-1.0	-1.0	-1.0	-1.0	-1.0	-1.0	-1.0	-1.0	-1.0	-1.0	-1.0	-1.0	-1.0	-1.0	-1.0	-1.0	-1.0	-1.0	-1.0	-1.0	-1.0	-1.0	-1.0	-1.0	-1.0	-1.0	-1.0	-1.0	-1.0	-1.0	-1.0	-1.0	-1.0	-1.0	-1.0	-1.0	-1.0	-1.0	-1.0	-1.0	-1.0	1.2223937705178973	1.3854433369565033	1.3239037596623648
-1.0	-1.0	-1.0	-1.0	-1.0	-1.0	1.6644247429406567	1.5272691310062134	1.4924900025846108	1.5745718792147354	1.3918535171062076	1.719553562830481	1.4701380863660292	1.4206977390469369	1.427532656509572	1.4353960423178813	1.459637084402872	1.3604490757762038	1.6361531420382	1.55895305974081	1.683997291396936	1.608065338335565	1.4811876038886802	1.5908032018394398	1.7015374142517055	1.4556371041190361	1.2532974059074753	1.492150282362578	-1.0	-1.0	-1.0	-1.0	-1.0	-1.0	-1.0	-1.0	-1.0	-1.0	-1.0	-1.0	1.4359723397170003	1.6019219558043274	1.7107001859481112	1.6482574636738125	1.7008438617803825	1.5769176693581561	1.5549609634043988	1.428942562118166	1.594262145221867	-1.0	-1.0	-1.0	-1.0	-1.0	-1.0	-1.0	-1.0	-1.0	-1.0	-1.0	-1.0	-1.0	-1.0	-1.0	-1.0	-1.0	-1.0	-1.0	-1.0	-1.0	-1.0	-1.0	-1.0	-1.0	-1.0	-1.0	-1.0	-1.0	-1.0	-1.0	-1.0	-1.0	-1.0	-1.0	-1.0	-1.0	-1.0	-1.0	-1.0	-1.0	-1.0	-1.0	-1.0	-1.0	-1.0	-1.0	-1.0	1.280299900197665	1.7322965403023327	1.9547592138797774
-1.0	-1.0	-1.0	-1.0	-1.0	-1.0	1.6132565026538455	1.660886630609565	1.7678154031444624	1.397857813238567	1.4890019338141018	1.6633451949461777	1.4178904549089097	1.6167308154441817	1.4381664270005843	1.3063104906443694	1.6604259345147598	1.4519359611531553	1.6702485111145913	1.5960078042336658	1.524813667467792	1.5728141834091742	1.3864645672035412	1.1546719946527806	1.3983138100977104	1.364814076882821	1.1834968346704342	1.5449536938615198	-1.0	-1.0	-1.0	-1.0	-1.0	-1.0	-1.0	-1.0	-1.0	-1.0	-1.0	-1.0	1.5967959897118755	1.5632059287788145	1.6613070998606034	1.502215798071724	1.6102134999628244	1.6206649632553136	1.4332149199573772	1.6938227893157072	1.7547632665062853	-1.0	-1.0	-1.0	-1.0	-1.0	-1.0	-1.0	-1.0	-1.0	-1.0	-1.0	-1.0	-1.0	-1.0	-1.0	-1.0	-1.0	-1.0	-1.0	-1.0	-1.0	-1.0	-1.0	-1.0	-1.0	-1.0	-1.0	-1.0	-1.0	-1.0	-1.0	-1.0	-1.0	-1.0	-1.0	-1.0	-1.0	-1.0	-1.0	-1.0	-1.0	-1.0	-1.0	-1.0	-1.0	-1.0	-1.0	-1.0	1.4408495351794062	1.6901844631155107	1.5928133195899934
-1.0	-1.0	-1.0	-1.0	-1.0	-1.0	1.5634177329038383	1.6398350285047334	1.210361624477087	1.4947868767192296	1.1756316733345247	1.5282025618250017	1.4514907460298947	1.3135439247875604	1.3525766960769008	1.4105595002368734	1.665172751902198	1.4449509012405497	1.5550370326132565	1.5297641168442098	1.4287265143150165	1.5196674697606674	1.2868414077284636	1.4944196136406624	1.3699534548115462	1.4097985817126488	1.5114479793467017	1.2094768940012153	-1.0	-1.0	-1.0	-1.0	-1.0	-1.0	-1.0	-1.0	-1.0	-1.0	-1.0	-1.0	1.3819940530345345	1.7223112489204104	1.4766884727804273	1.4596485459441109	1.7342115094187505	1.3150278072156556	1.1800166508989323	1.5840561958320662	1.4178513522701057	-1.0	-1.0	1.1242671098549413	1.4203686353528673	1.5831547959821335	1.4353671561178847	1.3691576689273726	1.3410544729446758	1.449263707173661	1.311249670015754	1.3000768611285871	1.426077245595298	-1.0	-1.0	-1.0	-1.0	-1.0	-1.0	1.5028793754866199	-1.0	-1.0	-1.0	-1.0	-1.0	-1.0	-1.0	-1.0	-1.0	-1.0	-1.0	-1.0	-1.0	-1.0	-1.0	-1.0	-1.0	-1.0	-1.0	-1.0	-1.0	-1.0	-1.0	-1.0	-1.0	1.3928782858518807	1.4697905442315966	1.4115466988061922	1.2312211212444157	1.491903325690003	1.3248751398644412	1.4755410973072318
-1.0	-1.0	-1.0	-1.0	-1.0	-1.0	1.6652188678210433	1.5264529705294667	1.576819762240062	1.6462205843484983	1.5396725614699727	1.6167728853152725	1.345080078412867	1.461666359626594	1.4346929992215656	1.3672125103203774	1.66752660652899	1.5570848855749502	1.3751297952960742	1.5960353796077489	1.4969319010514013	1.6375059441588906	1.5540151057148976	1.598777745834283	1.4371161879819552	1.465509795847763	1.2710750259014447	1.4915960309916223	-1.0	-1.0	-1.0	-1.0	-1.0	-1.0	-1.0	-1.0	-1.0	-1.0	-1.0	-1.0	1.6510594530598492	1.4534384165195655	1.2299384842164303	1.4866378422577364	1.574745022296212	1.3898238165971113	1.4571073454882926	1.5705821519068517	1.3532197111963906	-1.0	-1.0	1.309399776938708	1.3108164472161947	1.4844491544873262	1.5388807634573847	1.3940782586243317	1.2259245753941204	1.3715850031448922	1.4438483348959603	1.4782095859538857	1.2790438364260175	-1.0	-1.0	-1.0	-1.0	-1.0	-1.0	-1.0	-1.0	-1.0	-1.0	-1.0	-1.0	-1.0	-1.0	-1.0	-1.0	-1.0	-1.0	-1.0	-1.0	-1.0	-1.0	-1.0	-1.0	-1.0	-1.0	-1.0	-1.0	-1.0	-1.0	-1.0	-1.0	-1.0	-1.0	-1.0	-1.0	1.5462874850420503	1.349203916406514	1.3142137079843996
-1.0	-1.0	-1.0	-1.0	-1.0	-1.0	1.6337408431881173	1.4609463441940305	1.418385526863246	1.531123178118293	1.3976865548846829	1.4182055023598892	1.4112852915535306	1.6342816024134592	1.4370208767199024	1.2993741656703304	1.6256535266584355	1.5394992430935748	1.5299669332377992	1.477906748209869	1.4171453866672656	1.2946846095796325	1.360109562097548	1.423230537439717	1.4247830518292557	1.2974249267214213	1.4249318342164548	1.4312455261970485	-1.0	-1.0	-1.0	-1.0	-1.0	-1.0	-1.0	-1.0	-1.0	-1.0	-1.0	-1.0	1.2608726841944238	1.4539150375101797	1.4037036327523476	1.3054695169989858	1.625369062578186	1.3305177450984977	1.3695903115775618	1.6770045396206281	1.3690180318491867	-1.0	-1.0	1.4161934215029752	1.2261374801455527	1.5076802305562649	1.4794159133697091	1.409529400975754	1.5934333086650987	1.1669449098871552	1.7117934913796302	1.475517017471288	1.4974978396835725	-1.0	-1.0	-1.0	-1.0	-1.0	-1.0	1.206715669864703	-1.0	-1.0	-1.0	-1.0	-1.0	-1.0	-1.0	-1.0	-1.0	-1.0	-1.0	-1.0	-1.0	-1.0	-1.0	-1.0	-1.0	-1.0	-1.0	-1.0	-1.0	-1.0	-1.0	-1.0	-1.0	1.3366926814421691	1.2405594149455907	1.187547703466233	1.409507166645195	1.5085637928341733	1.406960836091323	1.420630226133383
-1.0	-1.0	-1.0	-1.0	-1.0	-1.0	1.431135568515615	1.3181387339509292	1.5418155798976996	1.4023591582018924	1.4665250158803533	1.280486976215435	1.2513201468747914	1.4696815450966607	1.367948579140228	1.5444462019536207	1.288256113654699	1.670727633500073	1.4936729819816852	1.4067189722069156	1.4160636646758689	1.224727349975038	1.3354554656943283	1.5468464013027667	1.5437651384428488	1.4612533271267083	1.306304413701255	1.3070873726611398	-1.0	-1.0	-1.0	-1.0	-1.0	-1.0	-1.0	-1.0	-1.0	-1.0	-1.0	-1.0	1.2832936283676608	-1.0	1.6204795911192011	1.1583367183405004	-1.0	1.2885648498494717	1.4755999070382841	-1.0	1.1827083512496133	-1.0	-1.0	1.515913625660077	1.433878817522135	1.449579377254196	1.4235048556004977	1.2230054611501948	1.6358502079166968	1.5156353285182576	1.4980628602125465	1.357688802510562	1.4484401661402604	-1.0	-1.0	-1.0	-1.0	-1.0	-1.0	1.350836082396113	-1.0	-1.0	-1.0	-1.0	-1.0	-1.0	-1.0	-1.0	-1.0	-1.0	-1.0	-1.0	-1.0	-1.0	-1.0	-1.0	-1.0	-1.0	-1.0	-1.0	-1.0	-1.0	-1.0	-1.0	-1.0	1.496197607321496	1.3226243485096965	1.1976952559467908	1.3867850790368783	1.2387959724680029	1.3614117298635944	1.3903408170937617
-1.0	-1.0	-1.0	-1.0	-1.0	-1.0	1.3595308194989733	1.4061257335603923	1.4201145504742667	1.457632310197236	1.2886941885584755	1.350315866583176	1.5311031405251008	1.4662164781547404	1.360861174519357	1.4714409583931347	1.3473668952166404	1.5073623893567494	1.4433656922428493	1.6012451854381091	1.4180606756092746	1.46274331543067	1.4635661665506159	1.4559165961337146	1.5788779187440194	1.3689779455349906	1.4117411664104018	1.5710223043044909	-1.0	-1.0	-1.0	-1.0	-1.0	-1.0	-1.0	-1.0	-1.0	-1.0	-1.0	-1.0	-1.0	-1.0	-1.0	-1.0	-1.0	-1.0	-1.0	-1.0	-1.0	-1.0	-1.0	-1.0	-1.0	-1.0	-1.0	-1.0	-1.0	-1.0	-1.0	-1.0	-1.0	-1.0	-1.0	-1.0	-1.0	-1.0	-1.0	-1.0	-1.0	-1.0	-1.0	-1.0	-1.0	-1.0	-1.0	-1.0	-1.0	-1.0	-1.0	-1.0	-1.0	-1.0	-1.0	-1.0	-1.0	-1.0	-1.0	-1.0	-1.0	-1.0	-1.0	-1.0	-1.0	-1.0	-1.0	-1.0	-1.0	1.4666270909449663	1.5331454027682487	1.4667537900241194
-1.0	-1.0	-1.0	-1.0	-1.0	-1.0	1.50717792019393	1.2585887530803905	1.4409999924762895	1.4655871565347687	1.411199425729314	1.4735881740246906	1.3738979397392383	1.4123178193113348	1.3315155072840175	1.4906671310285804	1.3266987916257542	1.2421722511161681	1.4921968654019597	1.3962438570776863	1.4049038646643124	1.4176051814849646	1.5629446727283565	1.497626600644565	1.3407869793735563	1.410148693913847	1.3349495828055051	1.4370084509882997	-1.0	-1.0	-1.0	-1.0	-1.0	-1.0	-1.0	-1.0	-1.0	-1.0	-1.0	-1.0	1.4339089277307997	-1.0	1.5368695854258476	1.3775499922382668	-1.0	1.3891692579334871	1.5255785684568977	-1.0	1.5745299423353867	-1.0	-1.0	1.4615783966399527	1.2385696668638906	1.418566485268822	1.5459035006076027	1.166862990595809	1.3988767974494283	1.4225724859078794	1.5344736417523441	1.3123903503779444	1.5063236558652167	-1.0	-1.0	-1.0	-1.0	-1.0	-1.0	1.3707742804228111	-1.0	-1.0	-1.0	-1.0	-1.0	-1.0	-1.0	-1.0	-1.0	-1.0	-1.0	-1.0	-1.0	-1.0	-1.0	-1.0	-1.0	-1.0	-1.0	-1.0	-1.0	-1.0	-1.0	-1.0	-1.0	1.418155895218839	1.5153805744681281	1.2583753208438904	1.4495402829448043	1.2726390402846393	1.40048996686106	1.4213018928255543
-1.0	-1.0	-1.0	-1.0	-1.0	-1.0	1.4489814960595924	1.6103513433091512	1.4208919027409963	1.6603082074013942	1.5057493906011556	1.6800587986745152	1.6396335563309885	1.731935357593402	1.5370629700675655	1.5460084994914638	1.5313262405427128	1.3164429119373904	1.5009779814322914	1.5782310397557568	1.501050578273026	1.6034239660859568	1.343191202215491	1.532934462522859	1.5829068380048732	1.7399856219321808	1.4154120850533327	1.4677693206076292	-1.0	-1.0	-1.0	-1.0	-1.0	-1.0	-1.0	-1.0	-1.0	-1.0	-1.0	-1.0	1.4580936703242247	1.6175490530038397	1.3500493104590794	1.5257870224922077	1.6879662408420664	1.495226497021085	1.586328400640264	1.7225082542090449	1.7139255529398463	-1.0	-1.0	-1.0	-1.0	-1.0	-1.0	-1.0	-1.0	-1.0	-1.0	-1.0	-1.0	-1.0	-1.0	-1.0	-1.0	-1.0	-1.0	-1.0	-1.0	-1.0	-1.0	-1.0	-1.0	-1.0	-1.0	-1.0	-1.0	-1.0	-1.0	-1.0	-1.0	-1.0	-1.0	-1.0	-1.0	-1.0	-1.0	-1.0	-1.0	-1.0	-1.0	-1.0	-1.0	-1.0	-1.0	-1.0	-1.0	1.3804105902487789	1.4514074221524027	1.3505112921231044
-1.0	-1.0	-1.0	-1.0	-1.0	-1.0	1.5630189230458587	1.5591821048276095	1.313969507646452	1.380979873603825	1.4477810592303237	1.4347463429612104	1.4862736354285635	1.5035925611426066	1.3814943468691367	1.2862609481236533	1.438937102432439	1.4666155184497274	1.4035658831852689	1.4708176895541913	1.7297451281660832	1.4491789614660036	1.3600941124609405	1.4541515809781638	1.4376963994476182	1.3833027055174059	1.3636639972416533	1.402537594441726	-1.0	-1.0	-1.0	-1.0	-1.0	-1.0	-1.0	-1.0	-1.0	-1.0	-1.0	-1.0	-1.0	-1.0	-1.0	-1.0	-1.0	-1.0	-1.0	-1.0	-1.0	-1.0	-1.0	-1.0	-1.0	-1.0	-1.0	-1.0	-1.0	-1.0	-1.0	-1.0	-1.0	-1.0	-1.0	-1.0	-1.0	-1.0	-1.0	-1.0	-1.0	-1.0	-1.0	-1.0	-1.0	-1.0	-1.0	-1.0	-1.0	-1.0	-1.0	-1.0	-1.0	-1.0	-1.0	-1.0	-1.0	-1.0	-1.0	-1.0	-1.0	-1.0	-1.0	-1.0	-1.0	-1.0	-1.0	-1.0	-1.0	1.4523075995030374	1.48384124815555	1.378423594949579
-1.0	-1.0	-1.0	-1.0	-1.0	-1.0	1.5032494065435862	1.6923065792850986	1.7219629892554664	1.3874235254579117	1.3262835044075365	1.4354459645092597	1.4304297017679108	1.3722936114338775	1.2944616361443377	1.1848214913332837	1.6295474203952094	1.4649846842143783	1.3687373144612414	1.6195918045126512	1.3450641098957132	1.7914085703999714	1.3832281054427453	1.3080599464089149	1.4877065840592019	1.354315389578044	1.4174274897851444	1.5256307369799025	-1.0	-1.0	-1.0	-1.0	-1.0	-1.0	-1.0	-1.0	-1.0	-1.0	-1.0	-1.0	1.5846558722024224	1.6641221233185168	1.3936790791104026	1.364514721331195	1.6698991947069457	1.4157723739496244	1.5811779390887781	1.6032976536781902	1.3601396252141082	-1.0	-1.0	1.2539023145068557	1.522282242391169	1.3091966743803025	1.4206652858763038	1.4534412429176224	1.2951265287450595	1.3219366688489955	1.4309287653568832	1.474886862376914	1.3684934447661414	-1.0	-1.0	-1.0	-1.0	-1.0	-1.0	-1.0	-1.0	-1.0	-1.0	-1.0	-1.0	-1.0	-1.0	-1.0	-1.0	-1.0	-1.0	-1.0	-1.0	-1.0	-1.0	-1.0	-1.0	-1.0	-1.0	-1.0	-1.0	-1.0	-1.0	-1.0	-1.0	-1.0	-1.0	-1.0	-1.0	1.5081853378203776	1.315021585766425	1.4559511420225364
-1.0	-1.0	-1.0	-1.0	-1.0	-1.0	1.6399322852753888	1.6871430597035142	1.4596312052965086	1.5957937726595355	1.525643304573216	1.2561116367758398	1.4124292051062144	1.3140632986244676	1.4046899779294557	1.244366701492441	1.6419952811560334	1.3305052392115098	1.6993499440849096	1.533639907433449	1.5156913937963141	1.384931668705658	1.4752878128786173	1.55764983827728	1.3178070894899063	1.4455536690320192	1.539769764839554	1.3874326495101985	-1.0	-1.0	-1.0	-1.0	-1.0	-1.0	-1.0	-1.0	-1.0	-1.0	-1.0	-1.0	1.4595118873433441	1.5061696368444022	1.4361251036687062	1.3270250909057166	1.4330083407196275	1.3254671711542896	1.4151020631616584	1.5181448366741945	1.3450602474038178	-1.0	-1.0	1.455609178655154	1.2560799797012019	1.520552074149146	1.279351127575934	1.50667868251816	1.2583737283800864	1.2158792189465044	1.346416208397918	1.434016012825643	1.420586307269432	-1.0	-1.0	-1.0	-1.0	-1.0	-1.0	1.4610041970039391	-1.0	-1.0	-1.0	-1.0	-1.0	-1.0	-1.0	-1.0	-1.0	-1.0	-1.0	-1.0	-1.0	-1.0	-1.0	-1.0	-1.0	-1.0	-1.0	-1.0	-1.0	-1.0	-1.0	-1.0	-1.0	1.243405509358919	1.2519766347123125	1.3057648116927687	1.3187466143667992	1.2160469075800289	1.357597246030905	1.5629013451254934
-1.0	-1.0	-1.0	-1.0	-1.0	-1.0	1.4334915548318419	1.623580984703394	1.5471957543946986	1.4451996341504183	1.4215102051218302	1.4211977422360527	1.5276905887782615	1.429427613820537	1.362413295614191	1.539292520917565	1.435219864334563	1.3076082910802038	1.4523666911332478	1.397834080789197	1.495713450214044	1.4424959621260205	1.4897504630576617	1.4679189523148537	1.3424690345797954	1.3520394863729928	1.370049652562329	1.4180957804942507	-1.0	-1.0	-1.0	-1.0	-1.0	-1.0	-1.0	-1.0	-1.0	-1.0	-1.0	-1.0	-1.0	-1.0	-1.0	-1.0	-1.0	-1.0	-1.0	-1.0	-1.0	-1.0	-1.0	-1.0	-1.0	-1.0	-1.0	-1.0	-1.0	-1.0	-1.0	-1.0	-1.0	-1.0	-1.0	-1.0	-1.0	-1.0	-1.0	-1.0	-1.0	-1.0	-1.0	-1.0	-1.0	-1.0	-1.0	-1.0	-1.0	-1.0	-1.0	-1.0	-1.0	-1.0	-1.0	-1.0	-1.0	-1.0	-1.0	-1.0	-1.0	-1.0	-1.0	-1.0	-1.0	-1.0	-1.0	-1.0	-1.0	1.4033104865034625	1.6831897614770959	1.4827594431348048
-1.0	-1.0	-1.0	-1.0	-1.0	-1.0	1.4874620840608317	1.5930506350731184	1.6440244513289912	1.3890714852127126	1.5501280341567325	1.750012674551737	1.4536429367998838	1.704013620800222	1.5097206370012763	1.511950003653307	1.5392494333231226	1.5079269518230087	1.5936235692750647	1.5990881461080806	1.6526375874766832	1.4500448351875084	1.5511798763476565	1.3128645589139853	1.5378147778403353	1.4341646067187808	1.4457068965470579	1.5021507139707928	-1.0	-1.0	-1.0	-1.0	-1.0	-1.0	-1.0	-1.0	-1.0	-1.0	-1.0	-1.0	1.6358081756587646	1.4743474508387089	1.431721558822038	1.6596519683945488	1.5868968552841856	1.5004548275531913	1.6372290336143809	1.7152965754672083	1.5250382881595317	-1.0	-1.0	-1.0	-1.0	-1.0	-1.0	-1.0	-1.0	-1.0	-1.0	-1.0	-1.0	-1.0	-1.0	-1.0	-1.0	-1.0	-1.0	-1.0	-1.0	-1.0	-1.0	-1.0	-1.0	-1.0	-1.0	-1.0	-1.0	-1.0	-1.0	-1.0	-1.0	-1.0	-1.0	-1.0	-1.0	-1.0	-1.0	-1.0	-1.0	-1.0	-1.0	-1.0	-1.0	-1.0	-1.0	-1.0	-1.0	1.493544328593028	1.6237522216880558	1.4669762220078013
-1.0	-1.0	-1.0	-1.0	-1.0	-1.0	1.5132197918955586	1.4880612101655315	1.3073273031855757	1.64905412542379	1.3026572260178433	1.4260320585097688	1.44344873047532	1.4986763784114439	1.4490145140885329	1.3842595880869768	1.4932898999892767	1.4776340932964567	1.466691197690106	1.5031626774527267	1.403396666929914	1.3694573135926833	1.3328426311882229	1.565768512067554	1.4726584086481842	1.3570145765607926	1.3728640159022873	1.4816724504562158	-1.0	-1.0	-1.0	-1.0	-1.0	-1.0	-1.0	-1.0	-1.0	-1.0	-1.0	-1.0	1.3572987986589562	1.457179447151953	1.6214223703462496	1.4966285043466212	1.468352951211259	1.3601829934248941	1.4163112595860614	1.53720399437985	1.3880411856356594	-1.0	-1.0	1.3014786322860172	1.3447193574463578	1.458732143110462	1.4153065309464727	1.3182562492640544	1.599841436560097	1.3068753442060541	1.3145205096502146	1.5604023742089281	1.2426263316717394	-1.0	-1.0	-1.0	-1.0	-1.0	-1.0	1.110147698880636	-1.0	-1.0	-1.0	-1.0	-1.0	-1.0	-1.0	-1.0	-1.0	-1.0	-1.0	-1.0	-1.0	-1.0	-1.0	-1.0	-1.0	-1.0	-1.0	-1.0	-1.0	-1.0	-1.0	-1.0	-1.0	1.321723705236221	1.4894593072757802	1.2978660590823219	1.544847595556594	1.6224339948529511	1.3955634548083362	1.3781359988442652
-1.0	-1.0	-1.0	-1.0	-1.0	-1.0	1.6021746080901687	1.4736633319855055	1.404772346339229	1.4718233746183544	1.1629835263415587	1.4167463874472945	1.4191282695236707	1.5513719750089765	1.514362195328119	1.3045841454936886	1.331210217488381	1.23536986109196	1.5544529474243096	1.4251973705679175	1.4346691023214653	1.4786245353711756	1.3595171661964733	1.4968171186744716	1.4885547735527336	1.4381582644021773	1.403307653354723	1.4010484776331205	-1.0	-1.0	-1.0	-1.0	-1.0	-1.0	-1.0	-1.0	-1.0	-1.0	-1.0	-1.0	-1.0	-1.0	1.3831644330614836	1.4374257412777194	-1.0	1.4679188461491108	1.372553648000991	-1.0	1.5690822277521086	-1.0	-1.0	1.5319868679357243	1.452933821109394	1.5027570832004644	1.3810007555855608	1.3840019804067485	1.4395001858925334	1.426987481758668	1.3375324109217424	1.47893171141286	1.425876025095698	-1.0	-1.0	-1.0	-1.0	-1.0	-1.0	-1.0	-1.0	-1.0	-1.0	-1.0	-1.0	-1.0	-1.0	-1.0	-1.0	-1.0	-1.0	-1.0	-1.0	-1.0	-1.0	-1.0	-1.0	-1.0	-1.0	-1.0	-1.0	-1.0	-1.0	-1.0	-1.0	-1.0	-1.0	-1.0	-1.0	1.2022468255463128	1.2459137941670664	1.486582367317364
-1.0	-1.0	-1.0	-1.0	-1.0	-1.0	-1.0	-1.0	-1.0	-1.0	-1.0	-1.0	-1.0	-1.0	-1.0	-1.0	-1.0	-1.0	-1.0	-1.0	-1.0	-1.0	-1.0	-1.0	-1.0	-1.0	-1.0	-1.0	-1.0	-1.0	-1.0	-1.0	-1.0	-1.0	-1.0	-1.0	-1.0	-1.0	-1.0	-1.0	-1.0	-1.0	-1.0	-1.0	-1.0	-1.0	-1.0	-1.0	-1.0	-1.0	-1.0	-1.0	-1.0	-1.0	-1.0	-1.0	-1.0	-1.0	-1.0	-1.0	-1.0	-1.0	-1.0	-1.0	-1.0	-1.0	-1.0	-1.0	-1.0	-1.0	-1.0	-1.0	-1.0	-1.0	-1.0	-1.0	-1.0	-1.0	-1.0	-1.0	-1.0	-1.0	-1.0	-1.0	-1.0	-1.0	-1.0	-1.0	-1.0	-1.0	-1.0	-1.0	-1.0	-1.0	-1.0	-1.0	-1.0	-1.0	-1.0	-1.0
-1.0	-1.0	-1.0	-1.0	-1.0	-1.0	-1.0	-1.0	-1.0	-1.0	-1.0	-1.0	-1.0	-1.0	-1.0	-1.0	-1.0	-1.0	-1.0	-1.0	-1.0	-1.0	-1.0	-1.0	-1.0	-1.0	-1.0	-1.0	-1.0	-1.0	-1.0	-1.0	-1.0	-1.0	-1.0	-1.0	-1.0	-1.0	-1.0	-1.0	-1.0	-1.0	-1.0	-1.0	-1.0	-1.0	-1.0	-1.0	-1.0	-1.0	-1.0	-1.0	-1.0	-1.0	-1.0	-1.0	-1.0	-1.0	-1.0	-1.0	-1.0	-1.0	-1.0	-1.0	-1.0	-1.0	-1.0	-1.0	-1.0	-1.0	-1.0	-1.0	-1.0	-1.0	-1.0	-1.0	-1.0	-1.0	-1.0	-1.0	-1.0	-1.0	-1.0	-1.0	-1.0	-1.0	-1.0	-1.0	-1.0	-1.0	-1.0	-1.0	-1.0	-1.0	-1.0	-1.0	-1.0	-1.0	-1.0	-1.0
-1.0	-1.0	-1.0	-1.0	-1.0	-1.0	-1.0	-1.0	-1.0	-1.0	-1.0	-1.0	-1.0	-1.0	-1.0	-1.0	-1.0	-1.0	-1.0	-1.0	-1.0	-1.0	-1.0	-1.0	-1.0	-1.0	-1.0	-1.0	-1.0	-1.0	-1.0	-1.0	-1.0	-1.0	-1.0	-1.0	-1.0	-1.0	-1.0	-1.0	-1.0	-1.0	-1.0	-1.0	-1.0	-1.0	-1.0	-1.0	-1.0	-1.0	-1.0	-1.0	-1.0	-1.0	-1.0	-1.0	-1.0	-1.0	-1.0	-1.0	-1.0	-1.0	-1.0	-1.0	-1.0	-1.0	-1.0	-1.0	-1.0	-1.0	-1.0	-1.0	-1.0	-1.0	-1.0	-1.0	-1.0	-1.0	-1.0	-1.0	-1.0	-1.0	-1.0	-1.0	-1.0	-1.0	-1.0	-1.0	-1.0	-1.0	-1.0	-1.0	-1.0	-1.0	-1.0	-1.0	-1.0	-1.0	-1.0	-1.0
-1.0	-1.0	-1.0	-1.0	-1.0	-1.0	-1.0	-1.0	-1.0	-1.0	1.4149243498119968	1.397852260140565	-1.0	1.3422614149192005	1.343848150962752	-1.0	-1.0	-1.0	-1.0	-1.0	1.3622925801303845	-1.0	1.329479920580151	-1.0	1.5302247787604073	-1.0	-1.0	1.2969118396474335	-1.0	-1.0	-1.0	-1.0	-1.0	-1.0	-1.0	-1.0	-1.0	-1.0	-1.0	-1.0	-1.0	-1.0	1.5073106766444582	1.3709068486435079	-1.0	1.3239233905536958	1.2474635741691258	-1.0	1.3578693863500901	-1.0	-1.0	1.354434576273446	1.354553202491284	1.4707329718231343	1.4491250433312146	1.2572519750572577	1.3769531356921485	1.2237674458939032	1.3978169670866185	1.5155425045754063	1.4852635848323292	-1.0	-1.0	-1.0	-1.0	-1.0	-1.0	-1.0	-1.0	-1.0	-1.0	-1.0	-1.0	-1.0	-1.0	-1.0	-1.0	-1.0	-1.0	-1.0	-1.0	-1.0	-1.0	-1.0	-1.0	-1.0	-1.0	-1.0	-1.0	-1.0	-1.0	-1.0	-1.0	-1.0	-1.0	-1.0	-1.0	-1.0	1.3561504944505836	1.260394952844257
-1.0	-1.0	-1.0	-1.0	-1.0	-1.0	-1.0	-1.0	1.4465001635221557	-1.0	1.229959840646662	1.2393379274855778	-1.0	1.4326213139855761	1.391619361797053	-1.0	-1.0	-1.0	-1.0	-1.0	1.2920432038809442	1.3592215157004568	1.40482918704037	-1.0	1.611555792225121	1.4024092923781402	-1.0	1.3644160019940814	-1.0	-1.0	-1.0	-1.0	-1.0	-1.0	-1.0	-1.0	-1.0	-1.0	-1.0	-1.0	1.3579686216656197	-1.0	1.317837999603354	1.4346945928848562	-1.0	1.4119975043786268	1.3902153718924555	-1.0	1.6109435722045033	-1.0	-1.0	1.4291733523698134	1.5291426840734883	1.4355858786483073	1.2006712546318825	1.2458207001565815	1.4280027356571001	1.2829247365748604	1.3211673188214184	1.3765166672504452	1.1990727220260164	-1.0	-1.0	-1.0	-1.0	-1.0	-1.0	1.2971775796050022	-1.0	-1.0	-1.0	-1.0	-1.0	-1.0	-1.0	-1.0	-1.0	-1.0	-1.0	-1.0	-1.0	-1.0	-1.0	-1.0	-1.0	-1.0	-1.0	-1.0	-1.0	-1.0	-1.0	-1.0	-1.0	1.24578594959769	1.5577249562706705	1.4459561756577377	1.3731473201406497	1.4685100437879401	1.2449532240191326	1.3007920076040629
-1.0	-1.0	-1.0	-1.0	-1.0	-1.0	-1.0	-1.0	-1.0	-1.0	1.4500324092764147	1.3462280445974197	-1.0	1.5648961930534429	1.4997266154648816	-1.0	-1.0	-1.0	-1.0	-1.0	1.3990917260938602	-1.0	1.223983756797431	-1.0	1.3689650106796476	-1.0	-1.0	1.4840060108718085	-1.0	-1.0	-1.0	-1.0	-1.0	-1.0	-1.0	-1.0	-1.0	-1.0	-1.0	-1.0	-1.0	-1.0	1.4839955460795933	1.3981412817646328	-1.0	1.3214530790822054	1.3260344049408905	-1.0	1.4918177894488174	-1.0	-1.0	1.3815918468579533	1.4238624385444747	1.2398410424098643	1.326417908982565	1.3571316252515284	1.558511147569879	1.3145427369448741	1.4380351312789983	1.446580272870125	1.4623340250733505	-1.0	-1.0	-1.0	-1.0	-1.0	-1.0	-1.0	-1.0	-1.0	-1.0	-1.0	-1.0	-1.0	-1.0	-1.0	-1.0	-1.0	-1.0	-1.0	-1.0	-1.0	-1.0	-1.0	-1.0	-1.0	-1.0	-1.0	-1.0	-1.0	-1.0	-1.0	-1.0	-1.0	-1.0	-1.0	-1.0	-1.0	1.489275908433221	1.4527882501726808
-1.0	-1.0	-1.0	-1.0	-1.0	-1.0	-1.0	-1.0	1.3915899498624609	-1.0	1.296483187408468	1.3614885160108046	-1.0	1.4679909769435027	1.2416634846822179	-1.0	-1.0	-1.0	-1.0	-1.0	1.4690855264311242	1.1399306287995874	1.3817315634525242	-1.0	1.247232549038809	1.3240490565242204	-1.0	1.2732614829458122	-1.0	-1.0	-1.0	-1.0	-1.0	-1.0	-1.0	-1.0	-1.0	-1.0	-1.0	-1.0	1.3620927384495551	-1.0	1.3539884533886226	1.4068388904033757	-1.0	1.4396999462042501	1.3498411658489287	-1.0	1.2464774595411767	-1.0	-1.0	1.47281942626877	1.3849001460192953	1.3480976432953902	1.2579823764129738	1.3682620474607787	1.5590750944273568	1.3555142902214008	1.4563203913526852	1.3966463162169251	1.394631012790407	-1.0	-1.0	-1.0	-1.0	-1.0	-1.0	1.3832858992952013	-1.0	-1.0	-1.0	-1.0	-1.0	-1.0	-1.0	-1.0	-1.0	-1.0	-1.0	-1.0	-1.0	-1.0	-1.0	-1.0	-1.0	-1.0	-1.0	-1.0	-1.0	-1.0	-1.0	-1.0	-1.0	1.2026500376347034	1.4079284350797518	1.3641753985584717	1.5024272020772524	1.4016062586119509	1.3487696445242345	1.3153551432218908
-1.0	-1.0	-1.0	-1.0	-1.0	-1.0	-1.0	-1.0	1.3640893490144692	-1.0	1.32899668074704	1.414964494929416	-1.0	1.3293722147307148	1.4291725449873212	-1.0	-1.0	-1.0	-1.0	-1.0	1.3072819728383853	1.3480421855398617	1.3859786459894246	-1.0	1.3374451028561471	1.5557997789056692	-1.0	1.2020044272872294	-1.0	-1.0	-1.0	-1.0	-1.0	-1.0	-1.0	-1.0	-1.0	-1.0	-1.0	-1.0	1.3273644957058501	-1.0	1.6142003481077551	1.3250080082785838	-1.0	1.2478641603056613	1.2651660697813827	-1.0	1.5527666312035824	-1.0	-1.0	1.4264786731162826	1.3752954444748717	1.4313622223715705	1.4506708689369316	1.5047842683881083	1.4417906407216443	1.3713756462485598	1.247469631202315	1.2956109278431927	1.3458717352600367	-1.0	-1.0	-1.0	-1.0	-1.0	-1.0	1.3252783772486783	-1.0	-1.0	-1.0	-1.0	-1.0	-1.0	-1.0	-1.0	-1.0	-1.0	-1.0	-1.0	-1.0	-1.0	-1.0	-1.0	-1.0	-1.0	-1.0	-1.0	-1.0	-1.0	-1.0	-1.0	-1.0	1.3687227680573109	1.3374189799584066	1.4860395125071215	1.0881901717331168	1.2430904188425742	1.2591553179556085	1.2673303724729643
-1.0	-1.0	-1.0	-1.0	-1.0	-1.0	-1.0	-1.0	-1.0	-1.0	-1.0	-1.0	-1.0	-1.0	-1.0	-1.0	-1.0	-1.0	-1.0	-1.0	-1.0	-1.0	-1.0	-1.0	-1.0	-1.0	-1.0	-1.0	-1.0	-1.0	-1.0	-1.0	-1.0	-1.0	-1.0	-1.0	-1.0	-1.0	-1.0	-1.0	-1.0	-1.0	-1.0	-1.0	-1.0	-1.0	-1.0	-1.0	-1.0	-1.0	-1.0	-1.0	-1.0	-1.0	-1.0	-1.0	-1.0	-1.0	-1.0	-1.0	-1.0	-1.0	-1.0	-1.0	-1.0	-1.0	-1.0	-1.0	-1.0	-1.0	-1.0	-1.0	-1.0	-1.0	-1.0	-1.0	-1.0	-1.0	-1.0	-1.0	-1.0	-1.0	-1.0	-1.0	-1.0	-1.0	-1.0	-1.0	-1.0	-1.0	-1.0	-1.0	-1.0	-1.0	-1.0	-1.0	-1.0	-1.0	-1.0	-1.0
-1.0	-1.0	-1.0	-1.0	-1.0	-1.0	-1.0	-1.0	-1.0	-1.0	-1.0	-1.0	-1.0	-1.0	-1.0	-1.0	-1.0	-1.0	-1.0	-1.0	-1.0	-1.0	-1.0	-1.0	-1.0	-1.0	-1.0	-1.0	-1.0	-1.0	-1.0	-1.0	-1.0	-1.0	-1.0	-1.0	-1.0	-1.0	-1.0	-1.0	-1.0	-1.0	-1.0	-1.0	-1.0	-1.0	-1.0	-1.0	-1.0	-1.0	-1.0	-1.0	-1.0	-1.0	-1.0	-1.0	-1.0	-1.0	-1.0	-1.0	-1.0	-1.0	-1.0	-1.0	-1.0	-1.0	-1.0	-1.0	-1.0	-1.0	-1.0	-1.0	-1.0	-1.0	-1.0	-1.0	-1.0	-1.0	-1.0	-1.0	-1.0	-1.0	-1.0	-1.0	-1.0	-1.0	-1.0	-1.0	-1.0	-1.0	-1.0	-1.0	-1.0	-1.0	-1.0	-1.0	-1.0	-1.0	-1.0	-1.0
-1.0	-1.0	-1.0	-1.0	-1.0	-1.0	-1.0	-1.0	-1.0	-1.0	-1.0	-1.0	-1.0	-1.0	-1.0	-1.0	-1.0	-1.0	-1.0	-1.0	-1.0	-1.0	-1.0	-1.0	-1.0	-1.0	-1.0	-1.0	-1.0	-1.0	-1.0	-1.0	-1.0	-1.0	-1.0	-1.0	-1.0	-1.0	-1.0	-1.0	-1.0	-1.0	-1.0	-1.0	-1.0	-1.0	-1.0	-1.0	-1.0	-1.0	-1.0	-1.0	-1.0	-1.0	-1.0	-1.0	-1.0	-1.0	-1.0	-1.0	-1.0	-1.0	-1.0	-1.0	-1.0	-1.0	-1.0	-1.0	-1.0	-1.0	-1.0	-1.0	-1.0	-1.0	-1.0	-1.0	-1.0	-1.0	-1.0	-1.0	-1.0	-1.0	-1.0	-1.0	-1.0	-1.0	-1.0	-1.0	-1.0	-1.0	-1.0	-1.0	-1.0	-1.0	-1.0	-1.0	-1.0	-1.0	-1.0	-1.0
-1.0	-1.0	-1.0	-1.0	-1.0	-1.0	-1.0	-1.0	1.404670844611588	-1.0	1.4220025612841458	1.1578467239493824	-1.0	-1.0	1.3927167649517291	-1.0	-1.0	-1.0	-1.0	-1.0	-1.0	1.375831187720247	-1.0	-1.0	1.3411293035293017	1.3985348197826322	-1.0	1.3118483844999824	-1.0	-1.0	-1.0	-1.0	-1.0	-1.0	-1.0	-1.0	-1.0	-1.0	-1.0	-1.0	1.3932750429154555	-1.0	-1.0	1.3586055538764377	-1.0	1.5542027824085396	1.1487131886302024	-1.0	-1.0	-1.0	-1.0	1.3254105374656853	1.1656123779982321	-1.0	-1.0	1.3502841198818023	-1.0	1.3393854023608247	-1.0	-1.0	1.3075316154279597	-1.0	-1.0	-1.0	-1.0	-1.0	-1.0	1.3558544202872556	-1.0	-1.0	-1.0	-1.0	-1.0	-1.0	-1.0	-1.0	-1.0	-1.0	-1.0	-1.0	-1.0	-1.0	-1.0	-1.0	-1.0	-1.0	-1.0	-1.0	-1.0	-1.0	-1.0	-1.0	-1.0	1.2915712827509611	1.3379522946466094	1.3446386724766226	1.4544773625554734	1.3518207532737163	1.5095919759443286	-1.0
-1.0	-1.0	-1.0	-1.0	-1.0	-1.0	-1.0	-1.0	-1.0	-1.0	-1.0	-1.0	-1.0	-1.0	-1.0	-1.0	-1.0	-1.0	-1.0	-1.0	-1.0	-1.0	-1.0	-1.0	-1.0	-1.0	-1.0	-1.0	-1.0	-1.0	-1.0	-1.0	-1.0	-1.0	-1.0	-1.0	-1.0	-1.0	-1.0	-1.0	-1.0	-1.0	-1.0	-1.0	-1.0	-1.0	-1.0	-1.0	-1.0	-1.0	-1.0	-1.0	-1.0	-1.0	-1.0	-1.0	-1.0	-1.0	-1.0	-1.0	-1.0	-1.0	-1.0	-1.0	-1.0	-1.0	-1.0	-1.0	-1.0	-1.0	-1.0	-1.0	-1.0	-1.0	-1.0	-1.0	-1.0	-1.0	-1.0	-1.0	-1.0	-1.0	-1.0	-1.0	-1.0	-1.0	-1.0	-1.0	-1.0	-1.0	-1.0	-1.0	-1.0	-1.0	-1.0	-1.0	-1.0	-1.0	-1.0	-1.0
-1.0	-1.0	-1.0	-1.0	-1.0	-1.0	-1.0	-1.0	-1.0	-1.0	-1.0	-1.0	-1.0	-1.0	-1.0	-1.0	-1.0	-1.0	-1.0	-1.0	-1.0	-1.0	-1.0	-1.0	-1.0	-1.0	-1.0	-1.0	-1.0	-1.0	-1.0	-1.0	-1.0	-1.0	-1.0	-1.0	-1.0	-1.0	-1.0	-1.0	-1.0	-1.0	-1.0	-1.0	-1.0	-1.0	-1.0	-1.0	-1.0	-1.0	-1.0	-1.0	-1.0	-1.0	-1.0	-1.0	-1.0	-1.0	-1.0	-1.0	-1.0	-1.0	-1.0	-1.0	-1.0	-1.0	-1.0	-1.0	-1.0	-1.0	-1.0	-1.0	-1.0	-1.0	-1.0	-1.0	-1.0	-1.0	-1.0	-1.0	-1.0	-1.0	-1.0	-1.0	-1.0	-1.0	-1.0	-1.0	-1.0	-1.0	-1.0	-1.0	-1.0	-1.0	-1.0	-1.0	-1.0	-1.0	-1.0	-1.0
-1.0	-1.0	-1.0	-1.0	-1.0	-1.0	-1.0	-1.0	1.3572126109404632	-1.0	1.495161313056017	1.3476123660522343	-1.0	-1.0	1.2681405589063885	-1.0	-1.0	-1.0	-1.0	-1.0	-1.0	1.5027623564128365	-1.0	-1.0	1.2317443472576113	1.2614154078506885	-1.0	1.2229567894614282	-1.0	-1.0	-1.0	-1.0	-1.0	-1.0	-1.0	-1.0	-1.0	-1.0	-1.0	-1.0	1.418563062931382	-1.0	-1.0	1.3314613105565891	-1.0	1.2713168283944243	1.4182475141502005	-1.0	-1.0	-1.0	-1.0	1.489284986224627	1.2829932340489614	-1.0	-1.0	1.2683119845657536	-1.0	1.4705240579113443	-1.0	-1.0	1.4133955424575053	-1.0	-1.0	-1.0	-1.0	-1.0	-1.0	1.4120520163056334	-1.0	-1.0	-1.0	-1.0	-1.0	-1.0	-1.0	-1.0	-1.0	-1.0	-1.0	-1.0	-1.0	-1.0	-1.0	-1.0	-1.0	-1.0	-1.0	-1.0	-1.0	-1.0	-1.0	-1.0	-1.0	1.3194745177118787	1.5332139831956884	1.3045733723810633	1.4250366926708764	1.3682233658122205	1.4874322602219718	-1.0
-1.0	-1.0	-1.0	-1.0	-1.0	-1.0	-1.0	-1.0	-1.0	-1.0	-1.0	-1.0	-1.0	-1.0	-1.0	-1.0	-1.0	-1.0	-1.0	-1.0	-1.0	-1.0	-1.0	-1.0	-1.0	-1.0	-1.0	-1.0	-1.0	-1.0	-1.0	-1.0	-1.0	-1.0	-1.0	-1.0	-1.0	-1.0	-1.0	-1.0	-1.0	-1.0	-1.0	-1.0	-1.0	-1.0	-1.0	-1.0	-1.0	-1.0	-1.0	-1.0	-1.0	-1.0	-1.0	-1.0	-1.0	-1.0	-1.0	-1.0	-1.0	-1.0	-1.0	-1.0	-1.0	-1.0	-1.0	-1.0	-1.0	-1.0	-1.0	-1.0	-1.0	-1.0	-1.0	-1.0	-1.0	-1.0	-1.0	-1.0	-1.0	-1.0	-1.0	-1.0	-1.0	-1.0	-1.0	-1.0	-1.0	-1.0	-1.0	-1.0	-1.0	-1.0	-1.0	-1.0	-1.0	-1.0	-1.0	-1.0
-1.0	-1.0	-1.0	-1.0	-1.0	-1.0	-1.0	-1.0	-1.0	-1.0	-1.0	-1.0	-1.0	-1.0	-1.0	-1.0	-1.0	-1.0	-1.0	-1.0	-1.0	-1.0	-1.0	-1.0	-1.0	-1.0	-1.0	-1.0	-1.0	-1.0	-1.0	-1.0	-1.0	-1.0	-1.0	-1.0	-1.0	-1.0	-1.0	-1.0	-1.0	-1.0	-1.0	-1.0	-1.0	-1.0	-1.0	-1.0	-1.0	-1.0	-1.0	-1.0	-1.0	-1.0	-1.0	-1.0	-1.0	-1.0	-1.0	-1.0	-1.0	-1.0	-1.0	-1.0	-1.0	-1.0	-1.0	-1.0	-1.0	-1.0	-1.0	-1.0	-1.0	-1.0	-1.0	-1.0	-1.0	-1.0	-1.0	-1.0	-1.0	-1.0	-1.0	-1.0	-1.0	-1.0	-1.0	-1.0	-1.0	-1.0	-1.0	-1.0	-1.0	-1.0	-1.0	-1.0	-1.0	-1.0	-1.0	-1.0
-1.0	-1.0	-1.0	-1.0	-1.0	-1.0	-1.0	-1.0	-1.0	-1.0	-1.0	-1.0	-1.0	-1.0	-1.0	-1.0	-1.0	-1.0	-1.0	-1.0	-1.0	-1.0	-1.0	-1.0	-1.0	-1.0	-1.0	-1.0	-1.0	-1.0	-1.0	-1.0	-1.0	-1.0	-1.0	-1.0	-1.0	-1.0	-1.0	-1.0	-1.0	-1.0	-1.0	-1.0	-1.0	-1.0	-1.0	-1.0	-1.0	-1.0	-1.0	-1.0	-1.0	-1.0	-1.0	-1.0	-1.0	-1.0	-1.0	-1.0	-1.0	-1.0	-1.0	-1.0	-1.0	-1.0	-1.0	-1.0	-1.0	-1.0	-1.0	-1.0	-1.0	-1.0	-1.0	-1.0	-1.0	-1.0	-1.0	-1.0	-1.0	-1.0	-1.0	-1.0	-1.0	-1.0	-1.0	-1.0	-1.0	-1.0	-1.0	-1.0	-1.0	-1.0	-1.0	-1.0	-1.0	-1.0	-1.0	-1.0
-1.0	-1.0	-1.0	-1.0	-1.0	-1.0	-1.0	-1.0	-1.0	-1.0	-1.0	-1.0	-1.0	-1.0	-1.0	-1.0	-1.0	-1.0	-1.0	-1.0	-1.0	-1.0	-1.0	-1.0	-1.0	-1.0	-1.0	-1.0	-1.0	-1.0	-1.0	-1.0	-1.0	-1.0	-1.0	-1.0	-1.0	-1.0	-1.0	-1.0	-1.0	-1.0	-1.0	-1.0	-1.0	-1.0	-1.0	-1.0	-1.0	-1.0	-1.0	-1.0	-1.0	-1.0	-1.0	-1.0	-1.0	-1.0	-1.0	-1.0	-1.0	-1.0	-1.0	-1.0	-1.0	-1.0	-1.0	-1.0	-1.0	-1.0	-1.0	-1.0	-1.0	-1.0	-1.0	-1.0	-1.0	-1.0	-1.0	-1.0	-1.0	-1.0	-1.0	-1.0	-1.0	-1.0	-1.0	-1.0	-1.0	-1.0	-1.0	-1.0	-1.0	-1.0	-1.0	-1.0	-1.0	-1.0	-1.0	-1.0
-1.0	-1.0	-1.0	-1.0	-1.0	-1.0	-1.0	-1.0	1.3576244724496702	-1.0	1.2335512498635883	1.4554822536918175	-1.0	-1.0	1.4415505449123784	-1.0	-1.0	-1.0	-1.0	-1.0	-1.0	1.4510743806004405	-1.0	-1.0	1.534252025993361	1.4287775516889203	-1.0	1.4171474073329633	-1.0	-1.0	-1.0	-1.0	-1.0	-1.0	-1.0	-1.0	-1.0	-1.0	-1.0	-1.0	1.2836526917537374	-1.0	-1.0	1.417577444672504	-1.0	1.3451099043309114	1.2803598080345213	-1.0	-1.0	-1.0	-1.0	1.2765363866964963	1.5845158552987078	-1.0	-1.0	1.2201972599378785	-1.0	1.3555184870668169	-1.0	-1.0	1.1562730046039387	-1.0	-1.0	-1.0	-1.0	-1.0	-1.0	1.32408171270815	-1.0	-1.0	-1.0	-1.0	-1.0	-1.0	-1.0	-1.0	-1.0	-1.0	-1.0	-1.0	-1.0	-1.0	-1.0	-1.0	-1.0	-1.0	-1.0	-1.0	-1.0	-1.0	-1.0	-1.0	-1.0	1.4085246429023701	1.5048249342204243	1.3228966548305898	1.3591428842169533	1.587867307484082	1.2425831773666334	-1.0
-1.0	-1.0	-1.0	-1.0	-1.0	-1.0	-1.0	-1.0	1.3761295548915924	-1.0	1.387514368598818	1.4104355353725782	-1.0	-1.0	1.3754557150524218	-1.0	-1.0	-1.0	-1.0	-1.0	-1.0	1.4269277790966328	-1.0	-1.0	1.4988434020557757	1.459780658888182	-1.0	1.4144588042949535	-1.0	-1.0	-1.0	-1.0	-1.0	-1.0	-1.0	-1.0	-1.0	-1.0	-1.0	-1.0	1.4075724886719414	-1.0	-1.0	1.3083074403934707	-1.0	1.2534962941850956	1.4474605639476499	-1.0	-1.0	-1.0	-1.0	1.3698952857662163	1.394894154784256	-1.0	-1.0	1.3083604201299293	-1.0	1.31099276900871	-1.0	-1.0	1.2416509459206664	-1.0	-1.0	-1.0	-1.0	-1.0	-1.0	1.3153494310659364	-1.0	-1.0	-1.0	-1.0	-1.0	-1.0	-1.0	-1.0	-1.0	-1.0	-1.0	-1.0	-1.0	-1.0	-1.0	-1.0	-1.0	-1.0	-1.0	-1.0	-1.0	-1.0	-1.0	-1.0	-1.0	1.306861985617714	1.1395708847207573	1.402773360827389	1.358591738186089	1.4155932396143358	1.2471846536641875	-1.0
-1.0	-1.0	-1.0	-1.0	-1.0	-1.0	-1.0	-1.0	1.4643718413019817	-1.0	1.171131863340256	1.4643314825472042	-1.0	-1.0	1.3512131652942763	-1.0	-1.0	-1.0	-1.0	-1.0	-1.0	1.1178868701368667	-1.0	-1.0	1.3732354293279914	1.399480850391857	-1.0	1.303186997315676	-1.0	-1.0	-1.0	-1.0	-1.0	-1.0	-1.0	-1.0	-1.0	-1.0	-1.0	-1.0	1.4018301909265551	-1.0	-1.0	1.4397609311432462	-1.0	1.3992816857249388	1.326478347317851	-1.0	-1.0	-1.0	-1.0	1.415963395806425	1.1938205258551904	-1.0	-1.0	1.3598829065354665	-1.0	1.3938154301897487	-1.0	-1.0	1.3081595266425223	-1.0	-1.0	-1.0	-1.0	-1.0	-1.0	1.2640680252257777	-1.0	-1.0	-1.0	-1.0	-1.0	-1.0	-1.0	-1.0	-1.0	-1.0	-1.0	-1.0	-1.0	-1.0	-1.0	-1.0	-1.0	-1.0	-1.0	-1.0	-1.0	-1.0	-1.0	-1.0	-1.0	1.1995942271637783	1.2968618859171148	1.5482084580766822	1.290759286723313	1.227993490387695	1.102072444398076	-1.0
-1.0	-1.0	-1.0	-1.0	-1.0	-1.0	-1.0	-1.0	1.3392133504278798	-1.0	1.2612977251871107	1.3783912826394602	-1.0	-1.0	1.3174857877020276	-1.0	-1.0	-1.0	-1.0	-1.0	-1.0	1.4889026167145918	-1.0	-1.0	1.3936152589903341	1.238664733367284	-1.0	1.3583910305020295	-1.0	-1.0	-1.0	-1.0	-1.0	-1.0	-1.0	-1.0	-1.0	-1.0	-1.0	-1.0	1.460845463419301	-1.0	-1.0	1.4578601299436322	-1.0	1.3994317646094798	1.277353991351125	-1.0	-1.0	-1.0	-1.0	1.358467299358133	1.4780144246611648	-1.0	-1.0	1.3719053722007526	-1.0	1.4090955792096749	-1.0	-1.0	1.4969981505071406	-1.0	-1.0	-1.0	-1.0	-1.0	-1.0	1.2907523177360891	-1.0	-1.0	-1.0	-1.0	-1.0	-1.0	-1.0	-1.0	-1.0	-1.0	-1.0	-1.0	-1.0	-1.0	-1.0	-1.0	-1.0	-1.0	-1.0	-1.0	-1.0	-1.0	-1.0	-1.0	-1.0	1.1780679696618828	1.4832432386341625	1.415679519296826	1.5025102765247942	1.5484583404853791	1.3574817139684612	-1.0
-1.0	-1.0	-1.0	-1.0	-1.0	-1.0	-1.0	-1.0	1.5140602645949084	-1.0	1.3237100397906687	1.445426593307791	-1.0	-1.0	1.3942124417729456	-1.0	-1.0	-1.0	-1.0	-1.0	-1.0	1.3607929418707796	-1.0	-1.0	1.337219220321363	1.320638774857828	-1.0	1.5474525712914948	-1.0	-1.0	-1.0	-1.0	-1.0	-1.0	-1.0	-1.0	-1.0	-1.0	-1.0	-1.0	1.4125198418520661	-1.0	-1.0	1.3816183881852246	-1.0	1.3722824751633589	1.3202400593753514	-1.0	-1.0	-1.0	-1.0	1.3134866098349676	1.451055817802668	-1.0	-1.0	1.4725002501082811	-1.0	1.3442902034411741	-1.0	-1.0	1.268562483355468	-1.0	-1.0	-1.0	-1.0	-1.0	-1.0	1.295531593186046	-1.0	-1.0	-1.0	-1.0	-1.0	-1.0	-1.0	-1.0	-1.0	-1.0	-1.0	-1.0	-1.0	-1.0	-1.0	-1.0	-1.0	-1.0	-1.0	-1.0	-1.0	-1.0	-1.0	-1.0	-1.0	1.522802837789714	1.299378322822513	1.3500414138925954	1.4393102253902086	1.3107770695317387	1.3061368451641737	-1.0
-1.0	-1.0	-1.0	-1.0	-1.0	-1.0	-1.0	-1.0	-1.0	-1.0	-1.0	-1.0	-1.0	-1.0	-1.0	-1.0	-1.0	-1.0	-1.0	-1.0	-1.0	-1.0	-1.0	-1.0	-1.0	-1.0	-1.0	-1.0	-1.0	-1.0	-1.0	-1.0	-1.0	-1.0	-1.0	-1.0	-1.0	-1.0	-1.0	-1.0	-1.0	-1.0	-1.0	-1.0	-1.0	-1.0	-1.0	-1.0	-1.0	-1.0	-1.0	-1.0	-1.0	-1.0	-1.0	-1.0	-1.0	-1.0	-1.0	-1.0	-1.0	-1.0	-1.0	-1.0	-1.0	-1.0	-1.0	-1.0	-1.0	-1.0	-1.0	-1.0	-1.0	-1.0	-1.0	-1.0	-1.0	-1.0	-1.0	-1.0	-1.0	-1.0	-1.0	-1.0	-1.0	-1.0	-1.0	-1.0	-1.0	-1.0	-1.0	-1.0	-1.0	-1.0	-1.0	-1.0	-1.0	-1.0	-1.0	-1.0
-1.0	-1.0	-1.0	-1.0	-1.0	-1.0	-1.0	-1.0	1.3813898486782739	-1.0	1.4229070632984355	1.413467596202347	-1.0	-1.0	1.4561620158155015	-1.0	-1.0	-1.0	-1.0	-1.0	-1.0	1.328871334056768	-1.0	-1.0	1.3272893508232635	1.3533372369897099	-1.0	1.459751273895396	-1.0	-1.0	-1.0	-1.0	-1.0	-1.0	-1.0	-1.0	-1.0	-1.0	-1.0	-1.0	1.315506009295061	-1.0	-1.0	1.313426773068506	-1.0	1.2631996962993388	1.3028022627610107	-1.0	-1.0	-1.0	-1.0	1.4025633814624756	1.3080553593977702	-1.0	-1.0	1.3222066105635808	-1.0	1.380687247012075	-1.0	-1.0	1.3054519393264703	-1.0	-1.0	-1.0	-1.0	-1.0	-1.0	1.444486413859269	-1.0	-1.0	-1.0	-1.0	-1.0	-1.0	-1.0	-1.0	-1.0	-1.0	-1.0	-1.0	-1.0	-1.0	-1.0	-1.0	-1.0	-1.0	-1.0	-1.0	-1.0	-1.0	-1.0	-1.0	-1.0	1.3788219366891055	1.2862813663419588	1.1831518913762264	1.395445081321772	1.3396386153738928	1.4931754367812602	-1.0
-1.0	-1.0	-1.0	-1.0	-1.0	-1.0	-1.0	-1.0	-1.0	-1.0	-1.0	-1.0	-1.0	-1.0	-1.0	-1.0	-1.0	-1.0	-1.0	-1.0	-1.0	-1.0	-1.0	-1.0	-1.0	-1.0	-1.0	-1.0	-1.0	-1.0	-1.0	-1.0	-1.0	-1.0	-1.0	-1.0	-1.0	-1.0	-1.0	-1.0	-1.0	-1.0	-1.0	-1.0	-1.0	-1.0	-1.0	-1.0	-1.0	-1.0	-1.0	-1.0	-1.0	-1.0	-1.0	-1.0	-1.0	-1.0	-1.0	-1.0	-1.0	-1.0	-1.0	-1.0	-1.0	-1.0	-1.0	-1.0	-1.0	-1.0	-1.0	-1.0	-1.0	-1.0	-1.0	-1.0	-1.0	-1.0	-1.0	-1.0	-1.0	-1.0	-1.0	-1.0	-1.0	-1.0	-1.0	-1.0	-1.0	-1.0	-1.0	-1.0	-1.0	-1.0	-1.0	-1.0	-1.0	-1.0	-1.0	-1.0
-1.0	-1.0	-1.0	-1.0	-1.0	-1.0	-1.0	-1.0	-1.0	-1.0	-1.0	-1.0	-1.0	-1.0	-1.0	-1.0	-1.0	-1.0	-1.0	-1.0	-1.0	-1.0	-1.0	-1.0	-1.0	-1.0	-1.0	-1.0	-1.0	-1.0	-1.0	-1.0	-1.0	-1.0	-1.0	-1.0	-1.0	-1.0	-1.0	-1.0	-1.0	-1.0	-1.0	-1.0	-1.0	-1.0	-1.0	-1.0	-1.0	-1.0	-1.0	-1.0	-1.0	-1.0	-1.0	-1.0	-1.0	-1.0	-1.0	-1.0	-1.0	-1.0	-1.0	-1.0	-1.0	-1.0	-1.0	-1.0	-1.0	-1.0	-1.0	-1.0	-1.0	-1.0	-1.0	-1.0	-1.0	-1.0	-1.0	-1.0	-1.0	-1.0	-1.0	-1.0	-1.0	-1.0	-1.0	-1.0	-1.0	-1.0	-1.0	-1.0	-1.0	-1.0	-1.0	-1.0	-1.0	-1.0	-1.0	-1.0
-1.0	-1.0	-1.0	-1.0	-1.0	-1.0	-1.0	-1.0	1.3560304760893278	-1.0	1.3971257277096556	1.4538605082368847	-1.0	-1.0	1.3482982692489074	-1.0	-1.0	-1.0	-1.0	-1.0	-1.0	1.4558368288761117	-1.0	-1.0	1.431270388017685	1.2071851392714512	-1.0	1.4390752992388527	-1.0	-1.0	-1.0	-1.0	-1.0	-1.0	-1.0	-1.0	-1.0	-1.0	-1.0	-1.0	1.2413482509688358	-1.0	-1.0	1.4443075113127266	-1.0	1.1875196995181923	1.2504673103165744	-1.0	-1.0	-1.0	-1.0	1.540769205480421	1.292945966697662	-1.0	-1.0	1.327036272322133	-1.0	1.2965052849090961	-1.0	-1.0	1.3688413590972812	-1.0	-1.0	-1.0	-1.0	-1.0	-1.0	1.3855620680381375	-1.0	-1.0	-1.0	-1.0	-1.0	-1.0	-1.0	-1.0	-1.0	-1.0	-1.0	-1.0	-1.0	-1.0	-1.0	-1.0	-1.0	-1.0	-1.0	-1.0	-1.0	-1.0	-1.0	-1.0	-1.0	1.2338218106842787	1.5640423386782794	1.3372239244028723	1.4846560802915827	1.3335110931523273	1.1854237928752802	-1.0
-1.0	-1.0	-1.0	-1.0	-1.0	-1.0	-1.0	-1.0	-1.0	-1.0	-1.0	-1.0	-1.0	-1.0	-1.0	-1.0	-1.0	-1.0	-1.0	-1.0	-1.0	-1.0	-1.0	-1.0	-1.0	-1.0	-1.0	-1.0	-1.0	-1.0	-1.0	-1.0	-1.0	-1.0	-1.0	-1.0	-1.0	-1.0	-1.0	-1.0	-1.0	-1.0	-1.0	-1.0	-1.0	-1.0	-1.0	-1.0	-1.0	-1.0	-1.0	-1.0	-1.0	-1.0	-1.0	-1.0	-1.0	-1.0	-1.0	-1.0	-1.0	-1.0	-1.0	-1.0	-1.0	-1.0	-1.0	-1.0	-1.0	-1.0	-1.0	-1.0	-1.0	-1.0	-1.0	-1.0	-1.0	-1.0	-1.0	-1.0	-1.0	-1.0	-1.0	-1.0	-1.0	-1.0	-1.0	-1.0	-1.0	-1.0	-1.0	-1.0	-1.0	-1.0	-1.0	-1.0	-1.0	-1.0	-1.0	-1.0
-1.0	-1.0	-1.0	-1.0	-1.0	-1.0	-1.0	-1.0	-1.0	-1.0	-1.0	-1.0	-1.0	-1.0	-1.0	-1.0	-1.0	-1.0	-1.0	-1.0	-1.0	-1.0	-1.0	-1.0	-1.0	-1.0	-1.0	-1.0	-1.0	-1.0	-1.0	-1.0	-1.0	-1.0	-1.0	-1.0	-1.0	-1.0	-1.0	-1.0	-1.0	-1.0	-1.0	-1.0	-1.0	-1.0	-1.0	-1.0	-1.0	-1.0	-1.0	-1.0	-1.0	-1.0	-1.0	-1.0	-1.0	-1.0	-1.0	-1.0	-1.0	-1.0	-1.0	-1.0	-1.0	-1.0	-1.0	-1.0	-1.0	-1.0	-1.0	-1.0	-1.0	-1.0	-1.0	-1.0	-1.0	-1.0	-1.0	-1.0	-1.0	-1.0	-1.0	-1.0	-1.0	-1.0	-1.0	-1.0	-1.0	-1.0	-1.0	-1.0	-1.0	-1.0	-1.0	-1.0	-1.0	-1.0	-1.0	-1.0
-1.0	-1.0	-1.0	-1.0	-1.0	-1.0	-1.0	-1.0	-1.0	-1.0	-1.0	-1.0	-1.0	-1.0	-1.0	-1.0	-1.0	-1.0	-1.0	-1.0	-1.0	-1.0	-1.0	-1.0	-1.0	-1.0	-1.0	-1.0	-1.0	-1.0	-1.0	-1.0	-1.0	-1.0	-1.0	-1.0	-1.0	-1.0	-1.0	-1.0	-1.0	-1.0	-1.0	-1.0	-1.0	-1.0	-1.0	-1.0	-1.0	-1.0	-1.0	-1.0	-1.0	-1.0	-1.0	-1.0	-1.0	-1.0	-1.0	-1.0	-1.0	-1.0	-1.0	-1.0	-1.0	-1.0	-1.0	-1.0	-1.0	-1.0	-1.0	-1.0	-1.0	-1.0	-1.0	-1.0	-1.0	-1.0	-1.0	-1.0	-1.0	-1.0	-1.0	-1.0	-1.0	-1.0	-1.0	-1.0	-1.0	-1.0	-1.0	-1.0	-1.0	-1.0	-1.0	-1.0	-1.0	-1.0	-1.0	-1.0
-1.0	-1.0	-1.0	-1.0	-1.0	-1.0	-1.0	-1.0	-1.0	-1.0	-1.0	-1.0	-1.0	-1.0	-1.0	-1.0	-1.0	-1.0	-1.0	-1.0	-1.0	-1.0	-1.0	-1.0	-1.0	-1.0	-1.0	-1.0	-1.0	-1.0	-1.0	-1.0	-1.0	-1.0	-1.0	-1.0	-1.0	-1.0	-1.0	-1.0	-1.0	-1.0	-1.0	-1.0	-1.0	-1.0	-1.0	-1.0	-1.0	-1.0	-1.0	-1.0	-1.0	-1.0	-1.0	-1.0	-1.0	-1.0	-1.0	-1.0	-1.0	-1.0	-1.0	-1.0	-1.0	-1.0	-1.0	-1.0	-1.0	-1.0	-1.0	-1.0	-1.0	-1.0	-1.0	-1.0	-1.0	-1.0	-1.0	-1.0	-1.0	-1.0	-1.0	-1.0	-1.0	-1.0	-1.0	-1.0	-1.0	-1.0	-1.0	-1.0	-1.0	-1.0	-1.0	-1.0	-1.0	-1.0	-1.0	-1.0
-1.0	-1.0	-1.0	-1.0	-1.0	-1.0	-1.0	-1.0	-1.0	-1.0	-1.0	-1.0	-1.0	-1.0	-1.0	-1.0	-1.0	-1.0	-1.0	-1.0	-1.0	-1.0	-1.0	-1.0	-1.0	-1.0	-1.0	-1.0	-1.0	-1.0	-1.0	-1.0	-1.0	-1.0	-1.0	-1.0	-1.0	-1.0	-1.0	-1.0	-1.0	-1.0	-1.0	-1.0	-1.0	-1.0	-1.0	-1.0	-1.0	-1.0	-1.0	-1.0	-1.0	-1.0	-1.0	-1.0	-1.0	-1.0	-1.0	-1.0	-1.0	-1.0	-1.0	-1.0	-1.0	-1.0	-1.0	-1.0	-1.0	-1.0	-1.0	-1.0	-1.0	-1.0	-1.0	-1.0	-1.0	-1.0	-1.0	-1.0	-1.0	-1.0	-1.0	-1.0	-1.0	-1.0	-1.0	-1.0	-1.0	-1.0	-1.0	-1.0	-1.0	-1.0	-1.0	-1.0	-1.0	-1.0	-1.0	-1.0
-1.0	-1.0	-1.0	-1.0	-1.0	-1.0	-1.0	-1.0	-1.0	-1.0	-1.0	-1.0	-1.0	-1.0	-1.0	-1.0	-1.0	-1.0	-1.0	-1.0	-1.0	-1.0	-1.0	-1.0	-1.0	-1.0	-1.0	-1.0	-1.0	-1.0	-1.0	-1.0	-1.0	-1.0	-1.0	-1.0	-1.0	-1.0	-1.0	-1.0	-1.0	-1.0	-1.0	-1.0	-1.0	-1.0	-1.0	-1.0	-1.0	-1.0	-1.0	-1.0	-1.0	-1.0	-1.0	-1.0	-1.0	-1.0	-1.0	-1.0	-1.0	-1.0	-1.0	-1.0	-1.0	-1.0	-1.0	-1.0	-1.0	-1.0	-1.0	-1.0	-1.0	-1.0	-1.0	-1.0	-1.0	-1.0	-1.0	-1.0	-1.0	-1.0	-1.0	-1.0	-1.0	-1.0	-1.0	-1.0	-1.0	-1.0	-1.0	-1.0	-1.0	-1.0	-1.0	-1.0	-1.0	-1.0	-1.0	-1.0
-1.0	-1.0	-1.0	-1.0	-1.0	-1.0	-1.0	-1.0	-1.0	-1.0	-1.0	-1.0	-1.0	-1.0	-1.0	-1.0	-1.0	-1.0	-1.0	-1.0	-1.0	-1.0	-1.0	-1.0	-1.0	-1.0	-1.0	-1.0	-1.0	-1.0	-1.0	-1.0	-1.0	-1.0	-1.0	-1.0	-1.0	-1.0	-1.0	-1.0	-1.0	-1.0	-1.0	-1.0	-1.0	-1.0	-1.0	-1.0	-1.0	-1.0	-1.0	-1.0	-1.0	-1.0	-1.0	-1.0	-1.0	-1.0	-1.0	-1.0	-1.0	-1.0	-1.0	-1.0	-1.0	-1.0	-1.0	-1.0	-1.0	-1.0	-1.0	-1.0	-1.0	-1.0	-1.0	-1.0	-1.0	-1.0	-1.0	-1.0	-1.0	-1.0	-1.0	-1.0	-1.0	-1.0	-1.0	-1.0	-1.0	-1.0	-1.0	-1.0	-1.0	-1.0	-1.0	-1.0	-1.0	-1.0	-1.0	-1.0
-1.0	-1.0	-1.0	-1.0	-1.0	-1.0	-1.0	-1.0	-1.0	-1.0	-1.0	-1.0	-1.0	-1.0	-1.0	-1.0	-1.0	-1.0	-1.0	-1.0	-1.0	-1.0	-1.0	-1.0	-1.0	-1.0	-1.0	-1.0	-1.0	-1.0	-1.0	-1.0	-1.0	-1.0	-1.0	-1.0	-1.0	-1.0	-1.0	-1.0	-1.0	-1.0	-1.0	-1.0	-1.0	-1.0	-1.0	-1.0	-1.0	-1.0	-1.0	-1.0	-1.0	-1.0	-1.0	-1.0	-1.0	-1.0	-1.0	-1.0	-1.0	-1.0	-1.0	-1.0	-1.0	-1.0	-1.0	-1.0	-1.0	-1.0	-1.0	-1.0	-1.0	-1.0	-1.0	-1.0	-1.0	-1.0	-1.0	-1.0	-1.0	-1.0	-1.0	-1.0	-1.0	-1.0	-1.0	-1.0	-1.0	-1.0	-1.0	-1.0	-1.0	-1.0	-1.0	-1.0	-1.0	-1.0	-1.0	-1.0
-1.0	-1.0	-1.0	-1.0	-1.0	-1.0	-1.0	-1.0	-1.0	-1.0	-1.0	-1.0	-1.0	-1.0	-1.0	-1.0	-1.0	-1.0	-1.0	-1.0	-1.0	-1.0	-1.0	-1.0	-1.0	-1.0	-1.0	-1.0	-1.0	-1.0	-1.0	-1.0	-1.0	-1.0	-1.0	-1.0	-1.0	-1.0	-1.0	-1.0	-1.0	-1.0	-1.0	-1.0	-1.0	-1.0	-1.0	-1.0	-1.0	-1.0	-1.0	-1.0	-1.0	-1.0	-1.0	-1.0	-1.0	-1.0	-1.0	-1.0	-1.0	-1.0	-1.0	-1.0	-1.0	-1.0	-1.0	-1.0	-1.0	-1.0	-1.0	-1.0	-1.0	-1.0	-1.0	-1.0	-1.0	-1.0	-1.0	-1.0	-1.0	-1.0	-1.0	-1.0	-1.0	-1.0	-1.0	-1.0	-1.0	-1.0	-1.0	-1.0	-1.0	-1.0	-1.0	-1.0	-1.0	-1.0	-1.0	-1.0
-1.0	-1.0	-1.0	-1.0	-1.0	-1.0	-1.0	-1.0	-1.0	-1.0	-1.0	-1.0	-1.0	-1.0	-1.0	-1.0	-1.0	-1.0	-1.0	-1.0	-1.0	-1.0	-1.0	-1.0	-1.0	-1.0	-1.0	-1.0	-1.0	-1.0	-1.0	-1.0	-1.0	-1.0	-1.0	-1.0	-1.0	-1.0	-1.0	-1.0	-1.0	-1.0	-1.0	-1.0	-1.0	-1.0	-1.0	-1.0	-1.0	-1.0	-1.0	-1.0	-1.0	-1.0	-1.0	-1.0	-1.0	-1.0	-1.0	-1.0	-1.0	-1.0	-1.0	-1.0	-1.0	-1.0	-1.0	-1.0	-1.0	-1.0	-1.0	-1.0	-1.0	-1.0	-1.0	-1.0	-1.0	-1.0	-1.0	-1.0	-1.0	-1.0	-1.0	-1.0	-1.0	-1.0	-1.0	-1.0	-1.0	-1.0	-1.0	-1.0	-1.0	-1.0	-1.0	-1.0	-1.0	-1.0	-1.0	-1.0
-1.0	-1.0	-1.0	-1.0	-1.0	-1.0	-1.0	-1.0	-1.0	-1.0	-1.0	-1.0	-1.0	-1.0	-1.0	-1.0	-1.0	-1.0	-1.0	-1.0	-1.0	-1.0	-1.0	-1.0	-1.0	-1.0	-1.0	-1.0	-1.0	-1.0	-1.0	-1.0	-1.0	-1.0	-1.0	-1.0	-1.0	-1.0	-1.0	-1.0	-1.0	-1.0	-1.0	-1.0	-1.0	-1.0	-1.0	-1.0	-1.0	-1.0	-1.0	-1.0	-1.0	-1.0	-1.0	-1.0	-1.0	-1.0	-1.0	-1.0	-1.0	-1.0	-1.0	-1.0	-1.0	-1.0	-1.0	-1.0	-1.0	-1.0	-1.0	-1.0	-1.0	-1.0	-1.0	-1.0	-1.0	-1.0	-1.0	-1.0	-1.0	-1.0	-1.0	-1.0	-1.0	-1.0	-1.0	-1.0	-1.0	-1.0	-1.0	-1.0	-1.0	-1.0	-1.0	-1.0	-1.0	-1.0	-1.0	-1.0
-1.0	-1.0	-1.0	-1.0	-1.0	-1.0	-1.0	-1.0	-1.0	-1.0	-1.0	-1.0	-1.0	-1.0	-1.0	-1.0	-1.0	-1.0	-1.0	-1.0	-1.0	-1.0	-1.0	-1.0	-1.0	-1.0	-1.0	-1.0	-1.0	-1.0	-1.0	-1.0	-1.0	-1.0	-1.0	-1.0	-1.0	-1.0	-1.0	-1.0	-1.0	-1.0	-1.0	-1.0	-1.0	-1.0	-1.0	-1.0	-1.0	-1.0	-1.0	-1.0	-1.0	-1.0	-1.0	-1.0	-1.0	-1.0	-1.0	-1.0	-1.0	-1.0	-1.0	-1.0	-1.0	-1.0	-1.0	-1.0	-1.0	-1.0	-1.0	-1.0	-1.0	-1.0	-1.0	-1.0	-1.0	-1.0	-1.0	-1.0	-1.0	-1.0	-1.0	-1.0	-1.0	-1.0	-1.0	-1.0	-1.0	-1.0	-1.0	-1.0	-1.0	-1.0	-1.0	-1.0	-1.0	-1.0	-1.0	-1.0
-1.0	-1.0	-1.0	-1.0	-1.0	-1.0	-1.0	-1.0	-1.0	-1.0	-1.0	-1.0	-1.0	-1.0	-1.0	-1.0	-1.0	-1.0	-1.0	-1.0	-1.0	-1.0	-1.0	-1.0	-1.0	-1.0	-1.0	-1.0	-1.0	-1.0	-1.0	-1.0	-1.0	-1.0	-1.0	-1.0	-1.0	-1.0	-1.0	-1.0	-1.0	-1.0	-1.0	-1.0	-1.0	-1.0	-1.0	-1.0	-1.0	-1.0	-1.0	-1.0	-1.0	-1.0	-1.0	-1.0	-1.0	-1.0	-1.0	-1.0	-1.0	-1.0	-1.0	-1.0	-1.0	-1.0	-1.0	-1.0	-1.0	-1.0	-1.0	-1.0	-1.0	-1.0	-1.0	-1.0	-1.0	-1.0	-1.0	-1.0	-1.0	-1.0	-1.0	-1.0	-1.0	-1.0	-1.0	-1.0	-1.0	-1.0	-1.0	-1.0	-1.0	-1.0	-1.0	-1.0	-1.0	-1.0	-1.0	-1.0
-1.0	-1.0	-1.0	-1.0	-1.0	-1.0	-1.0	-1.0	-1.0	-1.0	-1.0	-1.0	-1.0	-1.0	-1.0	-1.0	-1.0	-1.0	-1.0	-1.0	-1.0	-1.0	-1.0	-1.0	-1.0	-1.0	-1.0	-1.0	-1.0	-1.0	-1.0	-1.0	-1.0	-1.0	-1.0	-1.0	-1.0	-1.0	-1.0	-1.0	-1.0	-1.0	-1.0	-1.0	-1.0	-1.0	-1.0	-1.0	-1.0	-1.0	-1.0	-1.0	-1.0	-1.0	-1.0	-1.0	-1.0	-1.0	-1.0	-1.0	-1.0	-1.0	-1.0	-1.0	-1.0	-1.0	-1.0	-1.0	-1.0	-1.0	-1.0	-1.0	-1.0	-1.0	-1.0	-1.0	-1.0	-1.0	-1.0	-1.0	-1.0	-1.0	-1.0	-1.0	-1.0	-1.0	-1.0	-1.0	-1.0	-1.0	-1.0	-1.0	-1.0	-1.0	-1.0	-1.0	-1.0	-1.0	-1.0	-1.0
-1.0	-1.0	-1.0	-1.0	-1.0	-1.0	1.6638266145700102	1.5405555146884091	1.4409465754211095	1.5252133780726695	1.4942241520079533	1.4659485504643461	-1.0	1.4943353344661825	1.3124525673729734	-1.0	1.4668104290166895	-1.0	1.5286321358202155	1.6162548678315083	1.3008838019238684	1.6454871115076892	1.3977012474796768	-1.0	1.2717655987909902	-1.0	-1.0	1.4121150377140625	-1.0	-1.0	-1.0	-1.0	-1.0	-1.0	-1.0	-1.0	-1.0	-1.0	-1.0	-1.0	1.590698755301079	1.6068573816470104	1.427381129047736	1.4357583437965964	1.50492339951904	1.2239773226133446	1.3158900179132946	1.69555087469637	1.3074245366482051	-1.0	-1.0	1.2735227626469776	1.4844629509505927	1.4012494249022456	1.4338078184040004	1.352347925895866	1.3442554392273962	1.2310805527906254	1.3463047236198233	1.4631551950380755	1.4984266630837917	-1.0	-1.0	-1.0	-1.0	-1.0	-1.0	-1.0	-1.0	-1.0	-1.0	-1.0	-1.0	-1.0	-1.0	-1.0	-1.0	-1.0	-1.0	-1.0	-1.0	-1.0	-1.0	-1.0	-1.0	-1.0	-1.0	-1.0	-1.0	-1.0	-1.0	-1.0	-1.0	-1.0	-1.0	-1.0	-1.0	-1.0	1.4208720711693492	1.372239596034499
-1.0	-1.0	-1.0	-1.0	-1.0	-1.0	1.7048412388965628	1.608052560799157	1.4437326783959437	1.5750819832776253	1.4140884506232427	1.3813286232587694	-1.0	1.463155586018732	1.2948227709505415	-1.0	1.727535969685968	-1.0	1.4333468914486798	1.4221487408045865	1.5786275947658115	1.4109927218936855	1.3856461586323503	-1.0	1.5844693879083351	1.3744848767005204	-1.0	1.4795323086083734	-1.0	-1.0	-1.0	-1.0	-1.0	-1.0	-1.0	-1.0	-1.0	-1.0	-1.0	-1.0	1.3683776988447192	1.3876954595764615	1.3001327977639487	1.4184784101802455	1.6009243992532407	1.4746515899646513	1.6739308522560874	1.6281624326265411	1.2508427103269542	-1.0	-1.0	1.3874640354352685	1.2447793278919412	1.3449957582140166	1.5015149678009914	1.264231163851691	1.4933503194342712	1.3805060681614094	1.291464025697823	1.4939162613954668	1.4675136090771528	-1.0	-1.0	-1.0	-1.0	-1.0	-1.0	1.1685642161850531	-1.0	-1.0	-1.0	-1.0	-1.0	-1.0	-1.0	-1.0	-1.0	-1.0	-1.0	-1.0	-1.0	-1.0	-1.0	-1.0	-1.0	-1.0	-1.0	-1.0	-1.0	-1.0	-1.0	-1.0	-1.0	1.3536238190943684	1.4705397731808048	1.3772092241645304	1.4467387941108358	1.405449633320434	1.5441116895548028	1.4604095393907943
-1.0	-1.0	-1.0	-1.0	-1.0	-1.0	1.6986832618172247	1.6031702972542623	1.4996822239231762	1.4868297686754386	-1.0	1.3181377383936603	-1.0	1.7062131381936043	-1.0	-1.0	1.6544550954751498	-1.0	1.508821744318571	1.5127166675819175	1.5522484804523822	1.6256600817769846	-1.0	-1.0	1.4156495314390323	-1.0	-1.0	1.7479001315357832	-1.0	-1.0	-1.0	-1.0	-1.0	-1.0	-1.0	-1.0	-1.0	-1.0	-1.0	-1.0	1.4789737894905706	1.524276158970446	1.6834658975703765	1.5022883784850396	1.7764452093284675	1.5707353059263778	1.6091318447923475	1.82804906825883	1.5924066369743368	-1.0	-1.0	-1.0	-1.0	-1.0	-1.0	-1.0	-1.0	-1.0	-1.0	-1.0	-1.0	-1.0	-1.0	-1.0	-1.0	-1.0	-1.0	-1.0	-1.0	-1.0	-1.0	-1.0	-1.0	-1.0	-1.0	-1.0	-1.0	-1.0	-1.0	-1.0	-1.0	-1.0	-1.0	-1.0	-1.0	-1.0	-1.0	-1.0	-1.0	-1.0	-1.0	-1.0	-1.0	-1.0	-1.0	-1.0	-1.0	-1.0	1.602948361769383	1.719298899762601
-1.0	-1.0	-1.0	-1.0	-1.0	-1.0	1.5430109830031529	1.5872179032209919	1.6650833954269202	1.42669275179684	-1.0	1.4365786615521554	-1.0	1.646741259351899	-1.0	-1.0	1.5917567051091328	-1.0	1.5833631178638286	1.5521699579266965	1.4898239885155575	1.530302878758546	-1.0	-1.0	1.4703556950254935	-1.0	-1.0	1.5498474862423375	-1.0	-1.0	-1.0	-1.0	-1.0	-1.0	-1.0	-1.0	-1.0	-1.0	-1.0	-1.0	1.6410627446897812	1.5793720530791184	1.5509397733117725	1.7549747680363337	1.7131579438552729	1.5339921426598278	1.5522212145107606	1.4984182887431656	1.7124712029059743	-1.0	-1.0	-1.0	-1.0	-1.0	-1.0	-1.0	-1.0	-1.0	-1.0	-1.0	-1.0	-1.0	-1.0	-1.0	-1.0	-1.0	-1.0	-1.0	-1.0	-1.0	-1.0	-1.0	-1.0	-1.0	-1.0	-1.0	-1.0	-1.0	-1.0	-1.0	-1.0	-1.0	-1.0	-1.0	-1.0	-1.0	-1.0	-1.0	-1.0	-1.0	-1.0	-1.0	-1.0	-1.0	-1.0	-1.0	-1.0	-1.0	1.6145477425221957	1.634156906518886
-1.0	-1.0	-1.0	-1.0	-1.0	-1.0	1.616425995527266	1.5671587246457626	1.6909621118246867	1.6114175167640736	-1.0	1.5207743169926957	-1.0	1.39275904218179	-1.0	-1.0	1.5868690176928806	-1.0	1.5025182801890122	1.4982064390128005	1.4564260189267124	1.5032178201365995	-1.0	-1.0	1.6022182363878565	-1.0	-1.0	1.528507670928171	-1.0	-1.0	-1.0	-1.0	-1.0	-1.0	-1.0	-1.0	-1.0	-1.0	-1.0	-1.0	1.5479428506204786	1.505767309398659	1.5740032099771475	1.5200366811397739	1.5378585239266624	1.6431228115882923	1.5228147233781946	1.684781375069344	1.5963603087020775	-1.0	-1.0	-1.0	-1.0	-1.0	-1.0	-1.0	-1.0	-1.0	-1.0	-1.0	-1.0	-1.0	-1.0	-1.0	-1.0	-1.0	-1.0	-1.0	-1.0	-1.0	-1.0	-1.0	-1.0	-1.0	-1.0	-1.0	-1.0	-1.0	-1.0	-1.0	-1.0	-1.0	-1.0	-1.0	-1.0	-1.0	-1.0	-1.0	-1.0	-1.0	-1.0	-1.0	-1.0	-1.0	-1.0	-1.0	-1.0	-1.0	1.5760202754430828	1.4577465592626457
-1.0	-1.0	-1.0	-1.0	-1.0	-1.0	1.4980266229851404	1.6119573226346438	1.3159614750971156	1.402069611868881	1.4819892066775042	1.4690955854332786	-1.0	1.5628026809471594	1.2139102990972022	-1.0	1.697625626710119	-1.0	1.6172544835412175	1.4706106394986291	1.603623331962453	1.5129447877523947	-1.0	-1.0	1.3787264562986807	1.4654306927156135	-1.0	1.4011218074219725	-1.0	-1.0	-1.0	-1.0	-1.0	-1.0	-1.0	-1.0	-1.0	-1.0	-1.0	-1.0	1.5170149254778682	1.6321043778426478	1.4304913810660702	1.4624474259135118	1.6084433153780957	1.2227746926628114	1.3425332124657023	1.5317814718586338	1.6137977541022812	-1.0	-1.0	1.487538922047943	1.5914910500726343	-1.0	-1.0	1.4522980649790804	-1.0	1.2348576850991284	-1.0	-1.0	1.278413447980416	-1.0	-1.0	-1.0	-1.0	-1.0	-1.0	1.346616903787855	-1.0	-1.0	-1.0	-1.0	-1.0	-1.0	-1.0	-1.0	-1.0	-1.0	-1.0	-1.0	-1.0	-1.0	-1.0	-1.0	-1.0	-1.0	-1.0	-1.0	-1.0	-1.0	-1.0	-1.0	-1.0	1.2651598357639497	1.2421874821064136	1.258884228779715	1.4406374415966399	1.2192710107164673	1.3480884819204924	1.5286009113829782
-1.0	-1.0	-1.0	-1.0	-1.0	-1.0	1.4183333097430388	1.545019551979092	1.6536052118259674	1.569779166997069	1.44582003461168	1.5176044978760999	-1.0	1.259013539859923	1.4430120763151306	-1.0	1.601046381185926	-1.0	1.6910974973277066	1.5557917525502172	1.3647074482975652	1.6146929895895745	1.215391120074786	-1.0	1.1410332430244772	-1.0	-1.0	1.2830439178502602	-1.0	-1.0	-1.0	-1.0	-1.0	-1.0	-1.0	-1.0	-1.0	-1.0	-1.0	-1.0	1.3405312020286817	1.452175770962733	1.5364726562560564	1.2829181116590045	1.6577734659865933	1.5741392855351053	1.4278916532857526	1.6520635910107118	1.4258852916421392	-1.0	-1.0	1.4125569830338598	1.4298649045182417	1.6780791615413821	1.268035139990574	1.5552615149553801	1.426077390766587	1.5093215042477997	1.3020220643156417	1.4666270833582469	1.2783405453904304	-1.0	-1.0	-1.0	-1.0	-1.0	-1.0	-1.0	-1.0	-1.0	-1.0	-1.0	-1.0	-1.0	-1.0	-1.0	-1.0	-1.0	-1.0	-1.0	-1.0	-1.0	-1.0	-1.0	-1.0	-1.0	-1.0	-1.0	-1.0	-1.0	-1.0	-1.0	-1.0	-1.0	-1.0	-1.0	-1.0	-1.0	1.496666353680702	1.2945096384134835
-1.0	-1.0	-1.0	-1.0	-1.0	-1.0	1.4206626932427373	1.6893887182968685	1.3512640656312025	1.5838438573129794	1.2312888879268629	1.2962580870194105	-1.0	1.3137651114630367	1.3056363145869794	-1.0	1.655290852773006	-1.0	1.6007567338172475	1.534613606932846	1.3626687338206835	1.3937142833174476	1.4282260294525766	-1.0	1.4200878640162782	1.3707367108257353	-1.0	1.494450426277207	-1.0	-1.0	-1.0	-1.0	-1.0	-1.0	-1.0	-1.0	-1.0	-1.0	-1.0	-1.0	1.3976108052660379	1.6468538774101507	1.31647966095733	1.2216751110487767	1.600434433581423	1.43136721206332	1.3881348059170744	1.6529707499164648	1.3602457226425488	-1.0	-1.0	1.2179115189398155	1.2619561531535557	1.4594905103179925	1.3378012198590032	1.3513333276746768	1.507541099982144	1.273583501203864	1.3072078637624571	1.4930673913269574	1.3183763199995768	-1.0	-1.0	-1.0	-1.0	-1.0	-1.0	1.551934857236003	-1.0	-1.0	-1.0	-1.0	-1.0	-1.0	-1.0	-1.0	-1.0	-1.0	-1.0	-1.0	-1.0	-1.0	-1.0	-1.0	-1.0	-1.0	-1.0	-1.0	-1.0	-1.0	-1.0	-1.0	-1.0	1.2750547360433622	1.3322921102936487	1.2779760521251362	1.465938423709522	1.5606227028081268	1.1778782268989212	1.2614542477380055
-1.0	-1.0	-1.0	-1.0	-1.0	-1.0	-1.0	-1.0	-1.0	-1.0	-1.0	-1.0	-1.0	-1.0	-1.0	-1.0	-1.0	-1.0	-1.0	-1.0	-1.0	-1.0	-1.0	-1.0	-1.0	-1.0	-1.0	-1.0	-1.0	-1.0	-1.0	-1.0	-1.0	-1.0	-1.0	-1.0	-1.0	-1.0	-1.0	-1.0	-1.0	-1.0	-1.0	-1.0	-1.0	-1.0	-1.0	-1.0	-1.0	-1.0	-1.0	-1.0	-1.0	-1.0	-1.0	-1.0	-1.0	-1.0	-1.0	-1.0	-1.0	-1.0	-1.0	-1.0	-1.0	-1.0	-1.0	-1.0	-1.0	-1.0	-1.0	-1.0	-1.0	-1.0	-1.0	-1.0	-1.0	-1.0	-1.0	-1.0	-1.0	-1.0	-1.0	-1.0	-1.0	-1.0	-1.0	-1.0	-1.0	-1.0	-1.0	-1.0	-1.0	-1.0	-1.0	-1.0	-1.0	-1.0	-1.0	-1.0
-1.0	-1.0	-1.0	-1.0	-1.0	-1.0	-1.0	-1.0	-1.0	-1.0	-1.0	-1.0	-1.0	-1.0	-1.0	-1.0	-1.0	-1.0	-1.0	-1.0	-1.0	-1.0	-1.0	-1.0	-1.0	-1.0	-1.0	-1.0	-1.0	-1.0	-1.0	-1.0	-1.0	-1.0	-1.0	-1.0	-1.0	-1.0	-1.0	-1.0	-1.0	-1.0	-1.0	-1.0	-1.0	-1.0	-1.0	-1.0	-1.0	-1.0	-1.0	-1.0	-1.0	-1.0	-1.0	-1.0	-1.0	-1.0	-1.0	-1.0	-1.0	-1.0	-1.0	-1.0	-1.0	-1.0	-1.0	-1.0	-1.0	-1.0	-1.0	-1.0	-1.0	-1.0	-1.0	-1.0	-1.0	-1.0	-1.0	-1.0	-1.0	-1.0	-1.0	-1.0	-1.0	-1.0	-1.0	-1.0	-1.0	-1.0	-1.0	-1.0	-1.0	-1.0	-1.0	-1.0	-1.0	-1.0	-1.0	-1.0
-1.0	-1.0	-1.0	-1.0	-1.0	-1.0	-1.0	-1.0	-1.0	-1.0	-1.0	-1.0	-1.0	-1.0	-1.0	-1.0	-1.0	-1.0	-1.0	-1.0	-1.0	-1.0	-1.0	-1.0	-1.0	-1.0	-1.0	-1.0	-1.0	-1.0	-1.0	-1.0	-1.0	-1.0	-1.0	-1.0	-1.0	-1.0	-1.0	-1.0	-1.0	-1.0	-1.0	-1.0	-1.0	-1.0	-1.0	-1.0	-1.0	-1.0	-1.0	-1.0	-1.0	-1.0	-1.0	-1.0	-1.0	-1.0	-1.0	-1.0	-1.0	-1.0	-1.0	-1.0	-1.0	-1.0	-1.0	-1.0	-1.0	-1.0	-1.0	-1.0	-1.0	-1.0	-1.0	-1.0	-1.0	-1.0	-1.0	-1.0	-1.0	-1.0	-1.0	-1.0	-1.0	-1.0	-1.0	-1.0	-1.0	-1.0	-1.0	-1.0	-1.0	-1.0	-1.0	-1.0	-1.0	-1.0	-1.0	-1.0
-1.0	-1.0	-1.0	-1.0	-1.0	-1.0	-1.0	-1.0	-1.0	-1.0	-1.0	-1.0	-1.0	-1.0	-1.0	-1.0	-1.0	-1.0	-1.0	-1.0	-1.0	-1.0	-1.0	-1.0	-1.0	-1.0	-1.0	-1.0	-1.0	-1.0	-1.0	-1.0	-1.0	-1.0	-1.0	-1.0	-1.0	-1.0	-1.0	-1.0	-1.0	-1.0	-1.0	-1.0	-1.0	-1.0	-1.0	-1.0	-1.0	-1.0	-1.0	-1.0	-1.0	-1.0	-1.0	-1.0	-1.0	-1.0	-1.0	-1.0	-1.0	-1.0	-1.0	-1.0	-1.0	-1.0	-1.0	-1.0	-1.0	-1.0	-1.0	-1.0	-1.0	-1.0	-1.0	-1.0	-1.0	-1.0	-1.0	-1.0	-1.0	-1.0	-1.0	-1.0	-1.0	-1.0	-1.0	-1.0	-1.0	-1.0	-1.0	-1.0	-1.0	-1.0	-1.0	-1.0	-1.0	-1.0	-1.0	-1.0
-1.0	-1.0	-1.0	-1.0	-1.0	-1.0	-1.0	-1.0	-1.0	-1.0	-1.0	-1.0	-1.0	-1.0	-1.0	-1.0	-1.0	-1.0	-1.0	-1.0	-1.0	-1.0	-1.0	-1.0	-1.0	-1.0	-1.0	-1.0	-1.0	-1.0	-1.0	-1.0	-1.0	-1.0	-1.0	-1.0	-1.0	-1.0	-1.0	-1.0	-1.0	-1.0	-1.0	-1.0	-1.0	-1.0	-1.0	-1.0	-1.0	-1.0	-1.0	-1.0	-1.0	-1.0	-1.0	-1.0	-1.0	-1.0	-1.0	-1.0	-1.0	-1.0	-1.0	-1.0	-1.0	-1.0	-1.0	-1.0	-1.0	-1.0	-1.0	-1.0	-1.0	-1.0	-1.0	-1.0	-1.0	-1.0	-1.0	-1.0	-1.0	-1.0	-1.0	-1.0	-1.0	-1.0	-1.0	-1.0	-1.0	-1.0	-1.0	-1.0	-1.0	-1.0	-1.0	-1.0	-1.0	-1.0	-1.0	-1.0
-1.0	-1.0	-1.0	-1.0	-1.0	-1.0	-1.0	-1.0	-1.0	-1.0	-1.0	-1.0	-1.0	-1.0	-1.0	-1.0	-1.0	-1.0	-1.0	-1.0	-1.0	-1.0	-1.0	-1.0	-1.0	-1.0	-1.0	-1.0	-1.0	-1.0	-1.0	-1.0	-1.0	-1.0	-1.0	-1.0	-1.0	-1.0	-1.0	-1.0	-1.0	-1.0	-1.0	-1.0	-1.0	-1.0	-1.0	-1.0	-1.0	-1.0	-1.0	-1.0	-1.0	-1.0	-1.0	-1.0	-1.0	-1.0	-1.0	-1.0	-1.0	-1.0	-1.0	-1.0	-1.0	-1.0	-1.0	-1.0	-1.0	-1.0	-1.0	-1.0	-1.0	-1.0	-1.0	-1.0	-1.0	-1.0	-1.0	-1.0	-1.0	-1.0	-1.0	-1.0	-1.0	-1.0	-1.0	-1.0	-1.0	-1.0	-1.0	-1.0	-1.0	-1.0	-1.0	-1.0	-1.0	-1.0	-1.0	-1.0
-1.0	-1.0	-1.0	-1.0	-1.0	-1.0	-1.0	-1.0	-1.0	-1.0	-1.0	-1.0	-1.0	-1.0	-1.0	-1.0	-1.0	-1.0	-1.0	-1.0	-1.0	-1.0	-1.0	-1.0	-1.0	-1.0	-1.0	-1.0	-1.0	-1.0	-1.0	-1.0	-1.0	-1.0	-1.0	-1.0	-1.0	-1.0	-1.0	-1.0	-1.0	-1.0	-1.0	-1.0	-1.0	-1.0	-1.0	-1.0	-1.0	-1.0	-1.0	-1.0	-1.0	-1.0	-1.0	-1.0	-1.0	-1.0	-1.0	-1.0	-1.0	-1.0	-1.0	-1.0	-1.0	-1.0	-1.0	-1.0	-1.0	-1.0	-1.0	-1.0	-1.0	-1.0	-1.0	-1.0	-1.0	-1.0	-1.0	-1.0	-1.0	-1.0	-1.0	-1.0	-1.0	-1.0	-1.0	-1.0	-1.0	-1.0	-1.0	-1.0	-1.0	-1.0	-1.0	-1.0	-1.0	-1.0	-1.0	-1.0
-1.0	-1.0	-1.0	-1.0	-1.0	-1.0	-1.0	-1.0	1.511698643519632	-1.0	1.4853378483960913	1.3443341351863163	-1.0	-1.0	1.315974746891076	-1.0	-1.0	-1.0	-1.0	-1.0	-1.0	1.2417032929296148	-1.0	-1.0	1.4981321967461798	1.4368159246182572	-1.0	1.387476700532413	-1.0	-1.0	-1.0	-1.0	-1.0	-1.0	-1.0	-1.0	-1.0	-1.0	-1.0	-1.0	1.4129525113898989	-1.0	-1.0	1.457460556599528	-1.0	1.3902790726872631	1.4027483985414946	-1.0	-1.0	-1.0	-1.0	1.3938444168854913	1.279919995746345	-1.0	-1.0	1.3215011284033127	-1.0	1.2566145549367682	-1.0	-1.0	1.317193972291938	-1.0	-1.0	-1.0	-1.0	-1.0	-1.0	1.3912699502841384	-1.0	-1.0	-1.0	-1.0	-1.0	-1.0	-1.0	-1.0	-1.0	-1.0	-1.0	-1.0	-1.0	-1.0	-1.0	-1.0	-1.0	-1.0	-1.0	-1.0	-1.0	-1.0	-1.0	-1.0	-1.0	1.262117608608942	1.360929301657184	1.3932937310196296	1.2839171528707984	1.3499030169758586	1.3506567332962927	-1.0
-1.0	-1.0	-1.0	-1.0	-1.0	-1.0	-1.0	-1.0	-1.0	-1.0	-1.0	-1.0	-1.0	-1.0	-1.0	-1.0	-1.0	-1.0	-1.0	-1.0	-1.0	-1.0	-1.0	-1.0	-1.0	-1.0	-1.0	-1.0	-1.0	-1.0	-1.0	-1.0	-1.0	-1.0	-1.0	-1.0	-1.0	-1.0	-1.0	-1.0	-1.0	-1.0	-1.0	-1.0	-1.0	-1.0	-1.0	-1.0	-1.0	-1.0	-1.0	-1.0	-1.0	-1.0	-1.0	-1.0	-1.0	-1.0	-1.0	-1.0	-1.0	-1.0	-1.0	-1.0	-1.0	-1.0	-1.0	-1.0	-1.0	-1.0	-1.0	-1.0	-1.0	-1.0	-1.0	-1.0	-1.0	-1.0	-1.0	-1.0	-1.0	-1.0	-1.0	-1.0	-1.0	-1.0	-1.0	-1.0	-1.0	-1.0	-1.0	-1.0	-1.0	-1.0	-1.0	-1.0	-1.0	-1.0	-1.0	-1.0
-1.0	-1.0	-1.0	-1.0	-1.0	-1.0	-1.0	-1.0	-1.0	-1.0	-1.0	-1.0	-1.0	-1.0	-1.0	-1.0	-1.0	-1.0	-1.0	-1.0	-1.0	-1.0	-1.0	-1.0	-1.0	-1.0	-1.0	-1.0	-1.0	-1.0	-1.0	-1.0	-1.0	-1.0	-1.0	-1.0	-1.0	-1.0	-1.0	-1.0	-1.0	-1.0	-1.0	-1.0	-1.0	-1.0	-1.0	-1.0	-1.0	-1.0	-1.0	-1.0	-1.0	-1.0	-1.0	-1.0	-1.0	-1.0	-1.0	-1.0	-1.0	-1.0	-1.0	-1.0	-1.0	-1.0	-1.0	-1.0	-1.0	-1.0	-1.0	-1.0	-1.0	-1.0	-1.0	-1.0	-1.0	-1.0	-1.0	-1.0	-1.0	-1.0	-1.0	-1.0	-1.0	-1.0	-1.0	-1.0	-1.0	-1.0	-1.0	-1.0	-1.0	-1.0	-1.0	-1.0	-1.0	-1.0	-1.0	-1.0
-1.0	-1.0	-1.0	-1.0	-1.0	-1.0	-1.0	-1.0	-1.0	-1.0	-1.0	-1.0	-1.0	-1.0	-1.0	-1.0	-1.0	-1.0	-1.0	-1.0	-1.0	-1.0	-1.0	-1.0	-1.0	-1.0	-1.0	-1.0	-1.0	-1.0	-1.0	-1.0	-1.0	-1.0	-1.0	-1.0	-1.0	-1.0	-1.0	-1.0	-1.0	-1.0	-1.0	-1.0	-1.0	-1.0	-1.0	-1.0	-1.0	-1.0	-1.0	-1.0	-1.0	-1.0	-1.0	-1.0	-1.0	-1.0	-1.0	-1.0	-1.0	-1.0	-1.0	-1.0	-1.0	-1.0	-1.0	-1.0	-1.0	-1.0	-1.0	-1.0	-1.0	-1.0	-1.0	-1.0	-1.0	-1.0	-1.0	-1.0	-1.0	-1.0	-1.0	-1.0	-1.0	-1.0	-1.0	-1.0	-1.0	-1.0	-1.0	-1.0	-1.0	-1.0	-1.0	-1.0	-1.0	-1.0	-1.0	-1.0
