100
100
-1.0	-1.0	-1.0	-1.0	-1.0	-1.0	-1.0	-1.0	-1.0	-1.0	-1.0	-1.0	-1.0	-1.0	-1.0	-1.0	-1.0	-1.0	-1.0	-1.0	-1.0	-1.0	-1.0	-1.0	-1.0	-1.0	-1.0	-1.0	-1.0	-1.0	-1.0	-1.0	-1.0	-1.0	-1.0	-1.0	-1.0	-1.0	-1.0	-1.0	-1.0	-1.0	-1.0	-1.0	-1.0	-1.0	-1.0	-1.0	-1.0	-1.0	-1.0	-1.0	-1.0	-1.0	-1.0	-1.0	-1.0	-1.0	-1.0	-1.0	-1.0	-1.0	-1.0	-1.0	-1.0	-1.0	-1.0	-1.0	-1.0	-1.0	-1.0	-1.0	-1.0	-1.0	-1.0	-1.0	-1.0	-1.0	-1.0	-1.0	-1.0	-1.0	-1.0	-1.0	-1.0	-1.0	-1.0	-1.0	-1.0	-1.0	-1.0	-1.0	-1.0	-1.0	-1.0	-1.0	-1.0	-1.0	-1.0	-1.0
-1.0	-1.0	-1.0	-1.0	-1.0	-1.0	-1.0	-1.0	-1.0	-1.0	-1.0	-1.0	-1.0	-1.0	-1.0	-1.0	-1.0	-1.0	-1.0	-1.0	-1.0	-1.0	-1.0	-1.0	-1.0	-1.0	-1.0	-1.0	-1.0	-1.0	-1.0	-1.0	-1.0	-1.0	-1.0	-1.0	-1.0	-1.0	-1.0	-1.0	-1.0	-1.0	-1.0	-1.0	-1.0	-1.0	-1.0	-1.0	-1.0	-1.0	-1.0	-1.0	-1.0	-1.0	-1.0	-1.0	-1.0	-1.0	-1.0	-1.0	-1.0	-1.0	-1.0	-1.0	-1.0	-1.0	-1.0	-1.0	-1.0	-1.0	-1.0	-1.0	-1.0	-1.0	-1.0	-1.0	-1.0	-1.0	-1.0	-1.0	-1.0	-1.0	-1.0	-1.0	-1.0	-1.0	-1.0	-1.0	-1.0	-1.0	-1.0	-1.0	-1.0	-1.0	-1.0	-1.0	-1.0	-1.0	-1.0	-1.0
-1.0	-1.0	-1.0	-1.0	-1.0	-1.0	-1.0	-1.0	-1.0	-1.0	-1.0	-1.0	-1.0	-1.0	-1.0	-1.0	-1.0	-1.0	-1.0	-1.0	-1.0	-1.0	-1.0	-1.0	-1.0	-1.0	-1.0	-1.0	-1.0	-1.0	-1.0	-1.0	-1.0	-1.0	-1.0	-1.0	-1.0	-1.0	-1.0	-1.0	-1.0	-1.0	-1.0	-1.0	-1.0	-1.0	-1.0	-1.0	-1.0	-1.0	-1.0	-1.0	-1.0	-1.0	-1.0	-1.0	-1.0	-1.0	-1.0	-1.0	-1.0	-1.0	-1.0	-1.0	-1.0	-1.0	-1.0	-1.0	-1.0	-1.0	-1.0	-1.0	-1.0	-1.0	-1.0	-1.0	-1.0	-1.0	-1.0	-1.0	-1.0	-1.0	-1.0	-1.0	-1.0	-1.0	-1.0	-1.0	-1.0	-1.0	-1.0	-1.0	-1.0	-1.0	-1.0	-1.0	-1.0	-1.0	-1.0	-1.0
-1.0	-1.0	-1.0	-1.0	-1.0	-1.0	-1.0	-1.0	-1.0	-1.0	-1.0	-1.0	-1.0	-1.0	-1.0	-1.0	-1.0	-1.0	-1.0	-1.0	-1.0	-1.0	-1.0	-1.0	-1.0	-1.0	-1.0	-1.0	-1.0	-1.0	-1.0	-1.0	-1.0	-1.0	-1.0	-1.0	-1.0	-1.0	-1.0	-1.0	-1.0	-1.0	-1.0	-1.0	-1.0	-1.0	-1.0	-1.0	-1.0	-1.0	-1.0	-1.0	-1.0	-1.0	-1.0	-1.0	-1.0	-1.0	-1.0	-1.0	-1.0	-1.0	-1.0	-1.0	-1.0	-1.0	-1.0	-1.0	-1.0	-1.0	-1.0	-1.0	-1.0	-1.0	-1.0	-1.0	-1.0	-1.0	-1.0	-1.0	-1.0	-1.0	-1.0	-1.0	-1.0	-1.0	-1.0	-1.0	-1.0	-1.0	-1.0	-1.0	-1.0	-1.0	-1.0	-1.0	-1.0	-1.0	-1.0	-1.0
-1.0	-1.0	-1.0	-1.0	-1.0	-1.0	-1.0	-1.0	-1.0	-1.0	-1.0	-1.0	-1.0	-1.0	-1.0	-1.0	-1.0	-1.0	-1.0	-1.0	-1.0	-1.0	-1.0	-1.0	-1.0	-1.0	-1.0	-1.0	-1.0	-1.0	-1.0	-1.0	-1.0	-1.0	-1.0	-1.0	-1.0	-1.0	-1.0	-1.0	-1.0	-1.0	-1.0	-1.0	-1.0	-1.0	-1.0	-1.0	-1.0	-1.0	-1.0	-1.0	-1.0	-1.0	-1.0	-1.0	-1.0	-1.0	-1.0	-1.0	-1.0	-1.0	-1.0	-1.0	-1.0	-1.0	-1.0	-1.0	-1.0	-1.0	-1.0	-1.0	-1.0	-1.0	-1.0	-1.0	-1.0	-1.0	-1.0	-1.0	-1.0	-1.0	-1.0	-1.0	-1.0	-1.0	-1.0	-1.0	-1.0	-1.0	-1.0	-1.0	-1.0	-1.0	-1.0	-1.0	-1.0	-1.0	-1.0	-1.0
-1.0	-1.0	-1.0	-1.0	-1.0	-1.0	-1.0	-1.0	-1.0	-1.0	-1.0	-1.0	-1.0	-1.0	-1.0	-1.0	-1.0	-1.0	-1.0	-1.0	-1.0	-1.0	-1.0	-1.0	-1.0	-1.0	-1.0	-1.0	-1.0	-1.0	-1.0	-1.0	-1.0	-1.0	-1.0	-1.0	-1.0	-1.0	-1.0	-1.0	-1.0	-1.0	-1.0	-1.0	-1.0	-1.0	-1.0	-1.0	-1.0	-1.0	-1.0	-1.0	-1.0	-1.0	-1.0	-1.0	-1.0	-1.0	-1.0	-1.0	-1.0	-1.0	-1.0	-1.0	-1.0	-1.0	-1.0	-1.0	-1.0	-1.0	-1.0	-1.0	-1.0	-1.0	-1.0	-1.0	-1.0	-1.0	-1.0	-1.0	-1.0	-1.0	-1.0	-1.0	-1.0	-1.0	-1.0	-1.0	-1.0	-1.0	-1.0	-1.0	-1.0	-1.0	-1.0	-1.0	-1.0	-1.0	-1.0	-1.0
-1.0	-1.0	-1.0	-1.0	-1.0	-1.0	-1.0	-1.0	-1.0	-1.0	-1.0	-1.0	-1.0	-1.0	-1.0	-1.0	-1.0	-1.0	-1.0	-1.0	-1.0	-1.0	-1.0	-1.0	-1.0	-1.0	-1.0	-1.0	-1.0	-1.0	-1.0	-1.0	-1.0	-1.0	-1.0	-1.0	-1.0	-1.0	-1.0	-1.0	-1.0	-1.0	-1.0	-1.0	-1.0	-1.0	-1.0	-1.0	-1.0	-1.0	-1.0	-1.0	-1.0	-1.0	-1.0	-1.0	-1.0	-1.0	-1.0	-1.0	-1.0	-1.0	-1.0	-1.0	-1.0	-1.0	-1.0	-1.0	-1.0	-1.0	-1.0	-1.0	-1.0	-1.0	-1.0	-1.0	-1.0	-1.0	-1.0	-1.0	-1.0	-1.0	-1.0	-1.0	-1.0	-1.0	-1.0	-1.0	-1.0	-1.0	-1.0	-1.0	-1.0	-1.0	-1.0	-1.0	-1.0	-1.0	-1.0	-1.0
-1.0	-1.0	-1.0	-1.0	-1.0	-1.0	-1.0	-1.0	-1.0	-1.0	-1.0	-1.0	-1.0	-1.0	-1.0	-1.0	-1.0	-1.0	-1.0	-1.0	-1.0	-1.0	-1.0	-1.0	-1.0	-1.0	-1.0	-1.0	-1.0	-1.0	-1.0	-1.0	-1.0	-1.0	-1.0	-1.0	-1.0	-1.0	-1.0	-1.0	-1.0	-1.0	-1.0	-1.0	-1.0	-1.0	-1.0	-1.0	-1.0	-1.0	-1.0	-1.0	-1.0	-1.0	1.4718465384012986	1.4367168195044402	1.4989704764968377	1.4365758657832197	1.6694217367231938	1.446255592192597	1.481817766931204	1.715122083785226	1.38606123918229	1.381574348785984	1.4700469576210538	1.3104783574736898	1.4365856295717252	1.5001965287135297	1.503927036484085	1.2976253071173258	1.3683226545825007	1.5002528125262111	1.4539806331402418	1.4699978790051358	1.5678765014961298	1.6580160761983374	1.5793166869790458	1.6194604322198582	1.5405305105600022	1.4283620861830848	1.2882434797441684	1.6312347590496694	1.4199408406776972	1.4579336487445973	1.5829592816451394	1.6808740061382643	1.417604642005334	1.6418895712219603	1.7058657630069178	-1.0	-1.0	-1.0	-1.0	-1.0	-1.0	-1.0	-1.0	-1.0	-1.0	-1.0
-1.0	-1.0	-1.0	-1.0	-1.0	-1.0	-1.0	-1.0	-1.0	-1.0	-1.0	-1.0	-1.0	-1.0	-1.0	-1.0	-1.0	-1.0	-1.0	-1.0	-1.0	-1.0	-1.0	-1.0	-1.0	-1.0	-1.0	-1.0	-1.0	-1.0	-1.0	-1.0	-1.0	-1.0	-1.0	-1.0	-1.0	-1.0	-1.0	-1.0	-1.0	-1.0	-1.0	-1.0	-1.0	-1.0	-1.0	-1.0	-1.0	-1.0	-1.0	-1.0	-1.0	-1.0	1.470860054178887	1.5669176228211688	1.7509724317609758	1.4936257952893335	1.4715363895281584	1.5977188511967166	1.5454822060235878	1.4257262432932474	1.466740866345108	1.768737058016734	1.5319398555074575	1.6996521268114342	1.6024873033852653	1.3459516970214946	1.528940055523756	1.5817374591865654	1.3815334472712637	1.4381481535097442	1.6091216103811077	1.5473919417753679	1.5998742631751874	1.619440154704282	1.5384342676209486	1.6550284971607148	1.4326444521808777	1.6096983853473839	1.560016329802938	1.4129423728849584	1.5722202414694695	1.334821742266129	1.5129044181014188	1.5725593869382364	1.6599842469706136	1.5141068854659845	1.510424758475459	-1.0	-1.0	-1.0	-1.0	-1.0	-1.0	-1.0	-1.0	-1.0	-1.0	-1.0
-1.0	-1.0	-1.0	-1.0	-1.0	-1.0	-1.0	-1.0	-1.0	-1.0	-1.0	-1.0	-1.0	-1.0	-1.0	-1.0	-1.0	-1.0	-1.0	-1.0	-1.0	-1.0	-1.0	-1.0	-1.0	-1.0	-1.0	-1.0	-1.0	-1.0	-1.0	-1.0	-1.0	-1.0	-1.0	-1.0	-1.0	-1.0	-1.0	-1.0	-1.0	-1.0	-1.0	-1.0	-1.0	-1.0	-1.0	-1.0	-1.0	-1.0	-1.0	-1.0	-1.0	-1.0	1.5541241660060425	1.5659512733895067	1.3779945811471392	1.3928337133685915	1.665706588379784	1.395985249303862	1.3924031692045613	1.4836600292682554	1.481453501725821	1.453021202581276	1.4714900338069192	1.5303057603268626	1.478162864226769	1.6081766420038517	1.591128802315993	1.5067241237872795	1.4900864755150898	1.5275974733627162	1.636831107264345	1.5702011582400246	1.422448893045593	1.4592744126305894	1.6384241614637736	1.5166912530677192	1.3813977186809963	1.3797245126285025	1.643654921162285	1.6487528465205803	1.6639591020286064	1.677605150690304	1.5358266583987428	1.35111044114887	1.5441372781072702	1.5016994169585947	1.6149503014037396	-1.0	-1.0	-1.0	-1.0	-1.0	-1.0	-1.0	-1.0	-1.0	-1.0	-1.0
-1.0	-1.0	-1.0	-1.0	-1.0	-1.0	-1.0	-1.0	-1.0	-1.0	-1.0	-1.0	-1.0	-1.0	-1.0	-1.0	-1.0	-1.0	-1.0	-1.0	-1.0	-1.0	-1.0	-1.0	-1.0	-1.0	-1.0	-1.0	-1.0	-1.0	-1.0	-1.0	-1.0	-1.0	-1.0	-1.0	-1.0	-1.0	-1.0	-1.0	-1.0	-1.0	-1.0	-1.0	-1.0	-1.0	-1.0	-1.0	-1.0	-1.0	-1.0	-1.0	-1.0	-1.0	1.5774723397267723	1.7267901172055895	1.6128996779733036	1.5574398907549087	1.5901518912823291	1.5176213029709225	1.4777705510828187	1.5847655102642475	1.4536028493826765	1.3395029913434695	1.482794214383735	1.5938847986049884	1.5589098706475222	1.4101285560181698	1.6318003408957313	1.4977340101245464	1.6260807270050774	1.5602263152306803	1.6537167072497911	1.3988907833661104	1.5956821380885946	1.6528157237760586	1.5299121506111373	1.5946306530772756	1.4996336222362543	1.5394097462026997	1.6964955845544667	1.5972737223933526	1.620255265420121	1.4737686795013327	1.5577043234535068	1.4388704496934077	1.6818994690736138	1.4739939923758423	1.4691283471969887	-1.0	-1.0	-1.0	-1.0	-1.0	-1.0	-1.0	-1.0	-1.0	-1.0	-1.0
-1.0	-1.0	-1.0	-1.0	-1.0	-1.0	-1.0	-1.0	-1.0	-1.0	-1.0	-1.0	-1.0	-1.0	-1.0	-1.0	-1.0	-1.0	-1.0	-1.0	-1.0	-1.0	-1.0	-1.0	-1.0	-1.0	-1.0	-1.0	-1.0	-1.0	-1.0	-1.0	-1.0	-1.0	-1.0	-1.0	-1.0	-1.0	-1.0	-1.0	-1.0	-1.0	-1.0	-1.0	-1.0	-1.0	-1.0	-1.0	-1.0	-1.0	-1.0	-1.0	-1.0	-1.0	1.2506377270785034	1.3485068281288026	1.6138718665269969	1.660087701234282	1.5765733473569887	1.582854859490016	1.6203075666053766	1.616074599492946	1.4368043171221254	1.3942711486042774	1.4116053578025998	1.4507859692494127	1.5538817749224054	1.5980201283370976	1.7145171064207279	1.7371424283102646	1.6874037740785188	1.6318991802499851	1.3781256027259579	1.6566845549015514	1.3040170964170192	1.615451947559663	1.5122908529302574	1.3529391741074406	1.6681784034597205	1.5706510137871141	1.6596804697423955	1.5500870692831965	1.4817890383663783	1.561093546791816	1.4400827667757732	1.5391673152135426	1.3885824195023049	1.5490241885910658	1.6090543229231846	-1.0	-1.0	-1.0	-1.0	-1.0	-1.0	-1.0	-1.0	-1.0	-1.0	-1.0
-1.0	-1.0	-1.0	-1.0	-1.0	-1.0	-1.0	-1.0	-1.0	-1.0	-1.0	-1.0	-1.0	-1.0	-1.0	-1.0	-1.0	-1.0	-1.0	-1.0	-1.0	-1.0	-1.0	-1.0	-1.0	-1.0	-1.0	-1.0	-1.0	-1.0	-1.0	-1.0	-1.0	-1.0	-1.0	-1.0	-1.0	-1.0	-1.0	-1.0	-1.0	-1.0	-1.0	-1.0	-1.0	-1.0	-1.0	-1.0	-1.0	-1.0	-1.0	-1.0	-1.0	-1.0	1.599942896076337	1.330878070583812	1.6286124107334365	1.5987049683617403	1.4948775983692635	1.4531489563911257	1.6091112500298306	1.4244448768092584	1.7447224740226113	1.565326564546788	1.4771582652554685	1.61834333145176	1.3581578789719817	1.5937430909993855	1.4472141508347478	1.6786910331022262	1.5404166879738737	1.588221753860774	1.6713971330781163	1.6222522874542724	1.6105832959227449	1.6364696264502263	1.5987526976695177	1.5285797643993086	1.5597181363510522	1.6222874657067208	1.3892274700545046	1.469188603834118	1.4513168079827272	1.4192124989959602	1.5994331523152718	1.5492127084816072	1.6747408617238928	1.5714290377733562	1.5619996951896007	-1.0	-1.0	-1.0	-1.0	-1.0	-1.0	-1.0	-1.0	-1.0	-1.0	-1.0
-1.0	-1.0	-1.0	-1.0	-1.0	-1.0	-1.0	-1.0	-1.0	-1.0	-1.0	-1.0	-1.0	-1.0	-1.0	-1.0	-1.0	-1.0	-1.0	-1.0	-1.0	-1.0	-1.0	-1.0	-1.0	-1.0	-1.0	-1.0	-1.0	-1.0	-1.0	-1.0	-1.0	-1.0	-1.0	-1.0	-1.0	-1.0	-1.0	-1.0	-1.0	-1.0	-1.0	-1.0	-1.0	-1.0	-1.0	-1.0	-1.0	-1.0	-1.0	-1.0	-1.0	-1.0	1.486209297593135	1.6373996676902922	1.3952624994166898	1.4361207205717197	1.4304755807962863	1.4773226060683355	1.6083180207579981	1.4350669678995875	1.455150913148471	1.5309860473759955	1.5237834502649303	1.492890110683707	1.573753462807159	1.385187618220697	1.7193811236594447	1.5225622308670343	1.372786867814645	1.5127302830472722	1.460618150677344	1.5794223224260462	1.6160589432931753	1.4818133929160733	1.5225444165041493	1.5126745519596696	1.6837760336338559	1.632447840267883	1.4196696071899524	1.3975817223813496	1.4794857648852895	1.4884192556672584	1.4048689732340693	1.5320714100828576	1.2652742076132653	1.4011298299205983	1.3782123791898118	-1.0	-1.0	-1.0	-1.0	-1.0	-1.0	-1.0	-1.0	-1.0	-1.0	-1.0
-1.0	-1.0	-1.0	-1.0	-1.0	-1.0	-1.0	-1.0	-1.0	-1.0	-1.0	-1.0	-1.0	-1.0	-1.0	-1.0	-1.0	-1.0	-1.0	-1.0	-1.0	-1.0	-1.0	-1.0	-1.0	-1.0	-1.0	-1.0	-1.0	-1.0	-1.0	-1.0	-1.0	-1.0	-1.0	-1.0	-1.0	-1.0	-1.0	-1.0	-1.0	-1.0	-1.0	-1.0	-1.0	-1.0	-1.0	-1.0	-1.0	-1.0	-1.0	-1.0	-1.0	-1.0	1.5761229464243243	1.4992850791488987	1.4866548267495219	1.6266444635378312	1.5047825173979543	1.7217774363700533	1.4744882438426246	1.4838950295458702	1.653775975853051	1.4356880872545716	1.3953300853907222	1.5178381003693646	1.5896401711958505	1.5522665598190115	1.6163221945635942	1.6261781536528632	1.4988422260880259	1.3410381193360632	1.2626574862905449	1.5792997442216943	1.6092517297113875	1.6149066807535521	1.4939651494114112	1.5483519112880642	1.3531130169730101	1.5698679251652432	1.519071767598804	1.3957358649219727	1.6838794561884765	1.4932750916642528	1.5810192931982585	1.5350885782264414	1.4578444754058437	1.4327212762832144	1.3692024812734165	-1.0	-1.0	-1.0	-1.0	-1.0	-1.0	-1.0	-1.0	-1.0	-1.0	-1.0
-1.0	-1.0	-1.0	-1.0	-1.0	-1.0	-1.0	-1.0	-1.0	-1.0	-1.0	-1.0	-1.0	-1.0	-1.0	-1.0	-1.0	-1.0	-1.0	-1.0	-1.0	-1.0	-1.0	-1.0	-1.0	-1.0	-1.0	-1.0	-1.0	-1.0	-1.0	-1.0	-1.0	-1.0	-1.0	-1.0	-1.0	-1.0	-1.0	-1.0	-1.0	-1.0	-1.0	-1.0	-1.0	-1.0	-1.0	-1.0	-1.0	-1.0	-1.0	-1.0	-1.0	-1.0	1.5462584265739945	1.3682975920346685	1.4946699244629271	1.6524815511482602	1.4593524824874722	1.479524006484889	1.5578620321197796	1.3154786611223446	1.6327265944109972	1.4718330236546326	1.452078338759059	1.2784332496350508	1.426959896131852	1.4897439670465016	1.5116424179082157	1.5591772298861843	1.7460414776435105	1.2637475858877831	1.3530650959202486	1.4745262072627812	1.5505230323016677	1.506404377836612	1.4360336028890075	1.6121734558665684	1.4814017529322479	1.486326241460382	1.437038217904834	1.5503052694379245	1.6767423773528514	1.580338083528051	1.5538765817839693	1.2794384721906458	1.4384488783430485	1.3682066742037524	1.4886802075040406	-1.0	-1.0	-1.0	-1.0	-1.0	-1.0	-1.0	-1.0	-1.0	-1.0	-1.0
-1.0	-1.0	-1.0	-1.0	-1.0	-1.0	-1.0	-1.0	-1.0	-1.0	-1.0	-1.0	-1.0	-1.0	-1.0	-1.0	-1.0	-1.0	-1.0	-1.0	-1.0	-1.0	-1.0	-1.0	-1.0	-1.0	-1.0	-1.0	-1.0	-1.0	-1.0	-1.0	-1.0	-1.0	-1.0	-1.0	-1.0	-1.0	-1.0	-1.0	-1.0	-1.0	-1.0	-1.0	-1.0	-1.0	-1.0	-1.0	-1.0	-1.0	-1.0	-1.0	-1.0	-1.0	1.4655321705507396	1.4963362773977749	1.5839236466511473	1.345392754924587	1.5090042441289055	1.5013749968160064	1.5162756329784157	1.6569532306904728	1.5945748701760938	1.4234867650823229	1.4382435430497873	1.5166687328280541	1.5914313045794866	1.503848671968132	1.4527425067552866	1.3761996749187972	1.5905782229428849	1.6651690946812079	1.625441713892237	1.5515267461852873	1.7191230578710825	1.5613920993685415	1.3668885753471707	1.7399270466051973	1.4061230126766244	1.5502978394024174	1.46641172544123	1.544118650403146	1.4799864512130634	1.5939302015737362	1.705947925621623	1.3986085691104382	1.6433790603295244	1.5310840513427153	1.5748353783505076	-1.0	-1.0	-1.0	-1.0	-1.0	-1.0	-1.0	-1.0	-1.0	-1.0	-1.0
-1.0	-1.0	-1.0	-1.0	-1.0	-1.0	-1.0	-1.0	-1.0	-1.0	-1.0	-1.0	-1.0	-1.0	-1.0	-1.0	-1.0	-1.0	-1.0	-1.0	-1.0	-1.0	-1.0	-1.0	-1.0	-1.0	-1.0	-1.0	-1.0	-1.0	-1.0	-1.0	-1.0	-1.0	-1.0	-1.0	-1.0	-1.0	-1.0	-1.0	-1.0	-1.0	-1.0	-1.0	-1.0	-1.0	-1.0	-1.0	-1.0	-1.0	-1.0	-1.0	-1.0	-1.0	1.7238091119961312	1.5856549011514147	1.6903476237011015	1.336754476720281	1.354346275251546	1.5199897151824706	1.483325295756202	1.5633822162059245	1.5272912010175619	1.6521491105446802	1.4900894487422682	1.5204739310383868	1.4302890386065712	1.5259752319909679	1.5574822673226953	1.5297163074773241	1.3345528723480902	1.754449186596045	1.5224083148921355	1.439247183001972	1.323779402496478	1.3687160133821585	1.4915504286478038	1.5281535955993029	1.588927579051887	1.3872271978941024	1.612545509241321	1.361648874723186	1.6931645038119494	1.4874444341472093	1.5260654173686297	1.549894251988731	1.5360475055114198	1.630140267269756	1.5013345795653494	-1.0	-1.0	-1.0	-1.0	-1.0	-1.0	-1.0	-1.0	-1.0	-1.0	-1.0
-1.0	-1.0	-1.0	-1.0	-1.0	-1.0	-1.0	-1.0	-1.0	-1.0	-1.0	-1.0	-1.0	-1.0	-1.0	-1.0	-1.0	-1.0	-1.0	-1.0	-1.0	-1.0	-1.0	-1.0	-1.0	-1.0	-1.0	-1.0	-1.0	-1.0	-1.0	-1.0	-1.0	-1.0	-1.0	-1.0	-1.0	-1.0	-1.0	-1.0	-1.0	-1.0	-1.0	-1.0	-1.0	-1.0	-1.0	-1.0	-1.0	-1.0	-1.0	-1.0	-1.0	-1.0	1.635757951139432	1.5068734179768417	1.670033832004048	1.5216605177990719	1.637404794676616	1.6341586290184857	1.6027129981139552	1.6971723395027927	1.465815828703694	1.4134012548467716	1.6869945162087256	1.5774427653769512	1.4298198082043836	1.5647701751166962	1.4919160598033412	1.6646201989320257	1.6644318952985255	1.4961648710409703	1.5808119061214534	1.5135373759544115	1.4374782974881741	1.5927154440420899	1.5870933907494227	1.4596287419674128	1.644750177747303	1.667298238580103	1.719947749537008	1.4523729840265398	1.4910856325423179	1.3174199742381514	1.594854988929146	1.608187514678713	1.544814774073375	1.5550371503058704	1.6560403891815945	-1.0	-1.0	-1.0	-1.0	-1.0	-1.0	-1.0	-1.0	-1.0	-1.0	-1.0
-1.0	-1.0	-1.0	-1.0	-1.0	-1.0	-1.0	-1.0	-1.0	-1.0	-1.0	-1.0	-1.0	-1.0	-1.0	-1.0	-1.0	-1.0	-1.0	-1.0	-1.0	-1.0	-1.0	-1.0	-1.0	-1.0	-1.0	-1.0	-1.0	-1.0	-1.0	-1.0	-1.0	-1.0	-1.0	-1.0	-1.0	-1.0	-1.0	-1.0	-1.0	-1.0	-1.0	-1.0	-1.0	-1.0	-1.0	-1.0	-1.0	-1.0	-1.0	-1.0	-1.0	-1.0	1.644313157835879	1.4995085233450498	1.4941198431089444	1.5163804284651725	1.5056368231979804	1.480668240448157	1.569917671001872	1.6583431309690115	1.4743005267675393	1.505946783403756	1.5294771863451446	1.5656744066280077	1.7692485726321603	1.400383569683799	1.3734206508435645	1.5833508078527083	1.7370417081216365	1.420388366538677	1.5888562163899693	1.5315489195520242	1.54869069244455	1.333549332891002	1.513356171902187	1.5586585693593946	1.4670741928617304	1.6375268925361173	1.5498972091975647	1.5091761918705595	1.4979048771449162	1.5811633537937964	1.5799811373874704	1.596941897493165	1.5428369757132983	1.4364913901837346	1.709027752111622	-1.0	-1.0	-1.0	-1.0	-1.0	-1.0	-1.0	-1.0	-1.0	-1.0	-1.0
-1.0	-1.0	-1.0	-1.0	-1.0	-1.0	-1.0	-1.0	-1.0	-1.0	-1.0	-1.0	-1.0	-1.0	-1.0	-1.0	-1.0	-1.0	-1.0	-1.0	-1.0	-1.0	-1.0	-1.0	-1.0	-1.0	-1.0	-1.0	-1.0	-1.0	-1.0	-1.0	-1.0	-1.0	-1.0	-1.0	-1.0	-1.0	-1.0	-1.0	-1.0	-1.0	-1.0	-1.0	-1.0	-1.0	-1.0	-1.0	-1.0	-1.0	-1.0	-1.0	-1.0	-1.0	1.6829850572517355	1.605240310019491	1.5359102179362738	1.6285741788859007	1.501864787253467	1.5422462455032755	1.675883490954512	1.4441557147634692	1.6351003861798352	1.5029692653734132	1.6169135997515585	1.5129974122558028	1.364890902640002	1.4198051732092438	1.4067461265562544	1.5009212108030026	1.593541933324408	1.58866026183831	1.5813371464301993	1.4778574351211813	1.504901808848153	1.618986147091846	1.5533263892865636	1.449366450323883	1.594210015010715	1.533136254079326	1.4592228875875515	1.498974360203193	1.4215932502016189	1.481372958087311	1.7872365912696717	1.4282076247315483	1.5904397425224084	1.511974084357101	1.4730199062513047	-1.0	-1.0	-1.0	-1.0	-1.0	-1.0	-1.0	-1.0	-1.0	-1.0	-1.0
-1.0	-1.0	-1.0	-1.0	-1.0	-1.0	-1.0	-1.0	-1.0	-1.0	-1.0	-1.0	-1.0	-1.0	-1.0	-1.0	-1.0	-1.0	-1.0	-1.0	-1.0	-1.0	-1.0	-1.0	-1.0	-1.0	-1.0	-1.0	-1.0	-1.0	-1.0	-1.0	-1.0	-1.0	-1.0	-1.0	-1.0	-1.0	-1.0	-1.0	-1.0	-1.0	-1.0	-1.0	-1.0	-1.0	-1.0	-1.0	-1.0	-1.0	-1.0	-1.0	-1.0	-1.0	1.5093262119707462	1.5093235713644813	1.4707887070371573	1.61343447300743	1.491706615102447	1.5475211099139383	1.5730267870814947	1.4867930338561601	1.509525045748621	1.4850117521283934	1.585430432809807	1.3989078426185615	1.5113987309861177	1.6296724069454085	1.5139526171327546	1.521660093378641	1.4560253614132939	1.541885757615607	1.3795541492236987	1.7140181663394642	1.6125572600858868	1.5581370232015705	1.6740480444356558	1.6327005256039695	1.4270213270041818	1.541958252170497	1.534497277263564	1.335631190837732	1.7190818270130706	1.442431348240918	1.6061468999020487	1.608495813675774	1.3707849650605364	1.4948133413948699	1.50945434505403	-1.0	-1.0	-1.0	-1.0	-1.0	-1.0	-1.0	-1.0	-1.0	-1.0	-1.0
-1.0	-1.0	-1.0	-1.0	-1.0	-1.0	-1.0	-1.0	-1.0	-1.0	-1.0	-1.0	-1.0	-1.0	-1.0	-1.0	-1.0	-1.0	-1.0	-1.0	-1.0	-1.0	-1.0	-1.0	-1.0	-1.0	-1.0	-1.0	-1.0	-1.0	-1.0	-1.0	-1.0	-1.0	-1.0	-1.0	-1.0	-1.0	-1.0	-1.0	-1.0	-1.0	-1.0	-1.0	-1.0	-1.0	-1.0	-1.0	-1.0	-1.0	-1.0	-1.0	-1.0	-1.0	1.5803324507767011	1.3256160906320407	1.543887976544015	1.6750996143523416	1.5061889930545813	1.6745158689745585	1.5468483861515323	1.3573259918075402	1.5954412349880875	1.6322459583621391	1.464285630983296	1.6016856574117095	1.3607342556325859	1.7839801948696175	1.512226394551606	1.4641868225688237	1.5980381986042458	1.7023685128061212	1.363233784408882	1.4227104854577344	1.7439170327127815	1.4887131910016849	1.5118133803400784	1.6077923917621322	1.3771990828484704	1.5187253235709544	1.3978586868988643	1.5142131555282907	1.5866454484973258	1.4737090613667334	1.583301820852179	1.47331503684105	1.5678753358708133	1.4685834401494475	1.3377278881089536	-1.0	-1.0	-1.0	-1.0	-1.0	-1.0	-1.0	-1.0	-1.0	-1.0	-1.0
-1.0	-1.0	-1.0	-1.0	-1.0	-1.0	-1.0	-1.0	-1.0	-1.0	-1.0	-1.0	-1.0	-1.0	-1.0	-1.0	-1.0	-1.0	-1.0	-1.0	-1.0	-1.0	-1.0	-1.0	-1.0	-1.0	-1.0	-1.0	-1.0	-1.0	-1.0	-1.0	-1.0	-1.0	-1.0	-1.0	-1.0	-1.0	-1.0	-1.0	-1.0	-1.0	-1.0	-1.0	-1.0	-1.0	-1.0	-1.0	-1.0	-1.0	-1.0	-1.0	-1.0	-1.0	1.4196963484564544	1.4766031108394515	1.534897261229116	1.526864229496437	1.6105007046058095	1.6958417999631668	1.5885865975146851	1.442303909360307	1.6082385450391166	1.368126708351962	1.6759861012011803	1.4930932100584142	1.5905952417547498	1.4550674162437514	1.7272800599312081	1.6798167486575066	1.5322026827600814	1.5302144739487415	1.341903190601645	1.6143128970806253	1.6339945036511079	1.4995717539144984	1.5284258730267537	1.5936026917224457	1.5541074014546263	1.4231652411161244	1.5679218374265045	1.6293598693735527	1.4873019698897119	1.744430868345772	1.7751759415317172	1.4552149977165811	1.4390106906802336	1.3898444892956625	1.47729637720063	-1.0	-1.0	-1.0	-1.0	-1.0	-1.0	-1.0	-1.0	-1.0	-1.0	-1.0
-1.0	-1.0	-1.0	-1.0	-1.0	-1.0	-1.0	-1.0	-1.0	-1.0	-1.0	-1.0	-1.0	-1.0	-1.0	-1.0	-1.0	-1.0	-1.0	-1.0	-1.0	-1.0	-1.0	-1.0	-1.0	-1.0	-1.0	-1.0	-1.0	-1.0	-1.0	-1.0	-1.0	-1.0	-1.0	-1.0	-1.0	-1.0	-1.0	-1.0	-1.0	-1.0	-1.0	-1.0	-1.0	-1.0	-1.0	-1.0	-1.0	-1.0	-1.0	-1.0	-1.0	-1.0	1.6648486036378278	1.520546914753492	1.5837376428992473	1.5499051098662524	1.4331506173546398	1.4494876812273285	1.5512489226673127	1.479717443805321	1.5649021752560843	1.485133104693017	1.4640645995107624	1.6247411306181792	1.5474427915970417	1.4601229675867333	1.5789506747289863	1.6093597909134247	1.4275902146520878	1.4700733457547632	1.5235454944095037	1.4665901131190862	1.7199675304179485	1.597229259534114	1.6364512891045233	1.5180825501685802	1.5953569083563706	1.4180469371355398	1.5081650378921025	1.4652672925753385	1.6548417094885113	1.5090330319840644	1.5510097594741183	1.4674215523112828	1.7593788054274815	1.4945027163931783	1.6149843540612014	-1.0	-1.0	-1.0	-1.0	-1.0	-1.0	-1.0	-1.0	-1.0	-1.0	-1.0
-1.0	-1.0	-1.0	-1.0	-1.0	-1.0	-1.0	-1.0	-1.0	-1.0	-1.0	-1.0	-1.0	-1.0	-1.0	-1.0	-1.0	-1.0	-1.0	-1.0	-1.0	-1.0	-1.0	-1.0	-1.0	-1.0	-1.0	-1.0	-1.0	-1.0	-1.0	-1.0	-1.0	-1.0	-1.0	-1.0	-1.0	-1.0	-1.0	-1.0	-1.0	-1.0	-1.0	-1.0	-1.0	-1.0	-1.0	-1.0	-1.0	-1.0	-1.0	-1.0	-1.0	-1.0	1.4062400217164106	1.5225608441786413	1.5781313238395511	1.4277036781273582	1.513048386267222	1.7185176156901976	1.5050494646614276	1.5988247689079105	1.6323953529909978	1.551721356998808	1.7377751158919605	1.6482472832088266	1.4685837329637021	1.439162570083548	1.5377526594815643	1.5368568508767737	1.4436666574791583	1.5894456281652583	1.5124047779681271	1.621275420508777	1.556316211134586	1.4302859446440392	1.3808730837113292	1.44139877192677	1.5471385196495084	1.5718853633973373	1.4929227062539652	1.5164666252726609	1.425940445024195	1.4650283352212137	1.4436601924700825	1.439937063226701	1.633006064376274	1.5813743511754033	1.4751412066867715	-1.0	-1.0	-1.0	-1.0	-1.0	-1.0	-1.0	-1.0	-1.0	-1.0	-1.0
-1.0	-1.0	-1.0	-1.0	-1.0	-1.0	-1.0	-1.0	-1.0	-1.0	-1.0	-1.0	-1.0	-1.0	-1.0	-1.0	-1.0	-1.0	-1.0	-1.0	-1.0	-1.0	-1.0	-1.0	-1.0	-1.0	-1.0	-1.0	-1.0	-1.0	-1.0	-1.0	-1.0	-1.0	-1.0	-1.0	-1.0	-1.0	-1.0	-1.0	-1.0	-1.0	-1.0	-1.0	-1.0	-1.0	-1.0	-1.0	-1.0	-1.0	-1.0	-1.0	-1.0	-1.0	1.4918619630022985	1.5023169396874838	1.5809361027317614	1.5044156787588865	1.4265710973931345	1.560396630442849	1.4728251905643492	1.454717605515883	1.6186672864773293	1.4567376213039465	1.4871120207565265	1.4338408339732593	1.5640002354898839	1.5033044840060936	1.470260536745894	1.5905010034344822	1.4654322924466692	1.601503395726184	1.4856662969779353	1.48288638645683	1.473712264495226	1.4931810914684807	1.7420941313681872	1.6467114250244852	1.5245175517119127	1.6896434612275493	1.5849509263704307	1.4957268318352563	1.4882246497124274	1.7088532556937406	1.598737070324977	1.62447183647561	1.5286880113034889	1.5220324769557865	1.5815541967268303	-1.0	-1.0	-1.0	-1.0	-1.0	-1.0	-1.0	-1.0	-1.0	-1.0	-1.0
-1.0	-1.0	-1.0	-1.0	-1.0	-1.0	-1.0	-1.0	-1.0	-1.0	-1.0	-1.0	-1.0	-1.0	-1.0	-1.0	-1.0	-1.0	-1.0	-1.0	-1.0	-1.0	-1.0	-1.0	-1.0	-1.0	-1.0	-1.0	-1.0	-1.0	-1.0	-1.0	-1.0	-1.0	-1.0	-1.0	-1.0	-1.0	-1.0	-1.0	-1.0	-1.0	-1.0	-1.0	-1.0	-1.0	-1.0	-1.0	-1.0	-1.0	-1.0	-1.0	-1.0	-1.0	1.7633321923724394	1.5785214819346727	1.2290334070355464	1.5579631691868998	1.5680277161393685	1.3120904001372524	1.6063096453619816	1.4842649242847217	1.5228537939725033	1.5457487916905215	1.5246939532014867	1.4003435109547926	1.565789867159604	1.5308398358303386	1.5619928195585169	1.6700110668285166	1.6708081081448094	1.3736465216256724	1.4276509113441587	1.4404512238936502	1.51471029503115	1.513103963276664	1.4485323110445436	1.540642030717182	1.4276452602711864	1.386049880687242	1.6290907682008466	1.4867098390631084	1.3569249371177907	1.6622078768054023	1.5637146600041922	1.3814548144899919	1.684724634899065	1.4326162609196629	1.5145576358976875	-1.0	-1.0	-1.0	-1.0	-1.0	-1.0	-1.0	-1.0	-1.0	-1.0	-1.0
-1.0	-1.0	-1.0	-1.0	-1.0	-1.0	-1.0	-1.0	-1.0	-1.0	-1.0	-1.0	-1.0	-1.0	-1.0	-1.0	-1.0	-1.0	-1.0	-1.0	-1.0	-1.0	-1.0	-1.0	-1.0	-1.0	-1.0	-1.0	-1.0	-1.0	-1.0	-1.0	-1.0	-1.0	-1.0	-1.0	-1.0	-1.0	-1.0	-1.0	-1.0	-1.0	-1.0	-1.0	-1.0	-1.0	-1.0	-1.0	-1.0	-1.0	-1.0	-1.0	-1.0	-1.0	1.6457963590377478	1.4900342822163424	1.4366952554297125	1.425117829047138	1.482572888283502	1.6734757756918752	1.7036339675556211	1.5186353025287953	1.5239119612423566	1.5742735484779642	1.471490343003197	1.5541590726186671	1.620436093440881	1.7155128866336067	1.628478133402256	1.5025643105653117	1.5200835656099783	1.3818612617410018	1.3593266792131038	1.5587775777388497	1.6016267940315383	1.677913595920481	1.5990170179106122	1.613574651923774	1.5664063113896232	1.4045571186263364	1.5372736796839654	1.444924296809798	1.4605447123165287	1.4883801111423411	1.4947811562679425	1.4070196011002212	1.327418487269984	1.4851665192762546	1.5426863013397776	-1.0	-1.0	-1.0	-1.0	-1.0	-1.0	-1.0	-1.0	-1.0	-1.0	-1.0
-1.0	-1.0	-1.0	-1.0	-1.0	-1.0	-1.0	-1.0	-1.0	-1.0	-1.0	-1.0	-1.0	-1.0	-1.0	-1.0	-1.0	-1.0	-1.0	-1.0	-1.0	-1.0	-1.0	-1.0	-1.0	-1.0	-1.0	-1.0	-1.0	-1.0	-1.0	-1.0	-1.0	-1.0	-1.0	-1.0	-1.0	-1.0	-1.0	-1.0	-1.0	-1.0	-1.0	-1.0	-1.0	-1.0	-1.0	-1.0	-1.0	-1.0	-1.0	-1.0	-1.0	-1.0	1.6258037610474017	1.296535968799128	1.4247617184517527	1.6628004444514457	1.4609100854621857	1.4880604046867931	1.4071713766819334	1.5909002880409997	1.593306752822324	1.5264983932599114	1.4211771019293404	1.7134790993726154	1.491551157612937	1.3951665658613424	1.6068538384878701	1.5628647369250983	1.4499486527603016	1.6025153189502512	1.3803926444290666	1.5780372806086442	1.379189385582365	1.5011064716019424	1.4028496960064771	1.4963796323112197	1.7825646281560257	1.5951342186995743	1.610545434290707	1.4970042026065955	1.3688043268927135	1.4905810459530588	1.576694033589988	1.582580980568526	1.5217362277882038	1.4948174725811898	1.508026175903445	-1.0	-1.0	-1.0	-1.0	-1.0	-1.0	-1.0	-1.0	-1.0	-1.0	-1.0
-1.0	-1.0	-1.0	-1.0	-1.0	-1.0	-1.0	-1.0	-1.0	-1.0	-1.0	-1.0	-1.0	-1.0	-1.0	-1.0	-1.0	-1.0	-1.0	-1.0	-1.0	-1.0	-1.0	-1.0	-1.0	-1.0	-1.0	-1.0	-1.0	-1.0	-1.0	-1.0	-1.0	-1.0	-1.0	-1.0	-1.0	-1.0	-1.0	-1.0	-1.0	-1.0	-1.0	-1.0	-1.0	-1.0	-1.0	-1.0	-1.0	-1.0	-1.0	-1.0	-1.0	-1.0	1.432488595144385	1.565758320953846	1.627831465078498	1.4374867041234543	1.451119686234909	1.654303782408187	1.457145833857064	1.3686309948702784	1.5544423373974354	1.7241644427073899	1.579357061949002	1.5967105032519653	1.3893303309636678	1.486989651892915	1.6088803829224796	1.5075951409459676	1.4527792844632845	1.4072856021651414	1.555735805329958	1.3681117075958686	1.5998985531614387	1.4755164554175788	1.5381982751803494	1.6627005470580454	1.3992875840316013	1.46878778423857	1.5453028826901773	1.4610733939969271	1.5329803492027625	1.4315036842608155	1.5314435205982353	1.4876667069875888	1.4921153306134458	1.5648367121406184	1.4945276478669678	-1.0	-1.0	-1.0	-1.0	-1.0	-1.0	-1.0	-1.0	-1.0	-1.0	-1.0
-1.0	-1.0	-1.0	-1.0	-1.0	-1.0	-1.0	-1.0	-1.0	-1.0	-1.0	-1.0	-1.0	-1.0	-1.0	-1.0	-1.0	-1.0	-1.0	-1.0	-1.0	-1.0	-1.0	-1.0	-1.0	-1.0	-1.0	-1.0	-1.0	-1.0	-1.0	-1.0	-1.0	-1.0	-1.0	-1.0	-1.0	-1.0	-1.0	-1.0	-1.0	-1.0	-1.0	-1.0	-1.0	-1.0	-1.0	-1.0	-1.0	-1.0	-1.0	-1.0	-1.0	-1.0	1.54643754990851	1.6634987411588238	1.45693100924626	1.516908764637956	1.5242748038945313	1.5659752398128117	1.4638797030036281	1.4180152766785117	1.4516852987310116	1.4478849956566737	1.5357309003171646	1.5959900581810649	1.523550209261656	1.4672082487683136	1.5673892229862343	1.528465738616258	1.5015650078608298	1.4405875618994248	1.486600123141815	1.5636074598125287	1.375298495255653	1.5659986698411035	1.4461448468349463	1.5084945108614574	1.5563492988742045	1.47516464503681	1.6525597301922965	1.6010347955065602	1.6456834592146214	1.5424033835303952	1.60984227245123	1.539342297311385	1.4019452702363933	1.4991993016479357	1.3711008876554422	-1.0	-1.0	-1.0	-1.0	-1.0	-1.0	-1.0	-1.0	-1.0	-1.0	-1.0
-1.0	-1.0	-1.0	-1.0	-1.0	-1.0	-1.0	-1.0	-1.0	-1.0	-1.0	-1.0	-1.0	-1.0	-1.0	-1.0	-1.0	-1.0	-1.0	-1.0	-1.0	-1.0	-1.0	-1.0	-1.0	-1.0	-1.0	-1.0	-1.0	-1.0	-1.0	-1.0	-1.0	-1.0	-1.0	-1.0	-1.0	-1.0	-1.0	-1.0	-1.0	-1.0	-1.0	-1.0	-1.0	-1.0	-1.0	-1.0	-1.0	-1.0	-1.0	-1.0	-1.0	-1.0	1.4758722501967574	1.680416087289375	1.5063019192436777	1.4944058997332417	1.6486882700547303	1.5319923357562768	1.5432410595127488	1.3467544673581884	1.4986195873842014	1.602137575656821	1.4249772351671492	1.6960065484916869	1.6057612165318358	1.5146454961254983	1.6535104886659444	1.3341681490076926	1.7106588958057465	1.4368327631047455	1.4334973146964345	1.5732797837901566	1.3344858064351728	1.656558084169383	1.629409848978521	1.66073000309477	1.5005083238036834	1.626607768974851	1.687278523547956	1.6361419762585563	1.5521422628552903	1.6789697724326413	1.5106581358431164	1.4386696705046877	1.5571675098718902	1.408751406023835	1.7895800181133668	-1.0	-1.0	-1.0	-1.0	-1.0	-1.0	-1.0	-1.0	-1.0	-1.0	-1.0
-1.0	-1.0	-1.0	-1.0	-1.0	-1.0	-1.0	-1.0	-1.0	-1.0	-1.0	-1.0	-1.0	-1.0	-1.0	-1.0	-1.0	-1.0	-1.0	-1.0	-1.0	-1.0	-1.0	-1.0	-1.0	-1.0	-1.0	-1.0	-1.0	-1.0	-1.0	-1.0	-1.0	-1.0	-1.0	-1.0	-1.0	-1.0	-1.0	-1.0	-1.0	-1.0	-1.0	-1.0	-1.0	-1.0	-1.0	-1.0	-1.0	-1.0	-1.0	-1.0	-1.0	-1.0	1.5406850700782158	1.5882789869346383	1.6026349703846927	1.4808133742311618	1.5710679818312283	1.4605846169048375	1.58614472932837	1.6958843447960343	1.489718868472594	1.454608998310519	1.7563632376402045	1.4271027840072918	1.4577781001434154	1.4921751210230343	1.6733162458081934	1.5964449266233844	1.7260099541447003	1.4707064575801083	1.7049183344447223	1.5964592241348152	1.7220206473085216	1.3305560729825898	1.5714130823796562	1.5947523955312393	1.496193664442474	1.5239499059110557	1.7455785291814083	1.534334002307152	1.5250621563069673	1.5370716266680697	1.7072293330665036	1.4664861591128366	1.526697913774206	1.358602286540492	1.4071562956229566	-1.0	-1.0	-1.0	-1.0	-1.0	-1.0	-1.0	-1.0	-1.0	-1.0	-1.0
-1.0	-1.0	-1.0	-1.0	-1.0	-1.0	-1.0	-1.0	-1.0	-1.0	-1.0	-1.0	-1.0	-1.0	-1.0	-1.0	-1.0	-1.0	-1.0	-1.0	-1.0	-1.0	-1.0	-1.0	-1.0	-1.0	-1.0	-1.0	-1.0	-1.0	-1.0	-1.0	-1.0	-1.0	-1.0	-1.0	-1.0	-1.0	-1.0	-1.0	-1.0	-1.0	-1.0	-1.0	-1.0	-1.0	-1.0	-1.0	-1.0	-1.0	-1.0	-1.0	-1.0	-1.0	1.5442908175093306	1.4478610963568277	1.608523341074136	1.2165752626958735	1.6244435201912757	1.546732187104331	1.6863305933818264	1.4771217310592017	1.588846178605356	1.4591909251148485	1.60508527466681	1.4726618574215409	1.5794501662900224	1.4620136304013498	1.6297111547933205	1.4481060943636734	1.7362291186901826	1.4602835810317578	1.5356428479436195	1.5761745128657827	1.4666709111840732	1.6389755984379673	1.6427814328580002	1.5770603848704974	1.5153575719124401	1.6267833461275314	1.6259945849631519	1.3825999353565546	1.4230903593530626	1.6528561662046115	1.5332106099282898	1.5000309898254893	1.3618068258504699	1.3372026173126241	1.4901136332802118	-1.0	-1.0	-1.0	-1.0	-1.0	-1.0	-1.0	-1.0	-1.0	-1.0	-1.0
-1.0	-1.0	-1.0	-1.0	-1.0	-1.0	-1.0	-1.0	-1.0	-1.0	-1.0	-1.0	-1.0	-1.0	-1.0	-1.0	-1.0	-1.0	-1.0	-1.0	-1.0	-1.0	-1.0	-1.0	-1.0	-1.0	-1.0	-1.0	-1.0	-1.0	-1.0	-1.0	-1.0	-1.0	-1.0	-1.0	-1.0	-1.0	-1.0	-1.0	-1.0	-1.0	-1.0	-1.0	-1.0	-1.0	-1.0	-1.0	-1.0	-1.0	-1.0	-1.0	-1.0	-1.0	1.6252274062435155	1.53486278480313	1.6533784757321488	1.68455461645248	1.4008329002229152	1.4913108701428224	1.5199302941198525	1.858142591303567	1.5432353872517852	1.455313217092358	1.593866287562792	1.41930732131833	1.4774325384763543	1.430306464069255	1.499932604067167	1.4711794587799918	1.5766720493364104	1.4743208252934652	1.4346527205743622	1.6316793156045233	1.4423785816974148	1.6410560642989238	1.3560784071647853	1.7087186475450997	1.7254354630802053	1.563350758603197	1.5467024078313465	1.5759187108771766	1.5972054534400564	1.5200918881343155	1.425741535586642	1.3804381502611178	1.601255616035001	1.4888453104420751	1.554945233513754	-1.0	-1.0	-1.0	-1.0	-1.0	-1.0	-1.0	-1.0	-1.0	-1.0	-1.0
-1.0	-1.0	-1.0	-1.0	-1.0	-1.0	-1.0	-1.0	-1.0	-1.0	-1.0	-1.0	-1.0	-1.0	-1.0	-1.0	-1.0	-1.0	-1.0	-1.0	-1.0	-1.0	-1.0	-1.0	-1.0	-1.0	-1.0	-1.0	-1.0	-1.0	-1.0	-1.0	-1.0	-1.0	-1.0	-1.0	-1.0	-1.0	-1.0	-1.0	-1.0	-1.0	-1.0	-1.0	-1.0	-1.0	-1.0	-1.0	-1.0	-1.0	-1.0	-1.0	-1.0	-1.0	1.6069548138215137	1.5272996100844354	1.6179345254759885	1.550575899571788	1.4263112763859618	1.4517513283941217	1.420969641922279	1.3414312295415114	1.4730215361403012	1.578629349030132	1.4380667587497693	1.4330791195401984	1.7363331456955922	1.5881622853320154	1.4745542439062438	1.4192489792985201	1.6010369706504752	1.439868902870752	1.6456615086427648	1.4986531367946219	1.4883995022474712	1.580620099788028	1.3340840931093885	1.5169346083245692	1.4828823836880554	1.4305871201927598	1.6851349494092356	1.5592268951775925	1.4726550280963444	1.5264975766517785	1.5230938866988841	1.60768167297564	1.5576225486164486	1.505656535158346	1.5664029000864514	-1.0	-1.0	-1.0	-1.0	-1.0	-1.0	-1.0	-1.0	-1.0	-1.0	-1.0
-1.0	-1.0	-1.0	-1.0	-1.0	-1.0	-1.0	-1.0	-1.0	-1.0	-1.0	-1.0	-1.0	-1.0	-1.0	-1.0	-1.0	-1.0	-1.0	-1.0	-1.0	-1.0	-1.0	-1.0	-1.0	-1.0	-1.0	-1.0	-1.0	-1.0	-1.0	-1.0	-1.0	-1.0	-1.0	-1.0	-1.0	-1.0	-1.0	-1.0	-1.0	-1.0	-1.0	-1.0	-1.0	-1.0	-1.0	-1.0	-1.0	-1.0	-1.0	-1.0	-1.0	-1.0	1.4010266314129973	1.4951636402700417	1.3740113388881556	1.472563094774842	1.3784442554053087	1.6050115139800263	1.5748653864739814	1.4745792580989134	1.5289150479611073	1.5493492488559044	1.5150703865436153	1.4600736945230486	1.5960760808295698	1.5564602234095035	1.5162833978573913	1.413189321000397	1.6761008273288986	1.625429843381381	1.5603418615384665	1.5308989233077253	1.3833967436639174	1.4317302623556578	1.5801944380047261	1.3416517587322085	1.4905412355153143	1.4380304178997603	1.3703411290308998	1.4764979876460738	1.6780543287989196	1.6320715737875606	1.4785574360732707	1.4435050847465982	1.7101836766715843	1.447505747186852	1.6041199769374295	-1.0	-1.0	-1.0	-1.0	-1.0	-1.0	-1.0	-1.0	-1.0	-1.0	-1.0
-1.0	-1.0	-1.0	-1.0	-1.0	-1.0	-1.0	-1.0	-1.0	-1.0	-1.0	-1.0	-1.0	-1.0	-1.0	-1.0	-1.0	-1.0	-1.0	-1.0	-1.0	-1.0	-1.0	-1.0	-1.0	-1.0	-1.0	-1.0	-1.0	-1.0	-1.0	-1.0	-1.0	-1.0	-1.0	-1.0	-1.0	-1.0	-1.0	-1.0	-1.0	-1.0	-1.0	-1.0	-1.0	-1.0	-1.0	-1.0	-1.0	-1.0	-1.0	-1.0	-1.0	-1.0	1.3932714337081802	1.4342776345561767	1.3800578599393278	1.6032118607442702	1.4704898936094475	1.5622532583843745	1.5725920649053666	1.5870767820522826	1.4631416193015563	1.6968052771420576	1.2919230453806438	1.47540887366538	1.608358453614995	1.615268543481536	1.6108364912937778	1.5904052966698914	1.6988442499821492	1.6599962298927486	1.5732349892196762	1.5472242428406147	1.769873277591273	1.4853765858155175	1.632838881555884	1.464498818096747	1.666429998287855	1.4178989396734842	1.6083141379002441	1.5132721135766423	1.5896480571592306	1.4079338145019151	1.3151085590022384	1.6396415731286769	1.4661328234486204	1.6261362553310876	1.6242720603373433	-1.0	-1.0	-1.0	-1.0	-1.0	-1.0	-1.0	-1.0	-1.0	-1.0	-1.0
-1.0	-1.0	-1.0	-1.0	-1.0	-1.0	-1.0	-1.0	-1.0	-1.0	-1.0	-1.0	-1.0	-1.0	-1.0	-1.0	-1.0	-1.0	-1.0	-1.0	-1.0	-1.0	-1.0	-1.0	-1.0	-1.0	-1.0	-1.0	-1.0	-1.0	-1.0	-1.0	-1.0	-1.0	-1.0	-1.0	-1.0	-1.0	-1.0	-1.0	-1.0	-1.0	-1.0	-1.0	-1.0	-1.0	-1.0	-1.0	-1.0	-1.0	-1.0	-1.0	-1.0	-1.0	1.5988841588781693	1.4894073953376423	1.4358240333699732	1.6508060986906794	1.7339277292006847	1.442285459440517	1.5035178153277544	1.482706855402468	1.5580500670976083	1.4441853496878143	1.4135460200281493	1.5802887435163466	1.5632399700547208	1.5835497443865734	1.3663318759525487	1.698448017713663	1.5010436937321892	1.7091886712346325	1.5114389086944604	1.5649392373715822	1.5210192171189836	1.6185579221768018	1.3936516814787079	1.5194717338830999	1.4555023120770996	1.4150944260493836	1.4279189378768187	1.5607798528357248	1.458916590066043	1.4951468252364586	1.3257008418215286	1.6507739349914543	1.4861094058063522	1.5330549864725256	1.480513482602151	-1.0	-1.0	-1.0	-1.0	-1.0	-1.0	-1.0	-1.0	-1.0	-1.0	-1.0
-1.0	-1.0	-1.0	-1.0	-1.0	-1.0	-1.0	-1.0	-1.0	-1.0	-1.0	-1.0	-1.0	-1.0	-1.0	-1.0	-1.0	-1.0	-1.0	-1.0	-1.0	-1.0	-1.0	-1.0	-1.0	-1.0	-1.0	-1.0	-1.0	-1.0	-1.0	-1.0	-1.0	-1.0	-1.0	-1.0	-1.0	-1.0	-1.0	-1.0	-1.0	-1.0	-1.0	-1.0	-1.0	-1.0	-1.0	-1.0	-1.0	-1.0	-1.0	-1.0	-1.0	-1.0	-1.0	-1.0	-1.0	-1.0	-1.0	-1.0	-1.0	-1.0	-1.0	-1.0	-1.0	-1.0	-1.0	-1.0	-1.0	-1.0	-1.0	-1.0	-1.0	-1.0	-1.0	-1.0	-1.0	-1.0	-1.0	-1.0	-1.0	-1.0	-1.0	-1.0	-1.0	-1.0	-1.0	-1.0	-1.0	-1.0	-1.0	-1.0	-1.0	-1.0	-1.0	-1.0	-1.0	-1.0	-1.0	-1.0
-1.0	-1.0	-1.0	-1.0	-1.0	-1.0	-1.0	-1.0	-1.0	-1.0	-1.0	-1.0	-1.0	-1.0	-1.0	-1.0	-1.0	-1.0	-1.0	-1.0	-1.0	-1.0	-1.0	-1.0	-1.0	-1.0	-1.0	-1.0	-1.0	-1.0	-1.0	-1.0	-1.0	-1.0	-1.0	-1.0	-1.0	-1.0	-1.0	-1.0	-1.0	-1.0	-1.0	-1.0	-1.0	-1.0	-1.0	-1.0	-1.0	-1.0	-1.0	-1.0	-1.0	-1.0	-1.0	-1.0	-1.0	-1.0	-1.0	-1.0	-1.0	-1.0	-1.0	-1.0	-1.0	-1.0	-1.0	-1.0	-1.0	-1.0	-1.0	-1.0	-1.0	-1.0	-1.0	-1.0	-1.0	-1.0	-1.0	-1.0	-1.0	-1.0	-1.0	-1.0	-1.0	-1.0	-1.0	-1.0	-1.0	-1.0	-1.0	-1.0	-1.0	-1.0	-1.0	-1.0	-1.0	-1.0	-1.0	-1.0
-1.0	-1.0	-1.0	-1.0	-1.0	-1.0	-1.0	-1.0	-1.0	-1.0	-1.0	-1.0	-1.0	-1.0	-1.0	-1.0	-1.0	-1.0	-1.0	-1.0	-1.0	-1.0	-1.0	-1.0	-1.0	-1.0	-1.0	-1.0	-1.0	-1.0	-1.0	-1.0	-1.0	-1.0	-1.0	-1.0	-1.0	-1.0	-1.0	-1.0	-1.0	-1.0	-1.0	-1.0	-1.0	-1.0	-1.0	-1.0	-1.0	-1.0	-1.0	-1.0	-1.0	-1.0	-1.0	-1.0	-1.0	-1.0	-1.0	-1.0	-1.0	-1.0	-1.0	-1.0	-1.0	-1.0	-1.0	-1.0	-1.0	-1.0	-1.0	-1.0	-1.0	-1.0	-1.0	-1.0	-1.0	-1.0	-1.0	-1.0	-1.0	-1.0	-1.0	-1.0	-1.0	-1.0	-1.0	-1.0	-1.0	-1.0	-1.0	-1.0	-1.0	-1.0	-1.0	-1.0	-1.0	-1.0	-1.0	-1.0
-1.0	-1.0	-1.0	-1.0	-1.0	-1.0	-1.0	-1.0	-1.0	-1.0	-1.0	-1.0	-1.0	-1.0	-1.0	-1.0	-1.0	-1.0	-1.0	-1.0	-1.0	-1.0	-1.0	-1.0	-1.0	-1.0	-1.0	-1.0	-1.0	-1.0	-1.0	-1.0	-1.0	-1.0	-1.0	-1.0	-1.0	-1.0	-1.0	-1.0	-1.0	-1.0	-1.0	-1.0	-1.0	-1.0	-1.0	-1.0	-1.0	-1.0	-1.0	-1.0	-1.0	-1.0	-1.0	-1.0	-1.0	-1.0	-1.0	-1.0	-1.0	-1.0	-1.0	-1.0	-1.0	-1.0	-1.0	-1.0	-1.0	-1.0	-1.0	-1.0	-1.0	-1.0	-1.0	-1.0	-1.0	-1.0	-1.0	-1.0	-1.0	-1.0	-1.0	-1.0	-1.0	-1.0	-1.0	-1.0	-1.0	-1.0	-1.0	-1.0	-1.0	-1.0	-1.0	-1.0	-1.0	-1.0	-1.0	-1.0
-1.0	-1.0	-1.0	-1.0	-1.0	-1.0	-1.0	-1.0	-1.0	-1.0	-1.0	-1.0	-1.0	-1.0	-1.0	-1.0	-1.0	-1.0	-1.0	-1.0	-1.0	-1.0	-1.0	-1.0	-1.0	-1.0	-1.0	-1.0	-1.0	-1.0	-1.0	-1.0	-1.0	-1.0	-1.0	-1.0	-1.0	-1.0	-1.0	-1.0	-1.0	-1.0	-1.0	-1.0	-1.0	-1.0	-1.0	-1.0	-1.0	-1.0	-1.0	-1.0	-1.0	-1.0	-1.0	-1.0	-1.0	-1.0	-1.0	-1.0	-1.0	-1.0	-1.0	-1.0	-1.0	-1.0	-1.0	-1.0	-1.0	-1.0	-1.0	-1.0	-1.0	-1.0	-1.0	-1.0	-1.0	-1.0	-1.0	-1.0	-1.0	-1.0	-1.0	-1.0	-1.0	-1.0	-1.0	-1.0	-1.0	-1.0	-1.0	-1.0	-1.0	-1.0	-1.0	-1.0	-1.0	-1.0	-1.0	-1.0
-1.0	-1.0	-1.0	-1.0	-1.0	-1.0	-1.0	-1.0	-1.0	-1.0	-1.0	-1.0	-1.0	-1.0	-1.0	-1.0	-1.0	-1.0	-1.0	-1.0	-1.0	-1.0	-1.0	-1.0	-1.0	-1.0	-1.0	-1.0	-1.0	-1.0	-1.0	-1.0	-1.0	-1.0	-1.0	-1.0	-1.0	-1.0	-1.0	-1.0	-1.0	-1.0	-1.0	-1.0	-1.0	-1.0	-1.0	-1.0	-1.0	-1.0	-1.0	-1.0	-1.0	-1.0	-1.0	-1.0	-1.0	-1.0	-1.0	-1.0	-1.0	-1.0	-1.0	-1.0	-1.0	-1.0	-1.0	-1.0	-1.0	-1.0	-1.0	-1.0	-1.0	-1.0	-1.0	-1.0	-1.0	-1.0	-1.0	-1.0	-1.0	-1.0	-1.0	-1.0	-1.0	-1.0	-1.0	-1.0	-1.0	-1.0	-1.0	-1.0	-1.0	-1.0	-1.0	-1.0	-1.0	-1.0	-1.0	-1.0
-1.0	-1.0	-1.0	-1.0	-1.0	-1.0	-1.0	-1.0	-1.0	-1.0	-1.0	-1.0	-1.0	-1.0	-1.0	-1.0	-1.0	-1.0	-1.0	-1.0	-1.0	-1.0	-1.0	-1.0	-1.0	-1.0	-1.0	-1.0	-1.0	-1.0	-1.0	-1.0	-1.0	-1.0	-1.0	-1.0	-1.0	-1.0	-1.0	-1.0	-1.0	-1.0	-1.0	-1.0	-1.0	-1.0	-1.0	-1.0	-1.0	-1.0	-1.0	-1.0	-1.0	-1.0	-1.0	-1.0	-1.0	-1.0	-1.0	-1.0	-1.0	-1.0	-1.0	-1.0	-1.0	-1.0	-1.0	-1.0	-1.0	-1.0	-1.0	-1.0	-1.0	-1.0	-1.0	-1.0	-1.0	-1.0	-1.0	-1.0	-1.0	-1.0	-1.0	-1.0	-1.0	-1.0	-1.0	-1.0	-1.0	-1.0	-1.0	-1.0	-1.0	-1.0	-1.0	-1.0	-1.0	-1.0	-1.0	-1.0
-1.0	-1.0	-1.0	-1.0	-1.0	-1.0	-1.0	-1.0	-1.0	-1.0	-1.0	-1.0	-1.0	-1.0	-1.0	-1.0	-1.0	-1.0	-1.0	-1.0	-1.0	-1.0	-1.0	-1.0	-1.0	-1.0	-1.0	-1.0	-1.0	-1.0	-1.0	-1.0	-1.0	-1.0	-1.0	-1.0	-1.0	-1.0	-1.0	1.1573302930097609	1.1746380861949426	1.3394396249388565	1.1654489037672973	1.4943628852077278	1.4417896665496484	1.1669470889039129	1.2792205516770845	1.2442345285170628	1.1429153049041578	1.341868647086323	1.3688810125784132	1.465300878274025	1.156450589263952	1.2514938478129531	1.0075335495573856	1.2268352950051142	1.1841924006706224	1.0636185759129688	1.1385914603119858	1.3526968390187302	1.1685105259635442	1.1977856131638418	1.290057450781496	1.175248647320512	1.0448784469731296	1.2194962131671003	1.2693686678441156	1.1134666963004842	1.1530652106231873	1.3000639020905234	1.3099557850252173	1.4603054557418764	1.0675166148413084	1.163013784423072	-1.0	-1.0	-1.0	-1.0	-1.0	-1.0	-1.0	-1.0	-1.0	-1.0	-1.0	-1.0	-1.0	-1.0	-1.0	-1.0	-1.0	-1.0	-1.0	-1.0	-1.0	-1.0	-1.0	-1.0	-1.0	-1.0
-1.0	-1.0	-1.0	-1.0	-1.0	-1.0	-1.0	-1.0	-1.0	-1.0	-1.0	-1.0	-1.0	-1.0	-1.0	-1.0	-1.0	-1.0	-1.0	-1.0	-1.0	-1.0	-1.0	-1.0	-1.0	-1.0	-1.0	-1.0	-1.0	-1.0	-1.0	-1.0	-1.0	-1.0	-1.0	-1.0	-1.0	-1.0	-1.0	1.2925597286464272	1.0850262294738426	1.0261427368161007	1.2301998308091269	1.2559703029149507	1.0476087577164497	1.222698416800304	1.3571801118860984	1.3917740409187505	0.9071035516205972	1.1132379107436852	1.0577204194810994	1.30827484894959	1.1235252864677732	1.2384797112663557	1.252717380333049	1.344595956125517	1.0667484940556777	1.308603625148204	1.062260820822574	1.1068881013645326	1.3710224990497428	1.123511892832857	1.1109436674872282	1.1526065752498764	1.2472738108879449	1.470729690833491	1.1890845625888187	1.2268567352602822	1.1019548123510066	1.1602631926452343	1.2407830550874546	1.0554818823193932	1.2588863939182533	1.2043929289136048	-1.0	-1.0	-1.0	-1.0	-1.0	-1.0	-1.0	-1.0	-1.0	-1.0	-1.0	-1.0	-1.0	-1.0	-1.0	-1.0	-1.0	-1.0	-1.0	-1.0	-1.0	-1.0	-1.0	-1.0	-1.0	-1.0
-1.0	-1.0	-1.0	-1.0	-1.0	-1.0	-1.0	-1.0	-1.0	-1.0	-1.0	-1.0	-1.0	-1.0	-1.0	-1.0	-1.0	-1.0	-1.0	-1.0	-1.0	-1.0	-1.0	-1.0	-1.0	-1.0	-1.0	-1.0	-1.0	-1.0	-1.0	-1.0	-1.0	-1.0	-1.0	-1.0	-1.0	-1.0	-1.0	1.1303465255036342	1.2247209338521554	1.0084250469718805	1.3085024809414312	1.0267678287728743	1.070262281673001	1.4608753513406958	1.1612589209386273	1.1825122551446043	1.0504773116379273	1.1215497424712093	1.1587841327825132	1.171862412934857	1.266805215051222	1.3378832321910934	1.274295942832719	1.1972710185343183	1.2788486382245254	1.1181024472037684	1.1639812155460578	1.2903305482657483	1.251662711374927	1.264032437155886	1.2005778432371965	1.2623377464262608	1.2561272500850882	1.453548654419052	1.2403908533270205	1.1799547318976578	1.0409687969580006	1.025439130587967	1.347928094975978	1.1554147433877657	1.2079661417715393	1.2626823033480026	-1.0	-1.0	-1.0	-1.0	-1.0	-1.0	-1.0	-1.0	-1.0	-1.0	-1.0	-1.0	-1.0	-1.0	-1.0	-1.0	-1.0	-1.0	-1.0	-1.0	-1.0	-1.0	-1.0	-1.0	-1.0	-1.0
-1.0	-1.0	-1.0	-1.0	-1.0	-1.0	-1.0	-1.0	-1.0	-1.0	-1.0	-1.0	-1.0	-1.0	-1.0	-1.0	-1.0	-1.0	-1.0	-1.0	-1.0	-1.0	-1.0	-1.0	-1.0	-1.0	-1.0	-1.0	-1.0	-1.0	-1.0	-1.0	-1.0	-1.0	-1.0	-1.0	-1.0	-1.0	-1.0	1.2002957335821873	1.2997996033449595	1.3764347161864654	1.1264234944510074	1.3593766151609499	1.0908611561269086	0.9490087438109428	1.2273621200712597	1.2038382719159504	1.0190362724180992	1.3374784586719262	1.1710716321386614	1.279766773931335	1.2004753407183482	1.2284957185239997	1.0787420028464136	1.213590960952753	1.2067877269878284	1.2995489672911889	1.1584132034849133	1.082192675584597	1.3763593067258975	1.2365179825625574	1.027872209614519	1.127986560369774	1.2755846755511375	1.2124422818343847	1.2912810432396202	1.3499570949252053	1.1093460628375045	1.2142770156710192	1.260635153614158	1.054489154429364	1.306003850833437	1.0032179629232163	-1.0	-1.0	-1.0	-1.0	-1.0	-1.0	-1.0	-1.0	-1.0	-1.0	-1.0	-1.0	-1.0	-1.0	-1.0	-1.0	-1.0	-1.0	-1.0	-1.0	-1.0	-1.0	-1.0	-1.0	-1.0	-1.0
-1.0	-1.0	-1.0	-1.0	-1.0	-1.0	-1.0	-1.0	-1.0	-1.0	-1.0	-1.0	-1.0	-1.0	-1.0	-1.0	-1.0	-1.0	-1.0	-1.0	-1.0	-1.0	-1.0	-1.0	-1.0	-1.0	-1.0	-1.0	-1.0	-1.0	-1.0	-1.0	-1.0	-1.0	-1.0	-1.0	-1.0	-1.0	-1.0	1.2314541481304853	1.3868663875016476	1.2201631911589401	1.1185155248246814	1.1527085377130875	1.2372730676137496	1.271130887668428	1.1484441343034015	1.1063558170277503	1.003680611717369	1.2423086720785073	1.346615959615653	1.1907371053767113	1.1483801693265685	1.2044522385311243	1.3279257221664549	1.1662127821921127	1.1741877833874086	1.1265106142762595	1.1988697753159814	1.319495038445139	1.3443272716096883	1.1880532256935006	1.2883686750341445	1.2428098814867807	1.275517140567315	0.9896797488359961	1.261950817115125	1.3158431569738533	1.2315336455511652	1.2271150371317239	1.0496533383121769	1.1321208358790729	1.1201901160765244	1.1165610058933648	-1.0	-1.0	-1.0	-1.0	-1.0	-1.0	-1.0	-1.0	-1.0	-1.0	-1.0	-1.0	-1.0	-1.0	-1.0	-1.0	-1.0	-1.0	-1.0	-1.0	-1.0	-1.0	-1.0	-1.0	-1.0	-1.0
-1.0	-1.0	-1.0	-1.0	-1.0	-1.0	-1.0	-1.0	-1.0	-1.0	-1.0	-1.0	-1.0	-1.0	-1.0	-1.0	-1.0	-1.0	-1.0	-1.0	-1.0	-1.0	-1.0	-1.0	-1.0	-1.0	-1.0	-1.0	-1.0	-1.0	-1.0	-1.0	-1.0	-1.0	-1.0	-1.0	-1.0	-1.0	-1.0	1.2180677819384422	1.214269660832053	1.1718731227395416	1.2116353417112045	1.1385929304804885	1.0945884415499778	1.3685685981630176	1.2692059881645705	1.317684400887509	1.1752883099219034	1.135857477296663	1.2400143433139865	1.2782776016667359	1.0988789026996173	1.2667619221124549	1.3546002730881497	1.1925063460778833	1.1762066980870074	1.1678637700707963	0.9239701267591529	1.2997836565368466	1.200534701948983	1.1946561139200755	1.2832335579434675	1.2349621184881112	1.3212523463296733	1.0918690663008805	1.1045278624818584	1.2143084298080795	1.2843301932269222	1.1101022649823653	1.0066786646818602	1.2988431169511685	1.4608293078830836	1.1379188524879564	-1.0	-1.0	-1.0	-1.0	-1.0	-1.0	-1.0	-1.0	-1.0	-1.0	-1.0	-1.0	-1.0	-1.0	-1.0	-1.0	-1.0	-1.0	-1.0	-1.0	-1.0	-1.0	-1.0	-1.0	-1.0	-1.0
-1.0	-1.0	-1.0	-1.0	-1.0	-1.0	-1.0	-1.0	-1.0	-1.0	-1.0	-1.0	-1.0	-1.0	-1.0	-1.0	-1.0	-1.0	-1.0	-1.0	-1.0	-1.0	-1.0	-1.0	-1.0	-1.0	-1.0	-1.0	-1.0	-1.0	-1.0	-1.0	-1.0	-1.0	-1.0	-1.0	-1.0	-1.0	-1.0	1.074414035300332	1.3916309202551433	1.0552986225991803	1.3442851982874275	1.3887780578769735	1.2607776581954027	1.1207209072611504	1.3855894914155265	1.4058410247973083	1.1320700485470971	1.2174967261489167	1.245364615332586	1.228418804260096	1.3142257653193432	1.1788392326670198	1.3325889512306772	1.2342587137138292	1.1741249517918202	1.375812287383549	1.280883489771663	1.1013224938635928	1.1517942532234897	1.3062789220138056	1.1296970563979079	1.24316621609616	1.18472820335539	1.2167841789143194	1.2949349081123198	1.092422026086605	1.3009534590561669	1.3388688780966358	1.359954453031541	1.1109720407585941	1.1055801224233088	1.0891760860476096	-1.0	-1.0	-1.0	-1.0	-1.0	-1.0	-1.0	-1.0	-1.0	-1.0	-1.0	-1.0	-1.0	-1.0	-1.0	-1.0	-1.0	-1.0	-1.0	-1.0	-1.0	-1.0	-1.0	-1.0	-1.0	-1.0
-1.0	-1.0	-1.0	-1.0	-1.0	-1.0	-1.0	-1.0	-1.0	-1.0	-1.0	-1.0	-1.0	-1.0	-1.0	-1.0	-1.0	-1.0	-1.0	-1.0	-1.0	-1.0	-1.0	-1.0	-1.0	-1.0	-1.0	-1.0	-1.0	-1.0	-1.0	-1.0	-1.0	-1.0	-1.0	-1.0	-1.0	-1.0	-1.0	1.001924842711081	1.2701625752026966	1.1548072138252192	1.3960939186727503	1.2546431212765903	1.122440393639021	1.312538065682182	1.170648280412167	1.2515279444347078	1.2522676226986618	1.3762533332087041	1.2084625608485868	1.195166146983969	1.2473009483048827	1.150355249051536	1.2891394888832377	1.3139268476358223	1.1065303778420552	1.1172048011314375	1.408649453872309	1.2403819370613707	1.3699268087266134	1.21886957282665	1.2756083166544958	1.180376792411349	1.133414648186337	1.211459119892477	1.1822053393321785	1.0954299286040368	1.2002399595775022	1.0557563791983502	1.3094711888113786	1.0311964109879497	1.1927470358458756	1.2799420932928585	-1.0	-1.0	-1.0	-1.0	-1.0	-1.0	-1.0	-1.0	-1.0	-1.0	-1.0	-1.0	-1.0	-1.0	-1.0	-1.0	-1.0	-1.0	-1.0	-1.0	-1.0	-1.0	-1.0	-1.0	-1.0	-1.0
-1.0	-1.0	-1.0	-1.0	-1.0	-1.0	-1.0	-1.0	-1.0	-1.0	-1.0	-1.0	-1.0	-1.0	-1.0	-1.0	-1.0	-1.0	-1.0	-1.0	-1.0	-1.0	-1.0	-1.0	-1.0	-1.0	-1.0	-1.0	-1.0	-1.0	-1.0	-1.0	-1.0	-1.0	-1.0	-1.0	-1.0	-1.0	-1.0	1.2278603649962898	1.1770982284029772	1.2241591797231302	1.2682208911834119	1.3507654866346317	1.295099554749918	1.1159447247118706	1.2748981855395092	1.292372853276911	1.1343316033642332	1.1729136792806434	1.1278793268785159	1.246953784209984	1.1766048082250706	1.130479957142128	1.2505764425490598	1.257390677812165	1.1765378135210813	1.2238855272013713	1.35422071888864	1.2173584669681432	1.3991060405237579	1.0419074028740687	1.1904871492541964	1.29048070343762	1.2273595335581688	1.1969832446830229	1.1175882757062792	1.2475215381369436	1.3911607431272772	1.1845832127035176	1.1234655426104954	1.2783164282521526	1.2465584895693198	1.1532201437221332	-1.0	-1.0	-1.0	-1.0	-1.0	-1.0	-1.0	-1.0	-1.0	-1.0	-1.0	-1.0	-1.0	-1.0	-1.0	-1.0	-1.0	-1.0	-1.0	-1.0	-1.0	-1.0	-1.0	-1.0	-1.0	-1.0
-1.0	-1.0	-1.0	-1.0	-1.0	-1.0	-1.0	-1.0	-1.0	-1.0	-1.0	-1.0	-1.0	-1.0	-1.0	-1.0	-1.0	-1.0	-1.0	-1.0	-1.0	-1.0	-1.0	-1.0	-1.0	-1.0	-1.0	-1.0	-1.0	-1.0	-1.0	-1.0	-1.0	-1.0	-1.0	-1.0	-1.0	-1.0	-1.0	1.2688064759608992	1.1431760028457023	1.3475182687476168	1.3546292863129024	1.4450189513398954	1.2942939722033366	1.1669953860907007	1.1220328903638368	1.1226625357868134	1.1835971097121374	1.063434221725828	1.149215763226193	1.344726296995309	1.130513371644344	1.1455876752622256	1.2564300606906023	1.335814509873359	1.3894779072986854	1.3343139781718751	1.163298587528127	1.08309925369474	1.1829411166640662	1.1724227167432713	1.1519690081273082	1.2866817682208245	1.2862696381518852	1.1629266184463154	1.3192820313743505	1.1657851332849087	1.1304276924574839	1.0719409907166815	1.1549020050984993	1.150449926074601	1.0181567831772493	1.1599187701405569	-1.0	-1.0	-1.0	-1.0	-1.0	-1.0	-1.0	-1.0	-1.0	-1.0	-1.0	-1.0	-1.0	-1.0	-1.0	-1.0	-1.0	-1.0	-1.0	-1.0	-1.0	-1.0	-1.0	-1.0	-1.0	-1.0
-1.0	-1.0	-1.0	-1.0	-1.0	-1.0	-1.0	-1.0	-1.0	-1.0	-1.0	-1.0	-1.0	-1.0	-1.0	-1.0	-1.0	-1.0	-1.0	-1.0	-1.0	-1.0	-1.0	-1.0	-1.0	-1.0	-1.0	-1.0	-1.0	-1.0	-1.0	-1.0	-1.0	-1.0	-1.0	-1.0	-1.0	-1.0	-1.0	1.2322185394942582	1.1302300492630974	1.2325935121568077	1.3849548123790103	1.1337444169953659	1.130144903324679	1.3219075786374153	1.2422745468816245	1.2354775994681642	1.3593821990266817	1.2727813851479703	1.2357778189521222	1.3367822621986227	0.9598767213719721	1.1174263187482139	1.1491483932977937	1.3785637780047961	1.2987404988985707	1.1778431081763858	1.186772744872871	1.2331804191975553	1.0577667824177173	1.2988811959902546	1.333752400788088	1.068579409965187	1.3140296493035157	1.2149964012065988	1.2046410145983695	1.2220252941288225	1.2083122761733098	1.0015436784099645	1.1953952489437714	1.2889337933428913	1.2170599675103226	1.274080534426751	-1.0	-1.0	-1.0	-1.0	-1.0	-1.0	-1.0	-1.0	-1.0	-1.0	-1.0	-1.0	-1.0	-1.0	-1.0	-1.0	-1.0	-1.0	-1.0	-1.0	-1.0	-1.0	-1.0	-1.0	-1.0	-1.0
-1.0	-1.0	-1.0	-1.0	-1.0	-1.0	-1.0	-1.0	-1.0	-1.0	-1.0	-1.0	-1.0	-1.0	-1.0	-1.0	-1.0	-1.0	-1.0	-1.0	-1.0	-1.0	-1.0	-1.0	-1.0	-1.0	-1.0	-1.0	-1.0	-1.0	-1.0	-1.0	-1.0	-1.0	-1.0	-1.0	-1.0	-1.0	-1.0	1.3069221381655967	1.1941704933283581	1.1219427603036052	1.052584734041379	1.169566378201062	1.1087901284580786	1.0935244711152776	1.1289200856861612	1.2067452586183034	1.341519642349339	1.1967048225595318	1.1973702987695551	1.2196576186307289	1.138746476294474	1.451735999250407	1.2148915828266096	1.0355946576304969	1.322031568414495	1.1084961981033008	1.2188147017693352	1.2011056719538427	1.2961974149589959	1.0133331996739208	0.8762063346869022	1.3885783813972903	1.0415671160903925	1.264521619627604	1.1655754544466665	1.0906908425785637	1.1928796612236237	1.1842714816518443	1.2785947241544107	1.2494371672535203	1.0543530690279406	1.0742614727050817	-1.0	-1.0	-1.0	-1.0	-1.0	-1.0	-1.0	-1.0	-1.0	-1.0	-1.0	-1.0	-1.0	-1.0	-1.0	-1.0	-1.0	-1.0	-1.0	-1.0	-1.0	-1.0	-1.0	-1.0	-1.0	-1.0
-1.0	-1.0	-1.0	-1.0	-1.0	-1.0	-1.0	-1.0	-1.0	-1.0	-1.0	-1.0	-1.0	-1.0	-1.0	-1.0	-1.0	-1.0	-1.0	-1.0	-1.0	-1.0	-1.0	-1.0	-1.0	-1.0	-1.0	-1.0	-1.0	-1.0	-1.0	-1.0	-1.0	-1.0	-1.0	-1.0	-1.0	-1.0	-1.0	1.3617837198298772	1.2102454000170437	1.1471368686966814	1.146544487245038	1.171804531311621	1.171843733090955	1.2049416480814668	1.379404312450189	1.1902179383813234	1.0677574350328154	1.281688171094979	1.1741683991252287	1.5940654398680736	1.1635986626148738	1.0670554763207456	1.3114959418711116	1.2132288162119675	1.266907329823923	1.3299921742604601	1.2308573786738553	1.216812203252135	1.1510737214012488	1.2087434868814813	1.2239532811948537	1.116823055348597	1.178290973065598	1.201002370335342	1.2157794795067742	1.1334997337186574	1.2450849219196856	1.0824662510913778	1.3547515146070892	1.1551486910449507	1.1647292828880544	1.363303062619672	-1.0	-1.0	-1.0	-1.0	-1.0	-1.0	-1.0	-1.0	-1.0	-1.0	-1.0	-1.0	-1.0	-1.0	-1.0	-1.0	-1.0	-1.0	-1.0	-1.0	-1.0	-1.0	-1.0	-1.0	-1.0	-1.0
-1.0	-1.0	-1.0	-1.0	-1.0	-1.0	-1.0	-1.0	-1.0	-1.0	-1.0	-1.0	-1.0	-1.0	-1.0	-1.0	-1.0	-1.0	-1.0	-1.0	-1.0	-1.0	-1.0	-1.0	-1.0	-1.0	-1.0	-1.0	-1.0	-1.0	-1.0	-1.0	-1.0	-1.0	-1.0	-1.0	-1.0	-1.0	-1.0	1.011567535060233	1.2028313671389956	1.1985135980043833	1.4235841431894802	1.1646437953935618	1.0941636717874565	1.0539855141335948	1.3028173175881417	1.3359237359111957	1.2696475081572878	1.0159979200984617	1.1546157262504655	1.0997143646686478	0.942545381571493	1.1703221193820688	1.212593223278535	1.0004633231521693	1.310734316568775	1.4333137977978487	1.270214489089479	1.1851959598241293	1.1350258518556708	1.339360802820924	1.2131776656690023	1.3232344054132505	1.203330099092391	1.224623604358949	1.2003529499121859	1.1796900883565724	1.0680604687156705	1.2734785951598597	1.064194090159981	1.1990254399031302	1.2799729894817085	1.2007891176947867	-1.0	-1.0	-1.0	-1.0	-1.0	-1.0	-1.0	-1.0	-1.0	-1.0	-1.0	-1.0	-1.0	-1.0	-1.0	-1.0	-1.0	-1.0	-1.0	-1.0	-1.0	-1.0	-1.0	-1.0	-1.0	-1.0
-1.0	-1.0	-1.0	-1.0	-1.0	-1.0	-1.0	-1.0	-1.0	-1.0	-1.0	-1.0	-1.0	-1.0	-1.0	-1.0	-1.0	-1.0	-1.0	-1.0	-1.0	-1.0	-1.0	-1.0	-1.0	-1.0	-1.0	-1.0	-1.0	-1.0	-1.0	-1.0	-1.0	-1.0	-1.0	-1.0	-1.0	-1.0	-1.0	1.1427790588285407	1.1551039787679305	1.256831604337544	1.2473225920505793	1.2315713702246303	1.2500752768401093	1.3568369092949455	1.2284456792348888	1.2540841694067566	1.1527757556888991	1.3439216023161467	1.1658293418860737	1.0998408946795635	1.2871156087726079	1.1604235592118832	1.029407757542777	1.2131876160181163	1.212232051701575	1.086182253400075	1.0782541744286773	1.191145607412946	1.1160301887031607	1.24010007353784	1.2214047986242889	1.1388966760194226	1.1716526713611484	1.027435520893372	1.1654800273898982	1.1364658738103417	1.0065315441774756	1.2080749993359727	1.2277107804183751	1.1618341851920495	1.2181085790180808	1.388497926515646	-1.0	-1.0	-1.0	-1.0	-1.0	-1.0	-1.0	-1.0	-1.0	-1.0	-1.0	-1.0	-1.0	-1.0	-1.0	-1.0	-1.0	-1.0	-1.0	-1.0	-1.0	-1.0	-1.0	-1.0	-1.0	-1.0
-1.0	-1.0	-1.0	-1.0	-1.0	-1.0	-1.0	-1.0	-1.0	-1.0	-1.0	-1.0	-1.0	-1.0	-1.0	-1.0	-1.0	-1.0	-1.0	-1.0	-1.0	-1.0	-1.0	-1.0	-1.0	-1.0	-1.0	-1.0	-1.0	-1.0	-1.0	-1.0	-1.0	-1.0	-1.0	-1.0	-1.0	-1.0	-1.0	1.134163712074431	1.3088639892498442	1.172685246015572	1.2034365451246278	1.0798624978116582	1.35499311500688	1.3026386962134306	1.2559550163374782	1.3470922826361524	1.2865778091619866	1.077712580303865	1.2307323886049286	1.1690259690427607	1.1549817318373123	1.1744910828038082	1.317828734682887	1.1605403134658758	1.3555134731123246	1.202361029175625	1.31154238912768	1.2642806888210134	1.2656982329199757	1.245544009599817	1.3954843391999607	1.2359455474568297	1.3186363641913792	1.1718990562502847	1.052764393591747	1.250604322301879	1.0997537261919628	1.1033325193597154	1.2883583717372284	1.061984295456166	1.174677847915953	1.2761821754125953	-1.0	-1.0	-1.0	-1.0	-1.0	-1.0	-1.0	-1.0	-1.0	-1.0	-1.0	-1.0	-1.0	-1.0	-1.0	-1.0	-1.0	-1.0	-1.0	-1.0	-1.0	-1.0	-1.0	-1.0	-1.0	-1.0
-1.0	-1.0	-1.0	-1.0	-1.0	-1.0	-1.0	-1.0	-1.0	-1.0	-1.0	-1.0	-1.0	-1.0	-1.0	-1.0	-1.0	-1.0	-1.0	-1.0	-1.0	-1.0	-1.0	-1.0	-1.0	-1.0	-1.0	-1.0	-1.0	-1.0	-1.0	-1.0	-1.0	-1.0	-1.0	-1.0	-1.0	-1.0	-1.0	1.1906643665513992	1.0380579189079473	1.2011722291295315	1.1541659164655969	1.1834813141245322	0.982734147666005	1.2439323282377732	1.1058378964194977	1.2672475086725543	1.0823719536868783	1.3253088676097442	1.082180985351312	1.2521490678553417	1.1833072475381325	1.323647678298447	1.2352934912233278	1.2718792968216188	1.1225769245000776	1.0905805255673047	1.2489734038665865	1.2752352276521894	1.2861463281762249	1.2508509352754917	1.2661716335528577	1.2134084819687	1.2216761795633433	1.1749574331522241	1.4207542668994457	1.2465039888998752	1.129318839962784	1.0651377047465707	1.1537484922269279	1.2505006096960183	1.2558487972970847	1.1902338899170641	-1.0	-1.0	-1.0	-1.0	-1.0	-1.0	-1.0	-1.0	-1.0	-1.0	-1.0	-1.0	-1.0	-1.0	-1.0	-1.0	-1.0	-1.0	-1.0	-1.0	-1.0	-1.0	-1.0	-1.0	-1.0	-1.0
-1.0	-1.0	-1.0	-1.0	-1.0	-1.0	-1.0	-1.0	-1.0	-1.0	-1.0	-1.0	-1.0	-1.0	-1.0	-1.0	-1.0	-1.0	-1.0	-1.0	-1.0	-1.0	-1.0	-1.0	-1.0	-1.0	-1.0	-1.0	-1.0	-1.0	-1.0	-1.0	-1.0	-1.0	-1.0	-1.0	-1.0	-1.0	-1.0	1.2933304847690512	1.196714757958238	1.2445816833568526	1.321610815139207	1.1770859596570586	1.2606064987410326	1.1668713170494023	1.1322553809673235	1.0259697749053354	1.293953751188666	1.2537643089703403	1.1192171796158477	1.0784069766482038	1.1677236575430348	1.1382870595303387	1.224634772269474	1.3078332344695045	1.0687058288335876	1.2531305752660886	1.2098389086433945	0.9557125642871593	1.1883790918365644	1.2181123092288433	1.0540402671508087	1.230154954925317	1.2075177284495255	1.1838148067676375	1.2245724267897193	1.2974052720634317	0.9870357630847426	1.1561498532505932	1.157816212068386	1.2605144643555335	1.4335782936207662	1.2889197070560707	-1.0	-1.0	-1.0	-1.0	-1.0	-1.0	-1.0	-1.0	-1.0	-1.0	-1.0	-1.0	-1.0	-1.0	-1.0	-1.0	-1.0	-1.0	-1.0	-1.0	-1.0	-1.0	-1.0	-1.0	-1.0	-1.0
-1.0	-1.0	-1.0	-1.0	-1.0	-1.0	-1.0	-1.0	-1.0	-1.0	-1.0	-1.0	-1.0	-1.0	-1.0	-1.0	-1.0	-1.0	-1.0	-1.0	-1.0	-1.0	-1.0	-1.0	-1.0	-1.0	-1.0	-1.0	-1.0	-1.0	-1.0	-1.0	-1.0	-1.0	-1.0	-1.0	-1.0	-1.0	-1.0	1.1662831383962937	1.1430064161830837	1.2828368666293937	1.1458879390980028	1.1059146383498406	1.0995064554857197	1.141032559209243	1.39446620918323	1.2300408800613898	1.1667269371363744	1.408898174288855	1.2938595222189295	1.3229940576010015	1.203282078524869	1.0929015155243123	1.2792190024115226	1.055922070003942	1.095018877921253	1.1780435913387073	1.2718007475453894	1.151746175567866	1.2184454360065946	1.3046336609915314	1.4315212286128638	1.2437986666094214	1.3265027928461732	1.1505779257984763	1.2529267910969768	1.2422449869153258	1.165742500261189	1.159256588876557	1.1808785610316215	1.172257809016816	1.0515647605778093	1.2957657900624753	-1.0	-1.0	-1.0	-1.0	-1.0	-1.0	-1.0	-1.0	-1.0	-1.0	-1.0	-1.0	-1.0	-1.0	-1.0	-1.0	-1.0	-1.0	-1.0	-1.0	-1.0	-1.0	-1.0	-1.0	-1.0	-1.0
-1.0	-1.0	-1.0	-1.0	-1.0	-1.0	-1.0	-1.0	-1.0	-1.0	-1.0	-1.0	-1.0	-1.0	-1.0	-1.0	-1.0	-1.0	-1.0	-1.0	-1.0	-1.0	-1.0	-1.0	-1.0	-1.0	-1.0	-1.0	-1.0	-1.0	-1.0	-1.0	-1.0	-1.0	-1.0	-1.0	-1.0	-1.0	-1.0	1.2531230194763487	1.149837483310485	1.498789615979765	1.2110273780870149	1.0540774125582817	1.0821425127589448	1.2872315239378809	1.2249419599713252	1.2218089153782676	1.1347242800504835	1.2204366971044691	1.29853121342269	1.2443326283297576	1.2715840212821445	0.9978633542451568	1.3326765978549415	1.2549234263172813	1.142773618572817	1.2287632861532052	1.1071583103933982	1.1550298265255672	1.2978713238368307	1.1494441393026245	1.3037423913771142	1.1852390749961423	1.2898892247961036	1.3658341707714547	1.057263303093611	1.2362588089344342	1.118879204460334	1.209073730203842	1.3970857404390142	1.2730126572666032	1.3399731471935636	1.2498364870635508	-1.0	-1.0	-1.0	-1.0	-1.0	-1.0	-1.0	-1.0	-1.0	-1.0	-1.0	-1.0	-1.0	-1.0	-1.0	-1.0	-1.0	-1.0	-1.0	-1.0	-1.0	-1.0	-1.0	-1.0	-1.0	-1.0
-1.0	-1.0	-1.0	-1.0	-1.0	-1.0	-1.0	-1.0	-1.0	-1.0	-1.0	-1.0	-1.0	-1.0	-1.0	-1.0	-1.0	-1.0	-1.0	-1.0	-1.0	-1.0	-1.0	-1.0	-1.0	-1.0	-1.0	-1.0	-1.0	-1.0	-1.0	-1.0	-1.0	-1.0	-1.0	-1.0	-1.0	-1.0	-1.0	1.2026008326627093	1.1977626967055912	1.3621544488694073	1.1225007894211663	1.0947874600097225	1.2329535473738826	1.0557691328649166	1.0400866765612287	1.1268549293758001	1.0297139208401496	1.3939750640912387	1.257957502963113	1.3487796125404024	1.1426491242696544	1.1505760278063846	1.3185540644346805	1.3662299213245137	1.1076512370829172	1.171937157303729	1.0485943012609835	1.0824598592413246	1.2708176976180336	1.0725870082032025	1.3971446463585493	1.0839025997874299	1.148405623266	1.2451601894846074	1.164114474878966	1.2847628237984496	1.1855717000372614	1.2410866691784384	1.257597269934418	1.3728990644627495	1.2219648634566	1.348620461506838	-1.0	-1.0	-1.0	-1.0	-1.0	-1.0	-1.0	-1.0	-1.0	-1.0	-1.0	-1.0	-1.0	-1.0	-1.0	-1.0	-1.0	-1.0	-1.0	-1.0	-1.0	-1.0	-1.0	-1.0	-1.0	-1.0
-1.0	-1.0	-1.0	-1.0	-1.0	-1.0	-1.0	-1.0	-1.0	-1.0	-1.0	-1.0	-1.0	-1.0	-1.0	-1.0	-1.0	-1.0	-1.0	-1.0	-1.0	-1.0	-1.0	-1.0	-1.0	-1.0	-1.0	-1.0	-1.0	-1.0	-1.0	-1.0	-1.0	-1.0	-1.0	-1.0	-1.0	-1.0	-1.0	1.0867925421655442	1.3187460136835418	1.3358660608415245	1.403624791156569	1.1413289232177726	1.143163055794579	1.1332228832584814	1.0832822862009939	1.1940069004134313	1.2246935833723527	1.2251986589270774	1.2683273279226592	1.217441601105656	1.194869460652914	1.144452087656473	1.3533337139846169	1.1193299645215273	1.328964923720116	1.2031775800736346	1.407710286846128	1.1416982950339971	1.0748853240576246	1.2817219041668242	1.1908524691500195	1.250602100776895	1.1094896744679836	1.1636769365025472	1.240707333477714	1.1945188261025907	1.2268669892253612	1.1729672671390994	1.1271417793793468	1.1388710210327486	1.133466764628484	1.0666280118923441	-1.0	-1.0	-1.0	-1.0	-1.0	-1.0	-1.0	-1.0	-1.0	-1.0	-1.0	-1.0	-1.0	-1.0	-1.0	-1.0	-1.0	-1.0	-1.0	-1.0	-1.0	-1.0	-1.0	-1.0	-1.0	-1.0
-1.0	-1.0	-1.0	-1.0	-1.0	-1.0	-1.0	-1.0	-1.0	-1.0	-1.0	-1.0	-1.0	-1.0	-1.0	-1.0	-1.0	-1.0	-1.0	-1.0	-1.0	-1.0	-1.0	-1.0	-1.0	-1.0	-1.0	-1.0	-1.0	-1.0	-1.0	-1.0	-1.0	-1.0	-1.0	-1.0	-1.0	-1.0	-1.0	1.2610341001204013	1.2038754524760489	1.3051454236379008	1.1691651688709224	1.1132852495215015	1.341671995977727	1.2239769289132039	1.0816590043150867	1.329912593399955	1.233394352302339	1.2657407458358072	1.2774680757363766	1.34479460202645	1.0089305810287221	1.2232240982294122	1.2900387339316142	1.1728191784681867	1.2462611591069341	1.1667352779020783	1.2178821163571434	1.2544411777313897	1.221874093462249	1.3056271841961289	1.3099513933308728	1.2513365982205338	1.1764598235321673	1.1329764936016908	1.0610980859611787	1.0097969283116985	1.1188626351863449	1.2478547936327198	1.4215549598885997	1.2160721040248625	1.1084066048993655	1.182765488635833	-1.0	-1.0	-1.0	-1.0	-1.0	-1.0	-1.0	-1.0	-1.0	-1.0	-1.0	-1.0	-1.0	-1.0	-1.0	-1.0	-1.0	-1.0	-1.0	-1.0	-1.0	-1.0	-1.0	-1.0	-1.0	-1.0
-1.0	-1.0	-1.0	-1.0	-1.0	-1.0	-1.0	-1.0	-1.0	-1.0	-1.0	-1.0	-1.0	-1.0	-1.0	-1.0	-1.0	-1.0	-1.0	-1.0	-1.0	-1.0	-1.0	-1.0	-1.0	-1.0	-1.0	-1.0	-1.0	-1.0	-1.0	-1.0	-1.0	-1.0	-1.0	-1.0	-1.0	-1.0	-1.0	1.2098121150828076	1.128380108893729	1.1384857199014111	1.1167940681722186	1.1727432631170773	1.2890524715074827	1.1823887917951343	1.116924900991141	1.125782757693759	1.2128118658307934	1.2367175415265872	1.1408548635274998	1.1581943899563194	1.3945210926804146	1.0493474022054243	1.2211711818667024	1.3278652327958576	1.1748636133457508	1.2896718954911142	1.309491556549686	1.217513922100453	1.2942843408703317	1.263331831125301	1.2008028183848813	1.098024324528697	1.1956299856524384	1.1792147176610772	1.2905980487475777	1.0527980200035278	1.1773066809311088	1.3434289869742724	1.2053716130653962	1.2104766244022396	1.1779592204333016	1.2840835989692039	-1.0	-1.0	-1.0	-1.0	-1.0	-1.0	-1.0	-1.0	-1.0	-1.0	-1.0	-1.0	-1.0	-1.0	-1.0	-1.0	-1.0	-1.0	-1.0	-1.0	-1.0	-1.0	-1.0	-1.0	-1.0	-1.0
-1.0	-1.0	-1.0	-1.0	-1.0	-1.0	-1.0	-1.0	-1.0	-1.0	-1.0	-1.0	-1.0	-1.0	-1.0	-1.0	-1.0	-1.0	-1.0	-1.0	-1.0	-1.0	-1.0	-1.0	-1.0	-1.0	-1.0	-1.0	-1.0	-1.0	-1.0	-1.0	-1.0	-1.0	-1.0	-1.0	-1.0	-1.0	-1.0	1.2953949513145435	1.1795634052469468	1.096060157954165	1.1290827807457278	1.2639580403753414	1.3466843636020105	1.1502654095498728	1.2013583514742665	1.1595014849974787	1.0658474029148426	1.1383976256261097	1.44023809960643	1.1388504045835326	1.1376367896708268	1.1769573412256535	1.3416986339952919	1.1551715077057805	1.2124398557043041	1.0951592282316207	1.416398358761609	1.2766385645586822	1.0194076960657068	1.2461935594457878	1.2547949521031274	1.217720918449931	1.2240170692802455	1.0674154883562041	1.2945966366973836	1.3581102744063984	1.2116219673272293	1.1961184426668123	1.1727470290848105	1.2143807383249874	1.0485568159381495	1.345326210325401	-1.0	-1.0	-1.0	-1.0	-1.0	-1.0	-1.0	-1.0	-1.0	-1.0	-1.0	-1.0	-1.0	-1.0	-1.0	-1.0	-1.0	-1.0	-1.0	-1.0	-1.0	-1.0	-1.0	-1.0	-1.0	-1.0
-1.0	-1.0	-1.0	-1.0	-1.0	-1.0	-1.0	-1.0	-1.0	-1.0	-1.0	-1.0	-1.0	-1.0	-1.0	-1.0	-1.0	-1.0	-1.0	-1.0	-1.0	-1.0	-1.0	-1.0	-1.0	-1.0	-1.0	-1.0	-1.0	-1.0	-1.0	-1.0	-1.0	-1.0	-1.0	-1.0	-1.0	-1.0	-1.0	1.2312244052066266	1.3044156675478802	1.2103310128710096	1.1740566831219343	1.2406619851859533	1.1230213447632873	1.1041646096816833	1.0937830258273546	1.1870219741240393	1.2327424818473876	1.1861824628641053	1.1964227290569023	1.2711135235566908	1.2333245976817246	1.2226836392207163	1.080961333987789	1.3016764993741359	1.2026006148286603	1.158547850553559	1.1143133399099265	1.0961225233403158	1.1187109513666376	1.267445519888354	1.2964338338357786	1.2827534463007686	1.4045258107776752	1.099857359259636	1.295073971954811	1.304034067157663	1.1938213864590517	1.218904716852215	1.079582832103819	1.2232951644987433	1.2475632310220623	1.1646500012699659	-1.0	-1.0	-1.0	-1.0	-1.0	-1.0	-1.0	-1.0	-1.0	-1.0	-1.0	-1.0	-1.0	-1.0	-1.0	-1.0	-1.0	-1.0	-1.0	-1.0	-1.0	-1.0	-1.0	-1.0	-1.0	-1.0
-1.0	-1.0	-1.0	-1.0	-1.0	-1.0	-1.0	-1.0	-1.0	-1.0	-1.0	-1.0	-1.0	-1.0	-1.0	-1.0	-1.0	-1.0	-1.0	-1.0	-1.0	-1.0	-1.0	-1.0	-1.0	-1.0	-1.0	-1.0	-1.0	-1.0	-1.0	-1.0	-1.0	-1.0	-1.0	-1.0	-1.0	-1.0	-1.0	1.3100064600980492	1.1867755497436476	1.1890927242322256	1.2634121821660977	1.3514921088378031	1.1980217119918737	1.173952674303217	1.011051996806926	1.1510077907730187	1.1315737585883245	1.2121157706959094	1.1849586695905583	1.3023432656593124	1.0832290021387032	1.2941508463868243	1.3117929429275366	1.205042501371052	1.0290210268876843	1.2676014550889267	1.172572264783771	1.17276001260483	1.2520865243736345	1.0444026756871883	1.0703604368887687	1.3441520547381023	1.0862256727303445	1.2581153376315828	1.0909217032929126	1.3062759130712351	1.2539492076796888	1.2224189054927599	1.2968497254570182	1.0456746335067724	1.1754564900704316	1.1988088448453593	-1.0	-1.0	-1.0	-1.0	-1.0	-1.0	-1.0	-1.0	-1.0	-1.0	-1.0	-1.0	-1.0	-1.0	-1.0	-1.0	-1.0	-1.0	-1.0	-1.0	-1.0	-1.0	-1.0	-1.0	-1.0	-1.0
-1.0	-1.0	-1.0	-1.0	-1.0	-1.0	-1.0	-1.0	-1.0	-1.0	-1.0	-1.0	-1.0	-1.0	-1.0	-1.0	-1.0	-1.0	-1.0	-1.0	-1.0	-1.0	-1.0	-1.0	-1.0	-1.0	-1.0	-1.0	-1.0	-1.0	-1.0	-1.0	-1.0	-1.0	-1.0	-1.0	-1.0	-1.0	-1.0	1.3198510310353464	1.042385266735075	1.1041557254362198	1.390390145882746	1.3048398558497332	1.222647686334769	1.2718405054552346	1.3572720118054433	1.138192823368298	1.0449461527167196	1.1068614937795458	1.187314622406673	1.3607214859549042	1.3469970593063976	1.2927496342417235	1.4186996906289082	1.1780694385821926	1.1935436861601076	1.131439622885153	1.3442455191678324	1.1840365120653655	1.220494445329646	1.1228583435508543	1.1839664051423928	1.1554860984896205	1.305565124957066	1.21323266303391	1.0100310947066988	1.2469298736576613	1.3869276403713915	1.2537603841796296	1.1166750165969341	1.2234322471465215	1.1547551581914037	1.151189859326405	-1.0	-1.0	-1.0	-1.0	-1.0	-1.0	-1.0	-1.0	-1.0	-1.0	-1.0	-1.0	-1.0	-1.0	-1.0	-1.0	-1.0	-1.0	-1.0	-1.0	-1.0	-1.0	-1.0	-1.0	-1.0	-1.0
-1.0	-1.0	-1.0	-1.0	-1.0	-1.0	-1.0	-1.0	-1.0	-1.0	-1.0	-1.0	-1.0	-1.0	-1.0	-1.0	-1.0	-1.0	-1.0	-1.0	-1.0	-1.0	-1.0	-1.0	-1.0	-1.0	-1.0	-1.0	-1.0	-1.0	-1.0	-1.0	-1.0	-1.0	-1.0	-1.0	-1.0	-1.0	-1.0	1.4008020660480411	1.151853607097501	1.0913580433306658	1.130101052099866	1.1088841150861986	1.0393891567814335	1.294296352153804	1.4047932344622305	0.9755652474337522	1.1990802416228692	1.292022316250731	1.359785535036731	1.2850232477169024	1.0412340132099525	1.2376161697016386	1.2679510860245826	1.2703017969275603	1.2493119156249217	1.3639322636637203	1.2029794035127597	1.1851094802315119	1.1865953029650098	1.2050482442883983	1.1945591046602042	1.4274130704723136	1.2301452734135156	1.2193340437043567	1.077083119133993	1.0940331155235388	1.1919607944103559	1.3111633439141934	1.2022910806164286	1.1066993734268078	1.2370447669988962	1.2120532039282224	-1.0	-1.0	-1.0	-1.0	-1.0	-1.0	-1.0	-1.0	-1.0	-1.0	-1.0	-1.0	-1.0	-1.0	-1.0	-1.0	-1.0	-1.0	-1.0	-1.0	-1.0	-1.0	-1.0	-1.0	-1.0	-1.0
-1.0	-1.0	-1.0	-1.0	-1.0	-1.0	-1.0	-1.0	-1.0	-1.0	-1.0	-1.0	-1.0	-1.0	-1.0	-1.0	-1.0	-1.0	-1.0	-1.0	-1.0	-1.0	-1.0	-1.0	-1.0	-1.0	-1.0	-1.0	-1.0	-1.0	-1.0	-1.0	-1.0	-1.0	-1.0	-1.0	-1.0	-1.0	-1.0	1.2023653251908715	1.0671164789191185	1.1959772717925865	1.3036174665732565	1.3978846225842299	1.2296966986361715	0.9899850320896375	1.2439084359275219	1.2028965436878212	1.299308150609472	1.3544760351452094	1.3076525836453312	1.1830217244647372	1.2222696956700245	1.1297665200008613	1.4005141749455894	1.0867048660260963	1.2110846758038927	1.2700321950967781	1.2834128602979824	0.9892041702016664	1.3045038507526	1.3522777739605762	1.1741155057859956	1.2142601313482282	1.1537576470514077	1.1072954266727004	1.115305033993355	1.0621248273330834	1.2537427798907823	1.0561894821098823	0.9542573206064962	1.2520728647478274	1.2640021518304057	1.0075960900241883	-1.0	-1.0	-1.0	-1.0	-1.0	-1.0	-1.0	-1.0	-1.0	-1.0	-1.0	-1.0	-1.0	-1.0	-1.0	-1.0	-1.0	-1.0	-1.0	-1.0	-1.0	-1.0	-1.0	-1.0	-1.0	-1.0
-1.0	-1.0	-1.0	-1.0	-1.0	-1.0	-1.0	-1.0	-1.0	-1.0	-1.0	-1.0	-1.0	-1.0	-1.0	-1.0	-1.0	-1.0	-1.0	-1.0	-1.0	-1.0	-1.0	-1.0	-1.0	-1.0	-1.0	-1.0	-1.0	-1.0	-1.0	-1.0	-1.0	-1.0	-1.0	-1.0	-1.0	-1.0	-1.0	-1.0	-1.0	-1.0	-1.0	-1.0	-1.0	-1.0	-1.0	-1.0	-1.0	-1.0	-1.0	-1.0	-1.0	-1.0	-1.0	-1.0	-1.0	-1.0	-1.0	-1.0	-1.0	-1.0	-1.0	-1.0	-1.0	-1.0	-1.0	-1.0	-1.0	-1.0	-1.0	-1.0	-1.0	-1.0	-1.0	-1.0	-1.0	-1.0	-1.0	-1.0	-1.0	-1.0	-1.0	-1.0	-1.0	-1.0	-1.0	-1.0	-1.0	-1.0	-1.0	-1.0	-1.0	-1.0	-1.0	-1.0	-1.0	-1.0	-1.0	-1.0
-1.0	-1.0	-1.0	-1.0	-1.0	-1.0	-1.0	-1.0	-1.0	-1.0	-1.0	-1.0	-1.0	-1.0	-1.0	-1.0	-1.0	-1.0	-1.0	-1.0	-1.0	-1.0	-1.0	-1.0	-1.0	-1.0	-1.0	-1.0	-1.0	-1.0	-1.0	-1.0	-1.0	-1.0	-1.0	-1.0	-1.0	-1.0	-1.0	-1.0	-1.0	-1.0	-1.0	-1.0	-1.0	-1.0	-1.0	-1.0	-1.0	-1.0	-1.0	-1.0	-1.0	-1.0	-1.0	-1.0	-1.0	-1.0	-1.0	-1.0	-1.0	-1.0	-1.0	-1.0	-1.0	-1.0	-1.0	-1.0	-1.0	-1.0	-1.0	-1.0	-1.0	-1.0	-1.0	-1.0	-1.0	-1.0	-1.0	-1.0	-1.0	-1.0	-1.0	-1.0	-1.0	-1.0	-1.0	-1.0	-1.0	-1.0	-1.0	-1.0	-1.0	-1.0	-1.0	-1.0	-1.0	-1.0	-1.0	-1.0
-1.0	-1.0	-1.0	-1.0	-1.0	-1.0	-1.0	-1.0	-1.0	-1.0	-1.0	-1.0	-1.0	-1.0	-1.0	-1.0	-1.0	-1.0	-1.0	-1.0	-1.0	-1.0	-1.0	-1.0	-1.0	-1.0	-1.0	-1.0	-1.0	-1.0	-1.0	-1.0	-1.0	-1.0	-1.0	-1.0	-1.0	-1.0	-1.0	-1.0	-1.0	-1.0	-1.0	-1.0	-1.0	-1.0	-1.0	-1.0	-1.0	-1.0	-1.0	-1.0	-1.0	-1.0	-1.0	-1.0	-1.0	-1.0	-1.0	-1.0	-1.0	-1.0	-1.0	-1.0	-1.0	-1.0	-1.0	-1.0	-1.0	-1.0	-1.0	-1.0	-1.0	-1.0	-1.0	-1.0	-1.0	-1.0	-1.0	-1.0	-1.0	-1.0	-1.0	-1.0	-1.0	-1.0	-1.0	-1.0	-1.0	-1.0	-1.0	-1.0	-1.0	-1.0	-1.0	-1.0	-1.0	-1.0	-1.0	-1.0
-1.0	-1.0	-1.0	-1.0	-1.0	-1.0	-1.0	-1.0	-1.0	-1.0	-1.0	-1.0	-1.0	-1.0	-1.0	-1.0	-1.0	-1.0	-1.0	-1.0	-1.0	-1.0	-1.0	-1.0	-1.0	-1.0	-1.0	-1.0	-1.0	-1.0	-1.0	-1.0	-1.0	-1.0	-1.0	-1.0	-1.0	-1.0	-1.0	-1.0	-1.0	-1.0	-1.0	-1.0	-1.0	-1.0	-1.0	-1.0	-1.0	-1.0	-1.0	-1.0	-1.0	-1.0	-1.0	-1.0	-1.0	-1.0	-1.0	-1.0	-1.0	-1.0	-1.0	-1.0	-1.0	-1.0	-1.0	-1.0	-1.0	-1.0	-1.0	-1.0	-1.0	-1.0	-1.0	-1.0	-1.0	-1.0	-1.0	-1.0	-1.0	-1.0	-1.0	-1.0	-1.0	-1.0	-1.0	-1.0	-1.0	-1.0	-1.0	-1.0	-1.0	-1.0	-1.0	-1.0	-1.0	-1.0	-1.0	-1.0
-1.0	-1.0	-1.0	-1.0	-1.0	-1.0	-1.0	-1.0	-1.0	-1.0	-1.0	-1.0	-1.0	-1.0	-1.0	-1.0	-1.0	-1.0	-1.0	-1.0	-1.0	-1.0	-1.0	-1.0	-1.0	-1.0	-1.0	-1.0	-1.0	-1.0	-1.0	-1.0	-1.0	-1.0	-1.0	-1.0	-1.0	-1.0	-1.0	-1.0	-1.0	-1.0	-1.0	-1.0	-1.0	-1.0	-1.0	-1.0	-1.0	-1.0	-1.0	-1.0	-1.0	-1.0	-1.0	-1.0	-1.0	-1.0	-1.0	-1.0	-1.0	-1.0	-1.0	-1.0	-1.0	-1.0	-1.0	-1.0	-1.0	-1.0	-1.0	-1.0	-1.0	-1.0	-1.0	-1.0	-1.0	-1.0	-1.0	-1.0	-1.0	-1.0	-1.0	-1.0	-1.0	-1.0	-1.0	-1.0	-1.0	-1.0	-1.0	-1.0	-1.0	-1.0	-1.0	-1.0	-1.0	-1.0	-1.0	-1.0
-1.0	-1.0	-1.0	-1.0	-1.0	-1.0	-1.0	-1.0	-1.0	-1.0	-1.0	-1.0	-1.0	-1.0	-1.0	-1.0	-1.0	-1.0	-1.0	-1.0	-1.0	-1.0	-1.0	-1.0	-1.0	-1.0	-1.0	-1.0	-1.0	-1.0	-1.0	-1.0	-1.0	-1.0	-1.0	-1.0	-1.0	-1.0	-1.0	-1.0	-1.0	-1.0	-1.0	-1.0	-1.0	-1.0	-1.0	-1.0	-1.0	-1.0	-1.0	-1.0	-1.0	-1.0	-1.0	-1.0	-1.0	-1.0	-1.0	-1.0	-1.0	-1.0	-1.0	-1.0	-1.0	-1.0	-1.0	-1.0	-1.0	-1.0	-1.0	-1.0	-1.0	-1.0	-1.0	-1.0	-1.0	-1.0	-1.0	-1.0	-1.0	-1.0	-1.0	-1.0	-1.0	-1.0	-1.0	-1.0	-1.0	-1.0	-1.0	-1.0	-1.0	-1.0	-1.0	-1.0	-1.0	-1.0	-1.0	-1.0
-1.0	-1.0	-1.0	-1.0	-1.0	-1.0	-1.0	-1.0	-1.0	-1.0	-1.0	-1.0	-1.0	-1.0	-1.0	-1.0	-1.0	-1.0	-1.0	-1.0	-1.0	-1.0	-1.0	-1.0	-1.0	-1.0	-1.0	-1.0	-1.0	-1.0	-1.0	-1.0	-1.0	-1.0	-1.0	-1.0	-1.0	-1.0	-1.0	-1.0	-1.0	-1.0	-1.0	-1.0	-1.0	-1.0	-1.0	-1.0	-1.0	-1.0	-1.0	-1.0	-1.0	-1.0	-1.0	-1.0	-1.0	-1.0	-1.0	-1.0	-1.0	-1.0	-1.0	-1.0	-1.0	-1.0	-1.0	-1.0	-1.0	-1.0	-1.0	-1.0	-1.0	-1.0	-1.0	-1.0	-1.0	-1.0	-1.0	-1.0	-1.0	-1.0	-1.0	-1.0	-1.0	-1.0	-1.0	-1.0	-1.0	-1.0	-1.0	-1.0	-1.0	-1.0	-1.0	-1.0	-1.0	-1.0	-1.0	-1.0
-1.0	-1.0	-1.0	-1.0	-1.0	-1.0	-1.0	-1.0	-1.0	-1.0	-1.0	-1.0	-1.0	-1.0	-1.0	-1.0	-1.0	-1.0	-1.0	-1.0	-1.0	-1.0	-1.0	-1.0	-1.0	-1.0	-1.0	-1.0	-1.0	-1.0	-1.0	-1.0	-1.0	-1.0	-1.0	-1.0	-1.0	-1.0	-1.0	-1.0	-1.0	-1.0	-1.0	-1.0	-1.0	-1.0	-1.0	-1.0	-1.0	-1.0	-1.0	-1.0	-1.0	-1.0	-1.0	-1.0	-1.0	-1.0	-1.0	-1.0	-1.0	-1.0	-1.0	-1.0	-1.0	-1.0	-1.0	-1.0	-1.0	-1.0	-1.0	-1.0	-1.0	-1.0	-1.0	-1.0	-1.0	-1.0	-1.0	-1.0	-1.0	-1.0	-1.0	-1.0	-1.0	-1.0	-1.0	-1.0	-1.0	-1.0	-1.0	-1.0	-1.0	-1.0	-1.0	-1.0	-1.0	-1.0	-1.0	-1.0
-1.0	-1.0	-1.0	-1.0	-1.0	-1.0	-1.0	-1.0	-1.0	-1.0	-1.0	-1.0	-1.0	-1.0	-1.0	-1.0	-1.0	-1.0	-1.0	-1.0	-1.0	-1.0	-1.0	-1.0	-1.0	-1.0	-1.0	-1.0	-1.0	-1.0	-1.0	-1.0	-1.0	-1.0	-1.0	-1.0	-1.0	-1.0	-1.0	-1.0	-1.0	-1.0	-1.0	-1.0	-1.0	-1.0	-1.0	-1.0	-1.0	-1.0	-1.0	-1.0	-1.0	-1.0	-1.0	-1.0	-1.0	-1.0	-1.0	-1.0	-1.0	-1.0	-1.0	-1.0	-1.0	-1.0	-1.0	-1.0	-1.0	-1.0	-1.0	-1.0	-1.0	-1.0	-1.0	-1.0	-1.0	-1.0	-1.0	-1.0	-1.0	-1.0	-1.0	-1.0	-1.0	-1.0	-1.0	-1.0	-1.0	-1.0	-1.0	-1.0	-1.0	-1.0	-1.0	-1.0	-1.0	-1.0	-1.0	-1.0
-1.0	-1.0	-1.0	-1.0	-1.0	-1.0	-1.0	-1.0	-1.0	-1.0	-1.0	-1.0	-1.0	-1.0	-1.0	-1.0	-1.0	-1.0	-1.0	-1.0	-1.0	-1.0	-1.0	-1.0	-1.0	-1.0	-1.0	-1.0	-1.0	-1.0	-1.0	-1.0	-1.0	-1.0	-1.0	-1.0	-1.0	-1.0	-1.0	-1.0	-1.0	-1.0	-1.0	-1.0	-1.0	-1.0	-1.0	-1.0	-1.0	-1.0	-1.0	-1.0	-1.0	-1.0	-1.0	-1.0	-1.0	-1.0	-1.0	-1.0	-1.0	-1.0	-1.0	-1.0	-1.0	-1.0	-1.0	-1.0	-1.0	-1.0	-1.0	-1.0	-1.0	-1.0	-1.0	-1.0	-1.0	-1.0	-1.0	-1.0	-1.0	-1.0	-1.0	-1.0	-1.0	-1.0	-1.0	-1.0	-1.0	-1.0	-1.0	-1.0	-1.0	-1.0	-1.0	-1.0	-1.0	-1.0	-1.0	-1.0
-1.0	-1.0	-1.0	-1.0	-1.0	-1.0	-1.0	-1.0	-1.0	-1.0	-1.0	-1.0	-1.0	-1.0	-1.0	-1.0	-1.0	-1.0	-1.0	-1.0	-1.0	-1.0	-1.0	-1.0	-1.0	-1.0	-1.0	-1.0	-1.0	-1.0	-1.0	-1.0	-1.0	-1.0	-1.0	-1.0	-1.0	-1.0	-1.0	-1.0	-1.0	-1.0	-1.0	-1.0	-1.0	-1.0	-1.0	-1.0	-1.0	-1.0	-1.0	-1.0	-1.0	-1.0	-1.0	-1.0	-1.0	-1.0	-1.0	-1.0	-1.0	-1.0	-1.0	-1.0	-1.0	-1.0	-1.0	-1.0	-1.0	-1.0	-1.0	-1.0	-1.0	-1.0	-1.0	-1.0	-1.0	-1.0	-1.0	-1.0	-1.0	-1.0	-1.0	-1.0	-1.0	-1.0	-1.0	-1.0	-1.0	-1.0	-1.0	-1.0	-1.0	-1.0	-1.0	-1.0	-1.0	-1.0	-1.0	-1.0
-1.0	-1.0	-1.0	-1.0	-1.0	-1.0	-1.0	-1.0	-1.0	-1.0	-1.0	-1.0	-1.0	-1.0	-1.0	-1.0	-1.0	-1.0	-1.0	-1.0	-1.0	-1.0	-1.0	-1.0	-1.0	-1.0	-1.0	-1.0	-1.0	-1.0	-1.0	-1.0	-1.0	-1.0	-1.0	-1.0	-1.0	-1.0	-1.0	-1.0	-1.0	-1.0	-1.0	-1.0	-1.0	-1.0	-1.0	-1.0	-1.0	-1.0	-1.0	-1.0	-1.0	-1.0	-1.0	-1.0	-1.0	-1.0	-1.0	-1.0	-1.0	-1.0	-1.0	-1.0	-1.0	-1.0	-1.0	-1.0	-1.0	-1.0	-1.0	-1.0	-1.0	-1.0	-1.0	-1.0	-1.0	-1.0	-1.0	-1.0	-1.0	-1.0	-1.0	-1.0	-1.0	-1.0	-1.0	-1.0	-1.0	-1.0	-1.0	-1.0	-1.0	-1.0	-1.0	-1.0	-1.0	-1.0	-1.0	-1.0
-1.0	-1.0	-1.0	-1.0	-1.0	-1.0	-1.0	-1.0	-1.0	-1.0	-1.0	-1.0	-1.0	-1.0	-1.0	-1.0	-1.0	-1.0	-1.0	-1.0	-1.0	-1.0	-1.0	-1.0	-1.0	-1.0	-1.0	-1.0	-1.0	-1.0	-1.0	-1.0	-1.0	-1.0	-1.0	-1.0	-1.0	-1.0	-1.0	-1.0	-1.0	-1.0	-1.0	-1.0	-1.0	-1.0	-1.0	-1.0	-1.0	-1.0	-1.0	-1.0	-1.0	-1.0	-1.0	-1.0	-1.0	-1.0	-1.0	-1.0	-1.0	-1.0	-1.0	-1.0	-1.0	-1.0	-1.0	-1.0	-1.0	-1.0	-1.0	-1.0	-1.0	-1.0	-1.0	-1.0	-1.0	-1.0	-1.0	-1.0	-1.0	-1.0	-1.0	-1.0	-1.0	-1.0	-1.0	-1.0	-1.0	-1.0	-1.0	-1.0	-1.0	-1.0	-1.0	-1.0	-1.0	-1.0	-1.0	-1.0
-1.0	-1.0	-1.0	-1.0	-1.0	-1.0	-1.0	-1.0	-1.0	-1.0	-1.0	-1.0	-1.0	-1.0	-1.0	-1.0	-1.0	-1.0	-1.0	-1.0	-1.0	-1.0	-1.0	-1.0	-1.0	-1.0	-1.0	-1.0	-1.0	-1.0	-1.0	-1.0	-1.0	-1.0	-1.0	-1.0	-1.0	-1.0	-1.0	-1.0	-1.0	-1.0	-1.0	-1.0	-1.0	-1.0	-1.0	-1.0	-1.0	-1.0	-1.0	-1.0	-1.0	-1.0	-1.0	-1.0	-1.0	-1.0	-1.0	-1.0	-1.0	-1.0	-1.0	-1.0	-1.0	-1.0	-1.0	-1.0	-1.0	-1.0	-1.0	-1.0	-1.0	-1.0	-1.0	-1.0	-1.0	-1.0	-1.0	-1.0	-1.0	-1.0	-1.0	-1.0	-1.0	-1.0	-1.0	-1.0	-1.0	-1.0	-1.0	-1.0	-1.0	-1.0	-1.0	-1.0	-1.0	-1.0	-1.0	-1.0
-1.0	-1.0	-1.0	-1.0	-1.0	-1.0	-1.0	-1.0	-1.0	-1.0	-1.0	-1.0	-1.0	-1.0	-1.0	-1.0	-1.0	-1.0	-1.0	-1.0	-1.0	-1.0	-1.0	-1.0	-1.0	-1.0	-1.0	-1.0	-1.0	-1.0	-1.0	-1.0	-1.0	-1.0	-1.0	-1.0	-1.0	-1.0	-1.0	-1.0	-1.0	-1.0	-1.0	-1.0	-1.0	-1.0	-1.0	-1.0	-1.0	-1.0	-1.0	-1.0	-1.0	-1.0	-1.0	-1.0	-1.0	-1.0	-1.0	-1.0	-1.0	-1.0	-1.0	-1.0	-1.0	-1.0	-1.0	-1.0	-1.0	-1.0	-1.0	-1.0	-1.0	-1.0	-1.0	-1.0	-1.0	-1.0	-1.0	-1.0	-1.0	-1.0	-1.0	-1.0	-1.0	-1.0	-1.0	-1.0	-1.0	-1.0	-1.0	-1.0	-1.0	-1.0	-1.0	-1.0	-1.0	-1.0	-1.0	-1.0
-1.0	-1.0	-1.0	-1.0	-1.0	-1.0	-1.0	-1.0	-1.0	-1.0	-1.0	-1.0	-1.0	-1.0	-1.0	-1.0	-1.0	-1.0	-1.0	-1.0	-1.0	-1.0	-1.0	-1.0	-1.0	-1.0	-1.0	-1.0	-1.0	-1.0	-1.0	-1.0	-1.0	-1.0	-1.0	-1.0	-1.0	-1.0	-1.0	-1.0	-1.0	-1.0	-1.0	-1.0	-1.0	-1.0	-1.0	-1.0	-1.0	-1.0	-1.0	-1.0	-1.0	-1.0	-1.0	-1.0	-1.0	-1.0	-1.0	-1.0	-1.0	-1.0	-1.0	-1.0	-1.0	-1.0	-1.0	-1.0	-1.0	-1.0	-1.0	-1.0	-1.0	-1.0	-1.0	-1.0	-1.0	-1.0	-1.0	-1.0	-1.0	-1.0	-1.0	-1.0	-1.0	-1.0	-1.0	-1.0	-1.0	-1.0	-1.0	-1.0	-1.0	-1.0	-1.0	-1.0	-1.0	-1.0	-1.0	-1.0
-1.0	-1.0	-1.0	-1.0	-1.0	-1.0	-1.0	-1.0	-1.0	-1.0	-1.0	-1.0	-1.0	-1.0	-1.0	-1.0	-1.0	-1.0	-1.0	-1.0	-1.0	-1.0	-1.0	-1.0	-1.0	-1.0	-1.0	-1.0	-1.0	-1.0	-1.0	-1.0	-1.0	-1.0	-1.0	-1.0	-1.0	-1.0	-1.0	-1.0	-1.0	-1.0	-1.0	-1.0	-1.0	-1.0	-1.0	-1.0	-1.0	-1.0	-1.0	-1.0	-1.0	-1.0	-1.0	-1.0	-1.0	-1.0	-1.0	-1.0	-1.0	-1.0	-1.0	-1.0	-1.0	-1.0	-1.0	-1.0	-1.0	-1.0	-1.0	-1.0	-1.0	-1.0	-1.0	-1.0	-1.0	-1.0	-1.0	-1.0	-1.0	-1.0	-1.0	-1.0	-1.0	-1.0	-1.0	-1.0	-1.0	-1.0	-1.0	-1.0	-1.0	-1.0	-1.0	-1.0	-1.0	-1.0	-1.0	-1.0
-1.0	-1.0	-1.0	-1.0	-1.0	-1.0	-1.0	-1.0	-1.0	-1.0	-1.0	-1.0	-1.0	-1.0	-1.0	-1.0	-1.0	-1.0	-1.0	-1.0	-1.0	-1.0	-1.0	-1.0	-1.0	-1.0	-1.0	-1.0	-1.0	-1.0	-1.0	-1.0	-1.0	-1.0	-1.0	-1.0	-1.0	-1.0	-1.0	-1.0	-1.0	-1.0	-1.0	-1.0	-1.0	-1.0	-1.0	-1.0	-1.0	-1.0	-1.0	-1.0	-1.0	-1.0	-1.0	-1.0	-1.0	-1.0	-1.0	-1.0	-1.0	-1.0	-1.0	-1.0	-1.0	-1.0	-1.0	-1.0	-1.0	-1.0	-1.0	-1.0	-1.0	-1.0	-1.0	-1.0	-1.0	-1.0	-1.0	-1.0	-1.0	-1.0	-1.0	-1.0	-1.0	-1.0	-1.0	-1.0	-1.0	-1.0	-1.0	-1.0	-1.0	-1.0	-1.0	-1.0	-1.0	-1.0	-1.0	-1.0
-1.0	-1.0	-1.0	-1.0	-1.0	-1.0	-1.0	-1.0	-1.0	-1.0	-1.0	-1.0	-1.0	-1.0	-1.0	-1.0	-1.0	-1.0	-1.0	-1.0	-1.0	-1.0	-1.0	-1.0	-1.0	-1.0	-1.0	-1.0	-1.0	-1.0	-1.0	-1.0	-1.0	-1.0	-1.0	-1.0	-1.0	-1.0	-1.0	-1.0	-1.0	-1.0	-1.0	-1.0	-1.0	-1.0	-1.0	-1.0	-1.0	-1.0	-1.0	-1.0	-1.0	-1.0	-1.0	-1.0	-1.0	-1.0	-1.0	-1.0	-1.0	-1.0	-1.0	-1.0	-1.0	-1.0	-1.0	-1.0	-1.0	-1.0	-1.0	-1.0	-1.0	-1.0	-1.0	-1.0	-1.0	-1.0	-1.0	-1.0	-1.0	-1.0	-1.0	-1.0	-1.0	-1.0	-1.0	-1.0	-1.0	-1.0	-1.0	-1.0	-1.0	-1.0	-1.0	-1.0	-1.0	-1.0	-1.0	-1.0
-1.0	-1.0	-1.0	-1.0	-1.0	-1.0	-1.0	-1.0	-1.0	-1.0	-1.0	-1.0	-1.0	-1.0	-1.0	-1.0	-1.0	-1.0	-1.0	-1.0	-1.0	-1.0	-1.0	-1.0	-1.0	-1.0	-1.0	-1.0	-1.0	-1.0	-1.0	-1.0	-1.0	-1.0	-1.0	-1.0	-1.0	-1.0	-1.0	-1.0	-1.0	-1.0	-1.0	-1.0	-1.0	-1.0	-1.0	-1.0	-1.0	-1.0	-1.0	-1.0	-1.0	-1.0	-1.0	-1.0	-1.0	-1.0	-1.0	-1.0	-1.0	-1.0	-1.0	-1.0	-1.0	-1.0	-1.0	-1.0	-1.0	-1.0	-1.0	-1.0	-1.0	-1.0	-1.0	-1.0	-1.0	-1.0	-1.0	-1.0	-1.0	-1.0	-1.0	-1.0	-1.0	-1.0	-1.0	-1.0	-1.0	-1.0	-1.0	-1.0	-1.0	-1.0	-1.0	-1.0	-1.0	-1.0	-1.0	-1.0
-1.0	-1.0	-1.0	-1.0	-1.0	-1.0	-1.0	-1.0	-1.0	-1.0	-1.0	-1.0	-1.0	-1.0	-1.0	-1.0	-1.0	-1.0	-1.0	-1.0	-1.0	-1.0	-1.0	-1.0	-1.0	-1.0	-1.0	-1.0	-1.0	-1.0	-1.0	-1.0	-1.0	-1.0	-1.0	-1.0	-1.0	-1.0	-1.0	-1.0	-1.0	-1.0	-1.0	-1.0	-1.0	-1.0	-1.0	-1.0	-1.0	-1.0	-1.0	-1.0	-1.0	-1.0	-1.0	-1.0	-1.0	-1.0	-1.0	-1.0	-1.0	-1.0	-1.0	-1.0	-1.0	-1.0	-1.0	-1.0	-1.0	-1.0	-1.0	-1.0	-1.0	-1.0	-1.0	-1.0	-1.0	-1.0	-1.0	-1.0	-1.0	-1.0	-1.0	-1.0	-1.0	-1.0	-1.0	-1.0	-1.0	-1.0	-1.0	-1.0	-1.0	-1.0	-1.0	-1.0	-1.0	-1.0	-1.0	-1.0
-1.0	-1.0	-1.0	-1.0	-1.0	-1.0	-1.0	-1.0	-1.0	-1.0	-1.0	-1.0	-1.0	-1.0	-1.0	-1.0	-1.0	-1.0	-1.0	-1.0	-1.0	-1.0	-1.0	-1.0	-1.0	-1.0	-1.0	-1.0	-1.0	-1.0	-1.0	-1.0	-1.0	-1.0	-1.0	-1.0	-1.0	-1.0	-1.0	-1.0	-1.0	-1.0	-1.0	-1.0	-1.0	-1.0	-1.0	-1.0	-1.0	-1.0	-1.0	-1.0	-1.0	-1.0	-1.0	-1.0	-1.0	-1.0	-1.0	-1.0	-1.0	-1.0	-1.0	-1.0	-1.0	-1.0	-1.0	-1.0	-1.0	-1.0	-1.0	-1.0	-1.0	-1.0	-1.0	-1.0	-1.0	-1.0	-1.0	-1.0	-1.0	-1.0	-1.0	-1.0	-1.0	-1.0	-1.0	-1.0	-1.0	-1.0	-1.0	-1.0	-1.0	-1.0	-1.0	-1.0	-1.0	-1.0	-1.0	-1.0
-1.0	-1.0	-1.0	-1.0	-1.0	-1.0	-1.0	-1.0	-1.0	-1.0	-1.0	-1.0	-1.0	-1.0	-1.0	-1.0	-1.0	-1.0	-1.0	-1.0	-1.0	-1.0	-1.0	-1.0	-1.0	-1.0	-1.0	-1.0	-1.0	-1.0	-1.0	-1.0	-1.0	-1.0	-1.0	-1.0	-1.0	-1.0	-1.0	-1.0	-1.0	-1.0	-1.0	-1.0	-1.0	-1.0	-1.0	-1.0	-1.0	-1.0	-1.0	-1.0	-1.0	-1.0	-1.0	-1.0	-1.0	-1.0	-1.0	-1.0	-1.0	-1.0	-1.0	-1.0	-1.0	-1.0	-1.0	-1.0	-1.0	-1.0	-1.0	-1.0	-1.0	-1.0	-1.0	-1.0	-1.0	-1.0	-1.0	-1.0	-1.0	-1.0	-1.0	-1.0	-1.0	-1.0	-1.0	-1.0	-1.0	-1.0	-1.0	-1.0	-1.0	-1.0	-1.0	-1.0	-1.0	-1.0	-1.0	-1.0
