100
100
-1.0	-1.0	-1.0	-1.0	-1.0	-1.0	-1.0	-1.0	-1.0	-1.0	-1.0	-1.0	-1.0	-1.0	-1.0	-1.0	-1.0	-1.0	-1.0	-1.0	-1.0	-1.0	-1.0	-1.0	-1.0	-1.0	-1.0	-1.0	-1.0	-1.0	-1.0	-1.0	-1.0	-1.0	-1.0	-1.0	-1.0	-1.0	-1.0	-1.0	-1.0	-1.0	-1.0	-1.0	-1.0	-1.0	-1.0	-1.0	-1.0	-1.0	-1.0	-1.0	-1.0	-1.0	-1.0	-1.0	-1.0	-1.0	-1.0	-1.0	-1.0	-1.0	-1.0	-1.0	-1.0	-1.0	-1.0	-1.0	-1.0	-1.0	-1.0	-1.0	-1.0	-1.0	-1.0	-1.0	-1.0	-1.0	-1.0	-1.0	-1.0	-1.0	-1.0	-1.0	-1.0	-1.0	-1.0	-1.0	-1.0	-1.0	-1.0	-1.0	-1.0	-1.0	-1.0	-1.0	-1.0	-1.0	-1.0	-1.0
-1.0	-1.0	-1.0	-1.0	-1.0	-1.0	-1.0	-1.0	-1.0	-1.0	-1.0	-1.0	-1.0	-1.0	-1.0	-1.0	-1.0	-1.0	-1.0	-1.0	-1.0	-1.0	-1.0	-1.0	-1.0	-1.0	-1.0	-1.0	-1.0	-1.0	-1.0	-1.0	-1.0	-1.0	-1.0	-1.0	-1.0	-1.0	-1.0	-1.0	-1.0	-1.0	-1.0	-1.0	-1.0	-1.0	-1.0	-1.0	-1.0	-1.0	-1.0	-1.0	-1.0	-1.0	-1.0	-1.0	-1.0	-1.0	-1.0	-1.0	-1.0	-1.0	-1.0	-1.0	-1.0	-1.0	-1.0	-1.0	-1.0	-1.0	-1.0	-1.0	-1.0	-1.0	-1.0	-1.0	-1.0	-1.0	-1.0	-1.0	-1.0	-1.0	-1.0	-1.0	-1.0	-1.0	-1.0	-1.0	-1.0	-1.0	-1.0	-1.0	-1.0	-1.0	-1.0	-1.0	-1.0	-1.0	-1.0	-1.0
-1.0	-1.0	-1.0	-1.0	-1.0	-1.0	-1.0	-1.0	-1.0	-1.0	-1.0	-1.0	-1.0	-1.0	-1.0	-1.0	-1.0	-1.0	-1.0	-1.0	-1.0	-1.0	-1.0	-1.0	-1.0	-1.0	-1.0	-1.0	-1.0	-1.0	-1.0	-1.0	-1.0	-1.0	-1.0	-1.0	-1.0	-1.0	-1.0	-1.0	-1.0	-1.0	-1.0	-1.0	-1.0	-1.0	-1.0	-1.0	-1.0	-1.0	-1.0	-1.0	-1.0	-1.0	-1.0	-1.0	-1.0	-1.0	-1.0	-1.0	-1.0	-1.0	-1.0	-1.0	-1.0	-1.0	-1.0	-1.0	-1.0	-1.0	-1.0	-1.0	-1.0	-1.0	-1.0	-1.0	-1.0	-1.0	-1.0	-1.0	-1.0	-1.0	-1.0	-1.0	-1.0	-1.0	-1.0	-1.0	-1.0	-1.0	-1.0	-1.0	-1.0	-1.0	-1.0	-1.0	-1.0	-1.0	-1.0	-1.0
-1.0	-1.0	-1.0	-1.0	-1.0	-1.0	-1.0	-1.0	-1.0	-1.0	-1.0	-1.0	-1.0	-1.0	-1.0	-1.0	-1.0	-1.0	-1.0	-1.0	-1.0	-1.0	-1.0	-1.0	-1.0	-1.0	-1.0	-1.0	-1.0	-1.0	-1.0	-1.0	-1.0	-1.0	-1.0	-1.0	-1.0	-1.0	-1.0	-1.0	-1.0	-1.0	-1.0	-1.0	-1.0	-1.0	-1.0	-1.0	-1.0	-1.0	-1.0	-1.0	-1.0	-1.0	-1.0	-1.0	-1.0	-1.0	-1.0	-1.0	-1.0	-1.0	-1.0	-1.0	-1.0	-1.0	-1.0	-1.0	-1.0	-1.0	-1.0	-1.0	-1.0	-1.0	-1.0	-1.0	-1.0	-1.0	-1.0	-1.0	-1.0	-1.0	-1.0	-1.0	-1.0	-1.0	-1.0	-1.0	-1.0	-1.0	-1.0	-1.0	-1.0	-1.0	-1.0	-1.0	-1.0	-1.0	-1.0	-1.0
-1.0	-1.0	-1.0	-1.0	-1.0	-1.0	-1.0	-1.0	-1.0	-1.0	-1.0	-1.0	-1.0	-1.0	-1.0	-1.0	-1.0	-1.0	-1.0	-1.0	-1.0	-1.0	-1.0	-1.0	-1.0	-1.0	-1.0	-1.0	-1.0	-1.0	-1.0	-1.0	-1.0	-1.0	-1.0	-1.0	-1.0	-1.0	-1.0	-1.0	-1.0	-1.0	-1.0	-1.0	-1.0	-1.0	-1.0	-1.0	-1.0	-1.0	-1.0	-1.0	-1.0	-1.0	-1.0	-1.0	-1.0	-1.0	-1.0	-1.0	-1.0	-1.0	-1.0	-1.0	-1.0	-1.0	-1.0	-1.0	-1.0	-1.0	-1.0	-1.0	-1.0	-1.0	-1.0	-1.0	-1.0	-1.0	-1.0	-1.0	-1.0	-1.0	-1.0	-1.0	-1.0	-1.0	-1.0	-1.0	-1.0	-1.0	-1.0	-1.0	-1.0	-1.0	-1.0	-1.0	-1.0	-1.0	-1.0	-1.0
-1.0	-1.0	-1.0	-1.0	-1.0	-1.0	-1.0	-1.0	-1.0	-1.0	-1.0	-1.0	-1.0	-1.0	-1.0	-1.0	-1.0	-1.0	-1.0	-1.0	-1.0	-1.0	-1.0	-1.0	-1.0	-1.0	-1.0	-1.0	-1.0	-1.0	-1.0	-1.0	-1.0	-1.0	-1.0	-1.0	-1.0	-1.0	-1.0	-1.0	-1.0	-1.0	-1.0	-1.0	-1.0	-1.0	-1.0	-1.0	-1.0	-1.0	-1.0	-1.0	-1.0	-1.0	-1.0	-1.0	-1.0	-1.0	-1.0	-1.0	-1.0	-1.0	-1.0	-1.0	-1.0	-1.0	-1.0	-1.0	-1.0	-1.0	-1.0	-1.0	-1.0	-1.0	-1.0	-1.0	-1.0	-1.0	-1.0	-1.0	-1.0	-1.0	-1.0	-1.0	-1.0	-1.0	-1.0	-1.0	-1.0	-1.0	-1.0	-1.0	-1.0	-1.0	-1.0	-1.0	-1.0	-1.0	-1.0	-1.0
-1.0	-1.0	-1.0	-1.0	-1.0	-1.0	-1.0	-1.0	-1.0	-1.0	-1.0	-1.0	-1.0	-1.0	-1.0	-1.0	-1.0	-1.0	-1.0	-1.0	-1.0	-1.0	-1.0	-1.0	-1.0	-1.0	-1.0	-1.0	-1.0	-1.0	-1.0	-1.0	-1.0	-1.0	-1.0	-1.0	-1.0	-1.0	-1.0	-1.0	-1.0	-1.0	-1.0	-1.0	-1.0	-1.0	-1.0	-1.0	-1.0	-1.0	-1.0	-1.0	-1.0	-1.0	-1.0	-1.0	-1.0	-1.0	-1.0	-1.0	-1.0	-1.0	-1.0	-1.0	-1.0	-1.0	-1.0	-1.0	-1.0	-1.0	-1.0	-1.0	-1.0	-1.0	-1.0	-1.0	-1.0	-1.0	-1.0	-1.0	-1.0	-1.0	-1.0	-1.0	-1.0	-1.0	-1.0	-1.0	-1.0	-1.0	-1.0	-1.0	-1.0	-1.0	-1.0	-1.0	-1.0	-1.0	-1.0	-1.0
-1.0	-1.0	-1.0	-1.0	-1.0	-1.0	-1.0	-1.0	-1.0	-1.0	-1.0	-1.0	-1.0	-1.0	-1.0	-1.0	-1.0	-1.0	-1.0	-1.0	-1.0	-1.0	-1.0	-1.0	-1.0	-1.0	-1.0	-1.0	-1.0	-1.0	-1.0	-1.0	-1.0	-1.0	-1.0	-1.0	-1.0	-1.0	-1.0	-1.0	-1.0	-1.0	-1.0	-1.0	-1.0	-1.0	-1.0	-1.0	-1.0	-1.0	-1.0	-1.0	-1.0	-1.0	-1.0	-1.0	-1.0	-1.0	-1.0	-1.0	-1.0	-1.0	-1.0	-1.0	-1.0	-1.0	-1.0	-1.0	-1.0	-1.0	-1.0	-1.0	-1.0	-1.0	-1.0	-1.0	-1.0	-1.0	-1.0	-1.0	-1.0	-1.0	-1.0	-1.0	-1.0	-1.0	-1.0	-1.0	-1.0	-1.0	-1.0	-1.0	-1.0	-1.0	-1.0	-1.0	-1.0	-1.0	-1.0	-1.0
-1.0	-1.0	-1.0	-1.0	-1.0	-1.0	-1.0	-1.0	-1.0	-1.0	-1.0	-1.0	-1.0	-1.0	-1.0	-1.0	-1.0	-1.0	-1.0	-1.0	-1.0	-1.0	-1.0	-1.0	-1.0	-1.0	-1.0	-1.0	-1.0	-1.0	-1.0	-1.0	-1.0	-1.0	-1.0	-1.0	-1.0	-1.0	-1.0	-1.0	-1.0	-1.0	-1.0	-1.0	-1.0	-1.0	-1.0	-1.0	-1.0	-1.0	-1.0	-1.0	-1.0	-1.0	-1.0	-1.0	-1.0	-1.0	-1.0	-1.0	-1.0	-1.0	-1.0	-1.0	-1.0	-1.0	-1.0	-1.0	-1.0	-1.0	-1.0	-1.0	-1.0	-1.0	-1.0	-1.0	-1.0	-1.0	-1.0	-1.0	-1.0	-1.0	-1.0	-1.0	-1.0	-1.0	-1.0	-1.0	-1.0	-1.0	-1.0	-1.0	-1.0	-1.0	-1.0	-1.0	-1.0	-1.0	-1.0	-1.0
-1.0	-1.0	-1.0	-1.0	-1.0	-1.0	-1.0	-1.0	-1.0	-1.0	-1.0	-1.0	-1.0	-1.0	-1.0	-1.0	-1.0	-1.0	-1.0	-1.0	-1.0	-1.0	-1.0	-1.0	-1.0	-1.0	-1.0	-1.0	-1.0	-1.0	-1.0	-1.0	-1.0	-1.0	-1.0	-1.0	-1.0	-1.0	-1.0	-1.0	-1.0	-1.0	-1.0	-1.0	-1.0	-1.0	-1.0	-1.0	-1.0	-1.0	-1.0	-1.0	-1.0	-1.0	-1.0	-1.0	-1.0	-1.0	-1.0	-1.0	-1.0	-1.0	-1.0	-1.0	-1.0	-1.0	-1.0	-1.0	-1.0	-1.0	-1.0	-1.0	-1.0	-1.0	-1.0	-1.0	-1.0	-1.0	-1.0	-1.0	-1.0	-1.0	-1.0	-1.0	-1.0	-1.0	-1.0	-1.0	-1.0	-1.0	-1.0	-1.0	-1.0	-1.0	-1.0	-1.0	-1.0	-1.0	-1.0	-1.0
-1.0	-1.0	-1.0	-1.0	-1.0	1.6096153459022267	1.4057782409737867	1.6798081080795684	1.6602824436917032	1.7198147272518893	1.5733339522817624	1.461962960062552	1.637751958009655	1.6744837794098557	1.6254532880104078	1.521217729668595	1.5429395063743778	1.5595321744362458	1.6710972201762115	1.6586150428953443	1.6343057062089552	1.520163567880075	1.78325707956324	-1.0	-1.0	-1.0	-1.0	-1.0	-1.0	-1.0	-1.0	-1.0	-1.0	-1.0	-1.0	-1.0	1.5419083837179623	1.749552940329602	-1.0	-1.0	1.6340342556923553	1.5081553322993106	1.534875451690502	-1.0	-1.0	-1.0	-1.0	1.692202684582809	1.6055383179925509	-1.0	-1.0	1.7261802190766231	-1.0	1.652964873014819	1.6458058279582732	-1.0	1.6838345275338458	-1.0	-1.0	-1.0	-1.0	-1.0	-1.0	-1.0	-1.0	-1.0	-1.0	-1.0	-1.0	1.6605847456963319	-1.0	-1.0	-1.0	-1.0	-1.0	-1.0	-1.0	1.5476768865013577	1.803253920756257	-1.0	1.5889769740234276	-1.0	1.6291676951189744	-1.0	-1.0	-1.0	-1.0	-1.0	-1.0	-1.0	-1.0	-1.0	-1.0	-1.0	-1.0	-1.0	-1.0	-1.0	-1.0	-1.0
-1.0	-1.0	-1.0	-1.0	-1.0	1.5104586563963878	1.618960577498714	1.6047212961216974	1.6599238678140174	1.5513113053163259	1.6643161765877077	1.4057018262995917	1.728892970253868	1.6289132956385495	1.6894154471637064	1.7522213909308761	1.4736199624911905	1.6250789175360683	1.7004149676176026	1.5962642353015193	1.6216443586814995	1.4308079140525602	1.5696631840201347	-1.0	-1.0	-1.0	-1.0	-1.0	-1.0	-1.0	-1.0	-1.0	-1.0	-1.0	-1.0	-1.0	1.728579383633781	1.5473122717178114	-1.0	-1.0	1.5902468923840918	1.7291260928059118	1.5863382038009743	-1.0	-1.0	-1.0	-1.0	1.6171581110370994	1.4248854296974733	-1.0	-1.0	1.5928206070907551	-1.0	1.5962866399862967	1.5776698371958309	-1.0	1.5213383774329727	-1.0	-1.0	-1.0	-1.0	-1.0	-1.0	-1.0	-1.0	-1.0	-1.0	-1.0	-1.0	1.6132595602464412	-1.0	-1.0	-1.0	-1.0	-1.0	-1.0	-1.0	1.5418759518598164	1.7356979848871499	-1.0	1.4549230557501944	-1.0	1.5044115622039085	-1.0	-1.0	-1.0	-1.0	-1.0	-1.0	-1.0	-1.0	-1.0	-1.0	-1.0	-1.0	-1.0	-1.0	-1.0	-1.0	-1.0
-1.0	-1.0	-1.0	-1.0	-1.0	1.721856501384414	1.660349855819562	1.5808821893829028	1.6979269861494801	1.606225052951571	1.6152443606429585	1.5191479494919988	1.595753535549857	1.656867005524948	1.6103872553899092	1.5054014599688073	1.6028200976659142	1.8317917477678134	1.3756830645287517	1.6480932872776506	1.6257919981883433	1.430415615811118	1.4024525629047737	-1.0	-1.0	-1.0	-1.0	-1.0	-1.0	-1.0	-1.0	-1.0	-1.0	-1.0	-1.0	-1.0	1.6484491871259626	1.5421506495303454	-1.0	-1.0	1.4369586561387457	1.5233748383083943	1.82998100948118	-1.0	-1.0	-1.0	-1.0	1.6120807217036413	1.4233557319946917	-1.0	-1.0	1.5564486848492871	-1.0	1.6115837905723764	1.4508855251634334	-1.0	1.5735089756891485	-1.0	-1.0	-1.0	-1.0	-1.0	-1.0	-1.0	-1.0	-1.0	-1.0	-1.0	-1.0	1.6495206192183145	-1.0	-1.0	-1.0	-1.0	-1.0	-1.0	-1.0	1.683156254359269	1.6762189750484822	-1.0	1.6059253064379453	-1.0	1.343096211979322	-1.0	-1.0	-1.0	-1.0	-1.0	-1.0	-1.0	-1.0	-1.0	-1.0	-1.0	-1.0	-1.0	-1.0	-1.0	-1.0	-1.0
-1.0	-1.0	-1.0	-1.0	-1.0	1.5424621305438195	1.6181793658675188	1.5336477561178299	1.7958118016770812	1.647959136014695	1.813081377046994	1.5138171614715432	1.4292216842384526	1.7112135325999038	1.5250077235698865	1.4953889891236374	1.6440956166262664	1.6076303950860544	1.611197783931827	1.7172617658148526	1.867593637396367	1.6805942722715674	1.686316517442361	-1.0	-1.0	-1.0	-1.0	-1.0	-1.0	-1.0	-1.0	-1.0	-1.0	-1.0	-1.0	-1.0	1.6581471799571954	1.497962872060057	-1.0	-1.0	1.6401004135033888	1.584275030886169	1.3880417229292388	-1.0	-1.0	-1.0	-1.0	1.5710571464964092	1.565624507837287	-1.0	-1.0	1.6544694958323087	-1.0	1.6411849309971938	1.6849382225509764	-1.0	1.4474420346373993	-1.0	-1.0	-1.0	-1.0	-1.0	-1.0	-1.0	-1.0	-1.0	-1.0	-1.0	-1.0	1.575590262198611	-1.0	-1.0	-1.0	-1.0	-1.0	-1.0	-1.0	1.3750702902631222	1.5591200884116885	-1.0	1.6513383402162505	-1.0	1.4617979244188324	-1.0	-1.0	-1.0	-1.0	-1.0	-1.0	-1.0	-1.0	-1.0	-1.0	-1.0	-1.0	-1.0	-1.0	-1.0	-1.0	-1.0
-1.0	-1.0	-1.0	-1.0	-1.0	1.6122345020501072	1.4392397729383035	1.609165480358324	1.6386981609484579	1.6037303153204405	1.629926826571335	1.4950752329670414	1.448027987279899	1.522101938994606	1.6530242344527915	1.54938308383212	1.5682356194669491	1.7582133298338973	1.7738754908760315	1.5356625562936248	1.570282640010791	1.609682884472621	1.7116589183937485	-1.0	-1.0	-1.0	-1.0	-1.0	-1.0	-1.0	-1.0	-1.0	-1.0	-1.0	-1.0	-1.0	1.5500913532540326	1.5669736068562765	-1.0	-1.0	1.5908453970641254	1.568268335004356	1.6799532989123311	-1.0	-1.0	-1.0	-1.0	1.492591837249845	1.5518014859732534	-1.0	-1.0	1.4556611951381433	-1.0	1.560003474410954	1.4695619516888982	-1.0	1.4252675871285292	-1.0	-1.0	-1.0	-1.0	-1.0	-1.0	-1.0	-1.0	-1.0	-1.0	-1.0	-1.0	1.6827444527207207	-1.0	-1.0	-1.0	-1.0	-1.0	-1.0	-1.0	1.6304710996143241	1.6181673761853737	-1.0	1.7328651328777382	-1.0	1.7163096395491801	-1.0	-1.0	-1.0	-1.0	-1.0	-1.0	-1.0	-1.0	-1.0	-1.0	-1.0	-1.0	-1.0	-1.0	-1.0	-1.0	-1.0
-1.0	-1.0	-1.0	-1.0	-1.0	1.386337195872446	1.579181531154876	1.5547906097577513	1.6986279371008999	1.5454470786552954	1.7636121312398414	1.6476801104047107	1.6551306859072425	1.4899910176497584	1.5785390981572849	1.4942107768476838	1.7184676062177797	1.6991880156376469	1.7564642223482032	1.4267277717327993	1.4799042049468263	1.5912085177789128	1.5895806660867606	-1.0	-1.0	-1.0	-1.0	-1.0	-1.0	-1.0	-1.0	-1.0	-1.0	-1.0	-1.0	-1.0	1.6344100994030548	1.750214205511768	-1.0	-1.0	1.4975663778020527	1.7636573721473194	1.5072672837799523	-1.0	-1.0	-1.0	-1.0	1.5587556701633312	1.7106598955183958	-1.0	-1.0	1.5679587933639552	-1.0	1.4882840166381257	1.5416027541946529	-1.0	1.6891779889708416	-1.0	-1.0	-1.0	-1.0	-1.0	-1.0	-1.0	-1.0	-1.0	-1.0	-1.0	-1.0	1.7652478929328526	-1.0	-1.0	-1.0	-1.0	-1.0	-1.0	-1.0	1.4516587713806697	1.586036592289177	-1.0	1.5346486701790432	-1.0	1.6345088476973968	-1.0	-1.0	-1.0	-1.0	-1.0	-1.0	-1.0	-1.0	-1.0	-1.0	-1.0	-1.0	-1.0	-1.0	-1.0	-1.0	-1.0
-1.0	-1.0	-1.0	-1.0	-1.0	1.6677381201801902	1.5981467812894605	1.5788391666815724	1.5564234145488895	1.573208671392177	1.5384090263691979	1.4549516913924188	1.5075288567760436	1.727105264126361	1.4105889374653555	1.624911872847634	1.7178830597109034	1.499986795666264	1.6394479745485404	1.4124582566675061	1.6298701922168264	1.6111992702926223	1.58850701535386	-1.0	-1.0	-1.0	-1.0	-1.0	-1.0	-1.0	-1.0	-1.0	-1.0	-1.0	-1.0	-1.0	1.6613562520296148	1.750913265382774	-1.0	-1.0	1.5136069314035392	1.5253649467461234	1.786167437324746	-1.0	-1.0	-1.0	-1.0	1.4558244770219138	1.5893144772506533	-1.0	-1.0	1.6925664591111014	-1.0	1.5507423509620506	1.538906730946491	-1.0	1.5309316475801642	-1.0	-1.0	-1.0	-1.0	-1.0	-1.0	-1.0	-1.0	-1.0	-1.0	-1.0	-1.0	1.4742523464064914	-1.0	-1.0	-1.0	-1.0	-1.0	-1.0	-1.0	1.6325743401222395	1.5447298642486993	-1.0	1.636326649309982	-1.0	1.6176611218793158	-1.0	-1.0	-1.0	-1.0	-1.0	-1.0	-1.0	-1.0	-1.0	-1.0	-1.0	-1.0	-1.0	-1.0	-1.0	-1.0	-1.0
-1.0	-1.0	-1.0	-1.0	-1.0	1.4673197091437205	1.7734182317510665	1.5021663115416601	1.676528377759346	1.6832290948137514	1.5531463323535901	1.5000733955521253	1.564146052016678	1.451528237078994	1.719877492037109	1.4567078362536088	1.5978666452939874	1.780628393660323	1.5409645263420348	1.617554479042771	1.7613972339304045	1.6161186413587443	1.6488774650414266	-1.0	-1.0	-1.0	-1.0	-1.0	-1.0	-1.0	-1.0	-1.0	-1.0	-1.0	-1.0	-1.0	1.532803658552299	1.6109382918567297	-1.0	-1.0	1.5748985364583998	1.5615489797134683	1.5139473053946393	-1.0	-1.0	-1.0	-1.0	1.5238324745240703	1.5084377122029247	-1.0	-1.0	1.5486934063894517	-1.0	1.6059934420690698	1.7231438284631968	-1.0	1.310454617876765	-1.0	-1.0	-1.0	-1.0	-1.0	-1.0	-1.0	-1.0	-1.0	-1.0	-1.0	-1.0	1.8276734180867327	-1.0	-1.0	-1.0	-1.0	-1.0	-1.0	-1.0	1.492050553382021	1.5926673574618975	-1.0	1.7352768615244014	-1.0	1.5175134844575404	-1.0	-1.0	-1.0	-1.0	-1.0	-1.0	-1.0	-1.0	-1.0	-1.0	-1.0	-1.0	-1.0	-1.0	-1.0	-1.0	-1.0
-1.0	-1.0	-1.0	-1.0	-1.0	1.68251934273379	1.4745948157511573	1.697883604257866	1.7409133720907832	1.4549329719268853	1.6789236390740436	1.5779361135139522	1.6555262107684052	1.487625151006574	1.4904863728313014	1.698926677666882	1.3992865439997197	1.6781936897531828	1.5068516015093363	1.627677157318097	1.5727522748272054	1.792920542104467	1.569000169872226	-1.0	-1.0	-1.0	-1.0	-1.0	-1.0	-1.0	-1.0	-1.0	-1.0	-1.0	-1.0	-1.0	1.420734793874068	1.6265897793829087	-1.0	-1.0	1.6773232044790374	1.6819995852859613	1.4191079548730783	-1.0	-1.0	-1.0	-1.0	1.6646438457702397	1.566830030206808	-1.0	-1.0	1.4353058777353642	-1.0	1.5194725917889529	1.479004776225956	-1.0	1.4877319858117901	-1.0	-1.0	-1.0	-1.0	-1.0	-1.0	-1.0	-1.0	-1.0	-1.0	-1.0	-1.0	1.4812127997400044	-1.0	-1.0	-1.0	-1.0	-1.0	-1.0	-1.0	1.582043548958968	1.4370340372807806	-1.0	1.5686367531150007	-1.0	1.5282128912394874	-1.0	-1.0	-1.0	-1.0	-1.0	-1.0	-1.0	-1.0	-1.0	-1.0	-1.0	-1.0	-1.0	-1.0	-1.0	-1.0	-1.0
-1.0	-1.0	-1.0	-1.0	-1.0	-1.0	-1.0	-1.0	-1.0	-1.0	-1.0	-1.0	-1.0	-1.0	-1.0	-1.0	-1.0	-1.0	-1.0	-1.0	-1.0	-1.0	-1.0	-1.0	-1.0	-1.0	-1.0	-1.0	-1.0	-1.0	-1.0	-1.0	-1.0	-1.0	-1.0	-1.0	-1.0	-1.0	-1.0	-1.0	-1.0	-1.0	-1.0	-1.0	-1.0	-1.0	-1.0	-1.0	-1.0	-1.0	-1.0	-1.0	-1.0	-1.0	-1.0	-1.0	-1.0	-1.0	-1.0	-1.0	-1.0	-1.0	-1.0	-1.0	-1.0	-1.0	-1.0	-1.0	-1.0	-1.0	-1.0	-1.0	-1.0	-1.0	-1.0	-1.0	-1.0	-1.0	-1.0	-1.0	-1.0	-1.0	-1.0	-1.0	-1.0	-1.0	-1.0	-1.0	-1.0	-1.0	-1.0	-1.0	-1.0	-1.0	-1.0	-1.0	-1.0	-1.0	-1.0	-1.0
-1.0	-1.0	-1.0	-1.0	-1.0	-1.0	-1.0	-1.0	-1.0	-1.0	-1.0	-1.0	-1.0	-1.0	-1.0	-1.0	-1.0	-1.0	-1.0	-1.0	-1.0	-1.0	-1.0	-1.0	-1.0	-1.0	-1.0	-1.0	-1.0	-1.0	-1.0	-1.0	-1.0	-1.0	-1.0	-1.0	-1.0	-1.0	-1.0	-1.0	-1.0	-1.0	-1.0	-1.0	-1.0	-1.0	-1.0	-1.0	-1.0	-1.0	-1.0	-1.0	-1.0	-1.0	-1.0	-1.0	-1.0	-1.0	-1.0	-1.0	-1.0	-1.0	-1.0	-1.0	-1.0	-1.0	-1.0	-1.0	-1.0	-1.0	-1.0	-1.0	-1.0	-1.0	-1.0	-1.0	-1.0	-1.0	-1.0	-1.0	-1.0	-1.0	-1.0	-1.0	-1.0	-1.0	-1.0	-1.0	-1.0	-1.0	-1.0	-1.0	-1.0	-1.0	-1.0	-1.0	-1.0	-1.0	-1.0	-1.0
-1.0	-1.0	-1.0	-1.0	-1.0	-1.0	-1.0	-1.0	-1.0	-1.0	-1.0	-1.0	-1.0	-1.0	-1.0	-1.0	-1.0	-1.0	-1.0	-1.0	-1.0	-1.0	-1.0	-1.0	-1.0	-1.0	-1.0	-1.0	-1.0	-1.0	-1.0	-1.0	-1.0	-1.0	-1.0	-1.0	-1.0	-1.0	-1.0	-1.0	-1.0	-1.0	-1.0	-1.0	-1.0	-1.0	-1.0	-1.0	-1.0	-1.0	-1.0	-1.0	-1.0	-1.0	-1.0	-1.0	-1.0	-1.0	-1.0	-1.0	-1.0	-1.0	-1.0	-1.0	-1.0	-1.0	-1.0	-1.0	-1.0	-1.0	-1.0	-1.0	-1.0	-1.0	-1.0	-1.0	-1.0	-1.0	-1.0	-1.0	-1.0	-1.0	-1.0	-1.0	-1.0	-1.0	-1.0	-1.0	-1.0	-1.0	-1.0	-1.0	-1.0	-1.0	-1.0	-1.0	-1.0	-1.0	-1.0	-1.0
-1.0	-1.0	-1.0	-1.0	-1.0	-1.0	-1.0	-1.0	-1.0	-1.0	-1.0	-1.0	-1.0	-1.0	-1.0	-1.0	-1.0	-1.0	-1.0	-1.0	-1.0	-1.0	-1.0	-1.0	-1.0	-1.0	-1.0	-1.0	-1.0	-1.0	-1.0	-1.0	-1.0	-1.0	-1.0	-1.0	-1.0	-1.0	-1.0	-1.0	-1.0	-1.0	-1.0	-1.0	-1.0	-1.0	-1.0	-1.0	-1.0	-1.0	-1.0	-1.0	-1.0	-1.0	-1.0	-1.0	-1.0	-1.0	-1.0	-1.0	-1.0	-1.0	-1.0	-1.0	-1.0	-1.0	-1.0	-1.0	-1.0	-1.0	-1.0	-1.0	-1.0	-1.0	-1.0	-1.0	-1.0	-1.0	-1.0	-1.0	-1.0	-1.0	-1.0	-1.0	-1.0	-1.0	-1.0	-1.0	-1.0	-1.0	-1.0	-1.0	-1.0	-1.0	-1.0	-1.0	-1.0	-1.0	-1.0	-1.0
-1.0	-1.0	-1.0	-1.0	-1.0	-1.0	-1.0	-1.0	-1.0	-1.0	-1.0	-1.0	-1.0	-1.0	-1.0	-1.0	-1.0	-1.0	-1.0	-1.0	-1.0	-1.0	-1.0	-1.0	-1.0	-1.0	-1.0	-1.0	-1.0	-1.0	-1.0	-1.0	-1.0	-1.0	-1.0	-1.0	-1.0	-1.0	-1.0	-1.0	-1.0	-1.0	-1.0	-1.0	-1.0	-1.0	-1.0	-1.0	-1.0	-1.0	-1.0	-1.0	-1.0	-1.0	-1.0	-1.0	-1.0	-1.0	-1.0	-1.0	-1.0	-1.0	-1.0	-1.0	-1.0	-1.0	-1.0	-1.0	-1.0	-1.0	-1.0	-1.0	-1.0	-1.0	-1.0	-1.0	-1.0	-1.0	-1.0	-1.0	-1.0	-1.0	-1.0	-1.0	-1.0	-1.0	-1.0	-1.0	-1.0	-1.0	-1.0	-1.0	-1.0	-1.0	-1.0	-1.0	-1.0	-1.0	-1.0	-1.0
-1.0	-1.0	-1.0	-1.0	-1.0	-1.0	-1.0	-1.0	-1.0	-1.0	-1.0	-1.0	-1.0	-1.0	-1.0	-1.0	-1.0	-1.0	-1.0	-1.0	-1.0	-1.0	-1.0	-1.0	-1.0	-1.0	-1.0	-1.0	-1.0	-1.0	-1.0	-1.0	-1.0	-1.0	-1.0	-1.0	-1.0	-1.0	-1.0	-1.0	-1.0	-1.0	-1.0	-1.0	-1.0	-1.0	-1.0	-1.0	-1.0	-1.0	-1.0	-1.0	-1.0	-1.0	-1.0	-1.0	-1.0	-1.0	-1.0	-1.0	-1.0	-1.0	-1.0	-1.0	-1.0	-1.0	-1.0	-1.0	-1.0	-1.0	-1.0	-1.0	-1.0	-1.0	-1.0	-1.0	-1.0	-1.0	-1.0	-1.0	-1.0	-1.0	-1.0	-1.0	-1.0	-1.0	-1.0	-1.0	-1.0	-1.0	-1.0	-1.0	-1.0	-1.0	-1.0	-1.0	-1.0	-1.0	-1.0	-1.0
-1.0	-1.0	-1.0	-1.0	-1.0	-1.0	-1.0	-1.0	-1.0	-1.0	-1.0	-1.0	-1.0	-1.0	-1.0	-1.0	-1.0	-1.0	-1.0	-1.0	-1.0	-1.0	-1.0	-1.0	-1.0	-1.0	-1.0	-1.0	-1.0	-1.0	-1.0	-1.0	-1.0	-1.0	-1.0	-1.0	-1.0	-1.0	-1.0	-1.0	-1.0	-1.0	-1.0	-1.0	-1.0	-1.0	-1.0	-1.0	-1.0	-1.0	-1.0	-1.0	-1.0	-1.0	-1.0	-1.0	-1.0	-1.0	-1.0	-1.0	-1.0	-1.0	-1.0	-1.0	-1.0	-1.0	-1.0	-1.0	-1.0	-1.0	-1.0	-1.0	-1.0	-1.0	-1.0	-1.0	-1.0	-1.0	-1.0	-1.0	-1.0	-1.0	-1.0	-1.0	-1.0	-1.0	-1.0	-1.0	-1.0	-1.0	-1.0	-1.0	-1.0	-1.0	-1.0	-1.0	-1.0	-1.0	-1.0	-1.0
-1.0	-1.0	-1.0	-1.0	-1.0	-1.0	-1.0	-1.0	-1.0	-1.0	-1.0	-1.0	-1.0	-1.0	-1.0	-1.0	-1.0	-1.0	-1.0	-1.0	-1.0	-1.0	-1.0	-1.0	-1.0	-1.0	-1.0	-1.0	-1.0	-1.0	-1.0	-1.0	-1.0	-1.0	-1.0	-1.0	-1.0	-1.0	-1.0	-1.0	-1.0	-1.0	-1.0	-1.0	-1.0	-1.0	-1.0	-1.0	-1.0	-1.0	-1.0	-1.0	-1.0	-1.0	-1.0	-1.0	-1.0	-1.0	-1.0	-1.0	-1.0	-1.0	-1.0	-1.0	-1.0	-1.0	-1.0	-1.0	-1.0	-1.0	-1.0	-1.0	-1.0	-1.0	-1.0	-1.0	-1.0	-1.0	-1.0	-1.0	-1.0	-1.0	-1.0	-1.0	-1.0	-1.0	-1.0	-1.0	-1.0	-1.0	-1.0	-1.0	-1.0	-1.0	-1.0	-1.0	-1.0	-1.0	-1.0	-1.0
-1.0	-1.0	-1.0	-1.0	-1.0	-1.0	-1.0	-1.0	-1.0	-1.0	-1.0	-1.0	-1.0	-1.0	-1.0	-1.0	-1.0	-1.0	-1.0	-1.0	-1.0	-1.0	-1.0	-1.0	-1.0	-1.0	-1.0	-1.0	-1.0	-1.0	-1.0	-1.0	-1.0	-1.0	-1.0	-1.0	-1.0	-1.0	-1.0	-1.0	-1.0	-1.0	-1.0	-1.0	-1.0	-1.0	-1.0	-1.0	-1.0	-1.0	-1.0	-1.0	-1.0	-1.0	-1.0	-1.0	-1.0	-1.0	-1.0	-1.0	-1.0	-1.0	-1.0	-1.0	-1.0	-1.0	-1.0	-1.0	-1.0	-1.0	-1.0	-1.0	-1.0	-1.0	-1.0	-1.0	-1.0	-1.0	-1.0	-1.0	-1.0	-1.0	-1.0	-1.0	-1.0	-1.0	-1.0	-1.0	-1.0	-1.0	-1.0	-1.0	-1.0	-1.0	-1.0	-1.0	-1.0	-1.0	-1.0	-1.0
-1.0	-1.0	-1.0	-1.0	-1.0	-1.0	-1.0	-1.0	-1.0	-1.0	-1.0	-1.0	-1.0	-1.0	-1.0	-1.0	-1.0	-1.0	-1.0	-1.0	-1.0	-1.0	-1.0	-1.0	-1.0	-1.0	-1.0	-1.0	-1.0	-1.0	-1.0	-1.0	-1.0	-1.0	-1.0	-1.0	-1.0	-1.0	-1.0	-1.0	-1.0	-1.0	-1.0	-1.0	-1.0	-1.0	-1.0	-1.0	-1.0	-1.0	-1.0	-1.0	-1.0	-1.0	-1.0	-1.0	-1.0	-1.0	-1.0	-1.0	-1.0	-1.0	-1.0	-1.0	-1.0	-1.0	-1.0	-1.0	-1.0	-1.0	-1.0	-1.0	-1.0	-1.0	-1.0	-1.0	-1.0	-1.0	-1.0	-1.0	-1.0	-1.0	-1.0	-1.0	-1.0	-1.0	-1.0	-1.0	-1.0	-1.0	-1.0	-1.0	-1.0	-1.0	-1.0	-1.0	-1.0	-1.0	-1.0	-1.0
-1.0	-1.0	-1.0	-1.0	-1.0	-1.0	-1.0	-1.0	-1.0	-1.0	-1.0	-1.0	-1.0	-1.0	-1.0	-1.0	-1.0	-1.0	-1.0	-1.0	-1.0	-1.0	-1.0	-1.0	-1.0	-1.0	-1.0	-1.0	-1.0	-1.0	-1.0	-1.0	-1.0	-1.0	-1.0	-1.0	-1.0	-1.0	-1.0	-1.0	-1.0	-1.0	-1.0	-1.0	-1.0	-1.0	-1.0	-1.0	-1.0	-1.0	-1.0	-1.0	-1.0	-1.0	-1.0	-1.0	-1.0	-1.0	-1.0	-1.0	-1.0	-1.0	-1.0	-1.0	-1.0	-1.0	-1.0	-1.0	-1.0	-1.0	-1.0	-1.0	-1.0	-1.0	-1.0	-1.0	-1.0	-1.0	-1.0	-1.0	-1.0	-1.0	-1.0	-1.0	-1.0	-1.0	-1.0	-1.0	-1.0	-1.0	-1.0	-1.0	-1.0	-1.0	-1.0	-1.0	-1.0	-1.0	-1.0	-1.0
-1.0	-1.0	-1.0	-1.0	-1.0	-1.0	-1.0	-1.0	-1.0	-1.0	-1.0	-1.0	-1.0	-1.0	-1.0	-1.0	-1.0	-1.0	-1.0	-1.0	-1.0	-1.0	-1.0	-1.0	-1.0	-1.0	-1.0	-1.0	-1.0	-1.0	-1.0	-1.0	-1.0	-1.0	-1.0	-1.0	-1.0	-1.0	-1.0	-1.0	-1.0	-1.0	-1.0	-1.0	-1.0	-1.0	-1.0	-1.0	-1.0	-1.0	-1.0	-1.0	-1.0	-1.0	-1.0	-1.0	-1.0	-1.0	-1.0	-1.0	-1.0	-1.0	-1.0	-1.0	-1.0	-1.0	-1.0	-1.0	-1.0	-1.0	-1.0	-1.0	-1.0	-1.0	-1.0	-1.0	-1.0	-1.0	-1.0	-1.0	-1.0	-1.0	-1.0	-1.0	-1.0	-1.0	-1.0	-1.0	-1.0	-1.0	-1.0	-1.0	-1.0	-1.0	-1.0	-1.0	-1.0	-1.0	-1.0	-1.0
-1.0	-1.0	-1.0	-1.0	-1.0	-1.0	-1.0	-1.0	-1.0	-1.0	-1.0	-1.0	-1.0	-1.0	-1.0	-1.0	-1.0	-1.0	-1.0	-1.0	-1.0	-1.0	-1.0	-1.0	-1.0	-1.0	-1.0	-1.0	-1.0	-1.0	-1.0	-1.0	-1.0	-1.0	-1.0	-1.0	-1.0	-1.0	-1.0	-1.0	-1.0	-1.0	-1.0	-1.0	-1.0	-1.0	-1.0	-1.0	-1.0	-1.0	-1.0	-1.0	-1.0	-1.0	-1.0	-1.0	-1.0	-1.0	-1.0	-1.0	-1.0	-1.0	-1.0	-1.0	-1.0	-1.0	-1.0	-1.0	-1.0	-1.0	-1.0	-1.0	-1.0	-1.0	-1.0	-1.0	-1.0	-1.0	-1.0	-1.0	-1.0	-1.0	-1.0	-1.0	-1.0	-1.0	-1.0	-1.0	-1.0	-1.0	-1.0	-1.0	-1.0	-1.0	-1.0	-1.0	-1.0	-1.0	-1.0	-1.0
-1.0	-1.0	-1.0	-1.0	-1.0	-1.0	-1.0	-1.0	-1.0	-1.0	-1.0	-1.0	-1.0	-1.0	-1.0	-1.0	-1.0	-1.0	-1.0	-1.0	-1.0	-1.0	-1.0	-1.0	-1.0	-1.0	-1.0	-1.0	-1.0	-1.0	-1.0	-1.0	-1.0	-1.0	-1.0	-1.0	-1.0	-1.0	-1.0	-1.0	-1.0	-1.0	-1.0	-1.0	-1.0	-1.0	-1.0	-1.0	-1.0	-1.0	-1.0	-1.0	-1.0	-1.0	-1.0	-1.0	-1.0	-1.0	-1.0	-1.0	-1.0	-1.0	-1.0	-1.0	-1.0	-1.0	-1.0	-1.0	-1.0	-1.0	-1.0	-1.0	-1.0	-1.0	-1.0	-1.0	-1.0	-1.0	-1.0	-1.0	-1.0	-1.0	-1.0	-1.0	-1.0	-1.0	-1.0	-1.0	-1.0	-1.0	-1.0	-1.0	-1.0	-1.0	-1.0	-1.0	-1.0	-1.0	-1.0	-1.0
-1.0	-1.0	-1.0	-1.0	-1.0	-1.0	-1.0	-1.0	-1.0	-1.0	-1.0	-1.0	-1.0	-1.0	-1.0	-1.0	-1.0	-1.0	-1.0	-1.0	-1.0	-1.0	-1.0	-1.0	-1.0	-1.0	-1.0	-1.0	-1.0	-1.0	-1.0	-1.0	-1.0	-1.0	-1.0	-1.0	-1.0	-1.0	-1.0	-1.0	-1.0	-1.0	-1.0	-1.0	-1.0	-1.0	-1.0	-1.0	-1.0	-1.0	-1.0	-1.0	-1.0	-1.0	-1.0	-1.0	-1.0	-1.0	-1.0	-1.0	-1.0	-1.0	-1.0	-1.0	-1.0	-1.0	-1.0	-1.0	-1.0	-1.0	-1.0	-1.0	-1.0	-1.0	-1.0	-1.0	-1.0	-1.0	-1.0	-1.0	-1.0	-1.0	-1.0	-1.0	-1.0	-1.0	-1.0	-1.0	-1.0	-1.0	-1.0	-1.0	-1.0	-1.0	-1.0	-1.0	-1.0	-1.0	-1.0	-1.0
-1.0	-1.0	-1.0	-1.0	-1.0	-1.0	-1.0	-1.0	-1.0	-1.0	-1.0	-1.0	-1.0	-1.0	-1.0	-1.0	-1.0	-1.0	-1.0	-1.0	-1.0	-1.0	-1.0	-1.0	-1.0	-1.0	-1.0	-1.0	-1.0	-1.0	-1.0	-1.0	-1.0	-1.0	-1.0	-1.0	-1.0	-1.0	-1.0	-1.0	-1.0	-1.0	-1.0	-1.0	-1.0	-1.0	-1.0	-1.0	-1.0	-1.0	-1.0	-1.0	-1.0	-1.0	-1.0	-1.0	-1.0	-1.0	-1.0	-1.0	-1.0	-1.0	-1.0	-1.0	-1.0	-1.0	-1.0	-1.0	-1.0	-1.0	-1.0	-1.0	-1.0	-1.0	-1.0	-1.0	-1.0	-1.0	-1.0	-1.0	-1.0	-1.0	-1.0	-1.0	-1.0	-1.0	-1.0	-1.0	-1.0	-1.0	-1.0	-1.0	-1.0	-1.0	-1.0	-1.0	-1.0	-1.0	-1.0	-1.0
-1.0	-1.0	-1.0	-1.0	-1.0	-1.0	-1.0	-1.0	-1.0	-1.0	-1.0	-1.0	-1.0	-1.0	-1.0	-1.0	-1.0	-1.0	-1.0	-1.0	-1.0	-1.0	-1.0	-1.0	-1.0	-1.0	-1.0	-1.0	-1.0	-1.0	-1.0	-1.0	-1.0	-1.0	-1.0	-1.0	-1.0	-1.0	-1.0	-1.0	-1.0	-1.0	-1.0	-1.0	-1.0	-1.0	-1.0	-1.0	-1.0	-1.0	-1.0	-1.0	-1.0	-1.0	-1.0	-1.0	-1.0	-1.0	-1.0	-1.0	-1.0	-1.0	-1.0	-1.0	-1.0	-1.0	-1.0	-1.0	-1.0	-1.0	-1.0	-1.0	-1.0	-1.0	-1.0	-1.0	-1.0	-1.0	-1.0	-1.0	-1.0	-1.0	-1.0	-1.0	-1.0	-1.0	-1.0	-1.0	-1.0	-1.0	-1.0	-1.0	-1.0	-1.0	-1.0	-1.0	-1.0	-1.0	-1.0	-1.0
-1.0	-1.0	-1.0	-1.0	-1.0	-1.0	-1.0	-1.0	-1.0	-1.0	-1.0	-1.0	-1.0	-1.0	-1.0	-1.0	-1.0	-1.0	-1.0	-1.0	-1.0	-1.0	-1.0	-1.0	-1.0	-1.0	-1.0	-1.0	-1.0	-1.0	-1.0	-1.0	-1.0	-1.0	-1.0	-1.0	-1.0	-1.0	-1.0	-1.0	-1.0	-1.0	-1.0	-1.0	-1.0	-1.0	-1.0	-1.0	-1.0	-1.0	-1.0	-1.0	-1.0	-1.0	-1.0	-1.0	-1.0	-1.0	-1.0	-1.0	-1.0	-1.0	-1.0	-1.0	-1.0	-1.0	-1.0	-1.0	-1.0	-1.0	-1.0	-1.0	-1.0	-1.0	-1.0	-1.0	-1.0	-1.0	-1.0	-1.0	-1.0	-1.0	-1.0	-1.0	-1.0	-1.0	-1.0	-1.0	-1.0	-1.0	-1.0	-1.0	-1.0	-1.0	-1.0	-1.0	-1.0	-1.0	-1.0	-1.0
-1.0	-1.0	-1.0	-1.0	-1.0	-1.0	-1.0	-1.0	-1.0	-1.0	-1.0	-1.0	-1.0	-1.0	-1.0	-1.0	-1.0	-1.0	-1.0	-1.0	-1.0	-1.0	-1.0	-1.0	-1.0	-1.0	-1.0	-1.0	-1.0	-1.0	-1.0	-1.0	-1.0	-1.0	-1.0	-1.0	-1.0	-1.0	-1.0	-1.0	-1.0	-1.0	-1.0	-1.0	-1.0	-1.0	-1.0	-1.0	-1.0	-1.0	-1.0	-1.0	-1.0	-1.0	-1.0	-1.0	-1.0	-1.0	-1.0	-1.0	-1.0	-1.0	-1.0	-1.0	-1.0	-1.0	-1.0	-1.0	-1.0	-1.0	-1.0	-1.0	-1.0	-1.0	-1.0	-1.0	-1.0	-1.0	-1.0	-1.0	-1.0	-1.0	-1.0	-1.0	-1.0	-1.0	-1.0	-1.0	-1.0	-1.0	-1.0	-1.0	-1.0	-1.0	-1.0	-1.0	-1.0	-1.0	-1.0	-1.0
-1.0	-1.0	-1.0	-1.0	-1.0	-1.0	-1.0	-1.0	-1.0	-1.0	-1.0	-1.0	-1.0	-1.0	-1.0	-1.0	-1.0	-1.0	-1.0	-1.0	-1.0	-1.0	-1.0	-1.0	-1.0	-1.0	-1.0	-1.0	-1.0	-1.0	-1.0	-1.0	-1.0	-1.0	-1.0	-1.0	-1.0	-1.0	-1.0	-1.0	-1.0	-1.0	-1.0	-1.0	-1.0	-1.0	-1.0	-1.0	-1.0	-1.0	-1.0	-1.0	-1.0	-1.0	-1.0	-1.0	-1.0	-1.0	-1.0	-1.0	-1.0	-1.0	-1.0	-1.0	-1.0	-1.0	-1.0	-1.0	-1.0	-1.0	-1.0	-1.0	-1.0	-1.0	-1.0	-1.0	-1.0	-1.0	-1.0	-1.0	-1.0	-1.0	-1.0	-1.0	-1.0	-1.0	-1.0	-1.0	-1.0	-1.0	-1.0	-1.0	-1.0	-1.0	-1.0	-1.0	-1.0	-1.0	-1.0	-1.0
-1.0	-1.0	-1.0	-1.0	-1.0	-1.0	-1.0	-1.0	-1.0	-1.0	-1.0	-1.0	-1.0	-1.0	-1.0	-1.0	-1.0	-1.0	-1.0	-1.0	-1.0	-1.0	-1.0	-1.0	-1.0	-1.0	-1.0	-1.0	-1.0	-1.0	-1.0	-1.0	-1.0	-1.0	-1.0	-1.0	-1.0	-1.0	-1.0	-1.0	-1.0	-1.0	-1.0	-1.0	-1.0	-1.0	-1.0	-1.0	-1.0	-1.0	-1.0	-1.0	-1.0	-1.0	-1.0	-1.0	-1.0	-1.0	-1.0	-1.0	-1.0	-1.0	-1.0	-1.0	-1.0	-1.0	-1.0	-1.0	-1.0	-1.0	-1.0	-1.0	-1.0	-1.0	-1.0	-1.0	-1.0	-1.0	-1.0	-1.0	-1.0	-1.0	-1.0	-1.0	-1.0	-1.0	-1.0	-1.0	-1.0	-1.0	-1.0	-1.0	-1.0	-1.0	-1.0	-1.0	-1.0	-1.0	-1.0	-1.0
-1.0	-1.0	-1.0	-1.0	-1.0	-1.0	-1.0	-1.0	-1.0	-1.0	-1.0	-1.0	-1.0	-1.0	-1.0	-1.0	-1.0	-1.0	-1.0	-1.0	-1.0	-1.0	-1.0	-1.0	-1.0	-1.0	-1.0	-1.0	-1.0	-1.0	-1.0	-1.0	-1.0	-1.0	-1.0	-1.0	-1.0	-1.0	-1.0	-1.0	-1.0	-1.0	-1.0	-1.0	-1.0	-1.0	-1.0	-1.0	-1.0	-1.0	-1.0	-1.0	-1.0	-1.0	-1.0	-1.0	-1.0	-1.0	-1.0	-1.0	-1.0	-1.0	-1.0	-1.0	-1.0	-1.0	-1.0	-1.0	-1.0	-1.0	-1.0	-1.0	-1.0	-1.0	-1.0	-1.0	-1.0	-1.0	-1.0	-1.0	-1.0	-1.0	-1.0	-1.0	-1.0	-1.0	-1.0	-1.0	-1.0	-1.0	-1.0	-1.0	-1.0	-1.0	-1.0	-1.0	-1.0	-1.0	-1.0	-1.0
-1.0	-1.0	-1.0	-1.0	-1.0	-1.0	-1.0	-1.0	-1.0	-1.0	-1.0	-1.0	-1.0	-1.0	-1.0	-1.0	-1.0	-1.0	-1.0	-1.0	-1.0	-1.0	-1.0	-1.0	-1.0	-1.0	-1.0	-1.0	-1.0	-1.0	-1.0	-1.0	-1.0	-1.0	-1.0	-1.0	-1.0	-1.0	-1.0	-1.0	-1.0	-1.0	-1.0	-1.0	-1.0	-1.0	-1.0	-1.0	-1.0	-1.0	-1.0	-1.0	-1.0	-1.0	-1.0	-1.0	-1.0	-1.0	-1.0	-1.0	-1.0	-1.0	-1.0	-1.0	-1.0	-1.0	-1.0	-1.0	-1.0	-1.0	-1.0	-1.0	-1.0	-1.0	-1.0	-1.0	-1.0	-1.0	-1.0	-1.0	-1.0	-1.0	-1.0	-1.0	-1.0	-1.0	-1.0	-1.0	-1.0	-1.0	-1.0	-1.0	-1.0	-1.0	-1.0	-1.0	-1.0	-1.0	-1.0	-1.0
-1.0	-1.0	-1.0	-1.0	-1.0	-1.0	-1.0	-1.0	-1.0	-1.0	-1.0	-1.0	-1.0	-1.0	-1.0	-1.0	-1.0	-1.0	-1.0	-1.0	-1.0	-1.0	-1.0	-1.0	-1.0	-1.0	-1.0	-1.0	-1.0	-1.0	-1.0	-1.0	-1.0	-1.0	-1.0	-1.0	-1.0	-1.0	-1.0	-1.0	-1.0	-1.0	-1.0	-1.0	-1.0	-1.0	-1.0	-1.0	-1.0	-1.0	-1.0	-1.0	-1.0	-1.0	-1.0	-1.0	-1.0	-1.0	-1.0	-1.0	-1.0	-1.0	-1.0	-1.0	-1.0	-1.0	-1.0	-1.0	-1.0	-1.0	-1.0	-1.0	-1.0	-1.0	-1.0	-1.0	-1.0	-1.0	-1.0	-1.0	-1.0	-1.0	-1.0	-1.0	-1.0	-1.0	-1.0	-1.0	-1.0	-1.0	-1.0	-1.0	-1.0	-1.0	-1.0	-1.0	-1.0	-1.0	-1.0	-1.0
-1.0	-1.0	-1.0	-1.0	-1.0	-1.0	-1.0	-1.0	-1.0	-1.0	-1.0	-1.0	-1.0	-1.0	-1.0	-1.0	-1.0	-1.0	-1.0	-1.0	-1.0	-1.0	-1.0	-1.0	-1.0	-1.0	-1.0	-1.0	-1.0	-1.0	-1.0	-1.0	-1.0	-1.0	-1.0	-1.0	-1.0	-1.0	-1.0	-1.0	-1.0	-1.0	-1.0	-1.0	-1.0	-1.0	-1.0	-1.0	-1.0	-1.0	-1.0	-1.0	-1.0	-1.0	-1.0	-1.0	-1.0	-1.0	-1.0	-1.0	-1.0	-1.0	-1.0	-1.0	-1.0	-1.0	-1.0	-1.0	-1.0	-1.0	-1.0	-1.0	-1.0	-1.0	-1.0	-1.0	-1.0	-1.0	-1.0	-1.0	-1.0	-1.0	-1.0	-1.0	-1.0	-1.0	-1.0	-1.0	-1.0	-1.0	-1.0	-1.0	-1.0	-1.0	-1.0	-1.0	-1.0	-1.0	-1.0	-1.0
-1.0	-1.0	-1.0	-1.0	-1.0	-1.0	-1.0	-1.0	-1.0	-1.0	-1.0	-1.0	-1.0	-1.0	-1.0	-1.0	-1.0	-1.0	-1.0	-1.0	-1.0	-1.0	-1.0	-1.0	-1.0	-1.0	-1.0	-1.0	-1.0	-1.0	-1.0	-1.0	-1.0	-1.0	-1.0	-1.0	-1.0	-1.0	-1.0	-1.0	-1.0	-1.0	-1.0	-1.0	-1.0	-1.0	-1.0	-1.0	-1.0	-1.0	-1.0	-1.0	-1.0	-1.0	-1.0	-1.0	-1.0	-1.0	-1.0	-1.0	-1.0	-1.0	-1.0	-1.0	-1.0	-1.0	-1.0	-1.0	-1.0	-1.0	-1.0	-1.0	-1.0	-1.0	-1.0	-1.0	-1.0	-1.0	-1.0	-1.0	-1.0	-1.0	-1.0	-1.0	-1.0	-1.0	-1.0	-1.0	-1.0	-1.0	-1.0	-1.0	-1.0	-1.0	-1.0	-1.0	-1.0	-1.0	-1.0	-1.0
-1.0	-1.0	-1.0	-1.0	-1.0	-1.0	-1.0	-1.0	-1.0	-1.0	-1.0	-1.0	-1.0	-1.0	-1.0	-1.0	-1.0	-1.0	-1.0	-1.0	-1.0	-1.0	-1.0	-1.0	-1.0	-1.0	-1.0	-1.0	-1.0	-1.0	-1.0	-1.0	-1.0	-1.0	-1.0	-1.0	-1.0	-1.0	-1.0	-1.0	-1.0	-1.0	-1.0	-1.0	-1.0	-1.0	-1.0	-1.0	-1.0	-1.0	-1.0	-1.0	-1.0	-1.0	-1.0	-1.0	-1.0	-1.0	-1.0	-1.0	-1.0	-1.0	-1.0	-1.0	-1.0	-1.0	-1.0	-1.0	-1.0	-1.0	-1.0	-1.0	-1.0	-1.0	-1.0	-1.0	-1.0	-1.0	-1.0	-1.0	-1.0	-1.0	-1.0	-1.0	-1.0	-1.0	-1.0	-1.0	-1.0	-1.0	-1.0	-1.0	-1.0	-1.0	-1.0	-1.0	-1.0	-1.0	-1.0	-1.0
-1.0	-1.0	-1.0	-1.0	-1.0	-1.0	-1.0	-1.0	-1.0	-1.0	-1.0	-1.0	-1.0	-1.0	-1.0	-1.0	-1.0	-1.0	-1.0	-1.0	-1.0	-1.0	-1.0	-1.0	-1.0	-1.0	-1.0	-1.0	-1.0	-1.0	-1.0	-1.0	-1.0	-1.0	-1.0	-1.0	-1.0	-1.0	-1.0	-1.0	-1.0	-1.0	-1.0	-1.0	-1.0	-1.0	-1.0	-1.0	-1.0	-1.0	-1.0	-1.0	-1.0	-1.0	-1.0	-1.0	-1.0	-1.0	-1.0	-1.0	-1.0	-1.0	-1.0	-1.0	-1.0	-1.0	-1.0	-1.0	-1.0	-1.0	-1.0	-1.0	-1.0	-1.0	-1.0	-1.0	-1.0	-1.0	-1.0	-1.0	-1.0	-1.0	-1.0	-1.0	-1.0	-1.0	-1.0	-1.0	-1.0	-1.0	-1.0	-1.0	-1.0	-1.0	-1.0	-1.0	-1.0	-1.0	-1.0	-1.0
-1.0	-1.0	-1.0	-1.0	-1.0	1.6671264407738053	1.6080817208566676	1.7348619764860358	1.7346027590973658	1.4588518260009011	1.497155599378977	1.51654916499211	1.6348502599853547	1.6781055175569757	1.7053131771366927	1.480050420414098	1.8163956905179846	1.5677988211122564	1.631853911079439	1.6555760665231554	1.4601435978977317	1.5797206007010445	1.4234093409153334	-1.0	-1.0	-1.0	-1.0	-1.0	-1.0	-1.0	-1.0	-1.0	-1.0	-1.0	-1.0	-1.0	1.607666281468344	1.7037164151731337	-1.0	-1.0	1.4279709673689658	1.446690797876029	1.7386610089274206	-1.0	-1.0	-1.0	-1.0	1.6324267724409913	1.3807721072172137	-1.0	-1.0	1.5222182329820408	-1.0	1.4608539720968947	1.5830986760897365	-1.0	1.5684908153640154	-1.0	-1.0	-1.0	-1.0	-1.0	-1.0	-1.0	-1.0	-1.0	-1.0	-1.0	-1.0	1.6201671741606833	-1.0	-1.0	-1.0	-1.0	-1.0	-1.0	-1.0	1.5342484246252877	1.8948000748960963	-1.0	1.5160641218445519	-1.0	1.4313089004872606	-1.0	-1.0	-1.0	-1.0	-1.0	-1.0	-1.0	-1.0	-1.0	-1.0	-1.0	-1.0	-1.0	-1.0	-1.0	-1.0	-1.0
-1.0	-1.0	-1.0	-1.0	-1.0	1.724495336516768	1.733229406325203	1.500350186074737	1.5531454440439294	1.5354346341013514	1.62230927526599	1.4382676780375143	1.4739170931782053	1.6919951423995272	1.4620917555019133	1.6935883544326407	1.6751334577078338	1.4206735743117787	1.6677119549229322	1.5654606645530758	1.514403257164047	1.6185234917105848	1.6619598613417053	-1.0	-1.0	-1.0	-1.0	-1.0	-1.0	-1.0	-1.0	-1.0	-1.0	-1.0	-1.0	-1.0	1.6629661971286216	1.5538462439903873	-1.0	-1.0	1.5440116249446514	1.471182022248474	1.670554012067046	-1.0	-1.0	-1.0	-1.0	1.4734645051263255	1.6971649054195646	-1.0	-1.0	1.5504194307702255	-1.0	1.7659623867923262	1.7296708986993918	-1.0	1.4781403243347915	-1.0	-1.0	-1.0	-1.0	-1.0	-1.0	-1.0	-1.0	-1.0	-1.0	-1.0	-1.0	1.6684221349622868	-1.0	-1.0	-1.0	-1.0	-1.0	-1.0	-1.0	1.639941806369399	1.5710617188878535	-1.0	1.6620904450659353	-1.0	1.4861383805645403	-1.0	-1.0	-1.0	-1.0	-1.0	-1.0	-1.0	-1.0	-1.0	-1.0	-1.0	-1.0	-1.0	-1.0	-1.0	-1.0	-1.0
-1.0	-1.0	-1.0	-1.0	-1.0	1.952122264742159	1.6438337036237396	1.5818341426555955	1.6133399286114742	1.4636011327710372	1.5845646040011907	1.5379346620602248	1.4864280578717608	1.5643870829298112	1.4677807899556146	1.617347513249266	1.6845952594448095	1.5927408060144574	1.5772738353738642	1.691868934980841	1.6714057330691312	1.6287010118799574	1.739910413727569	-1.0	-1.0	-1.0	-1.0	-1.0	-1.0	-1.0	-1.0	-1.0	-1.0	-1.0	-1.0	-1.0	1.8172729195715436	1.671653405698489	-1.0	-1.0	1.5746803391581277	1.719669348732074	1.5498148426804628	-1.0	-1.0	-1.0	-1.0	1.5412648284849206	1.500983632527962	-1.0	-1.0	1.8192575675519302	-1.0	1.560376391024754	1.6068266532663678	-1.0	1.5053191632942742	-1.0	-1.0	-1.0	-1.0	-1.0	-1.0	-1.0	-1.0	-1.0	-1.0	-1.0	-1.0	1.6890522984206877	-1.0	-1.0	-1.0	-1.0	-1.0	-1.0	-1.0	1.6217204915599785	1.640675565303912	-1.0	1.644993158705698	-1.0	1.5688071184236432	-1.0	-1.0	-1.0	-1.0	-1.0	-1.0	-1.0	-1.0	-1.0	-1.0	-1.0	-1.0	-1.0	-1.0	-1.0	-1.0	-1.0
-1.0	-1.0	-1.0	-1.0	-1.0	1.5666582025685487	1.6535936300754246	1.5042953521735887	1.6290629826539913	1.5603819543435364	1.6520644761173597	1.6802771791063873	1.3735458369021454	1.5564645532826207	1.5263023743510435	1.5922964920794846	1.5704297537017717	1.614387828718474	1.6696584110114654	1.7503857796819173	1.3433587691220108	1.3293700411390248	1.7059749246317069	-1.0	-1.0	-1.0	-1.0	-1.0	-1.0	-1.0	-1.0	-1.0	-1.0	-1.0	-1.0	-1.0	1.555664538887297	1.650139963378478	-1.0	-1.0	1.5730112371923581	1.7857305289592997	1.557838122504344	-1.0	-1.0	-1.0	-1.0	1.6107843879925356	1.7292627376224197	-1.0	-1.0	1.593259515416377	-1.0	1.674640685958787	1.6191634094049807	-1.0	1.407619393873137	-1.0	-1.0	-1.0	-1.0	-1.0	-1.0	-1.0	-1.0	-1.0	-1.0	-1.0	-1.0	1.6362377823046856	-1.0	-1.0	-1.0	-1.0	-1.0	-1.0	-1.0	1.558521252891948	1.6284736352871572	-1.0	1.6045540188929126	-1.0	1.5321119601947	-1.0	-1.0	-1.0	-1.0	-1.0	-1.0	-1.0	-1.0	-1.0	-1.0	-1.0	-1.0	-1.0	-1.0	-1.0	-1.0	-1.0
-1.0	-1.0	-1.0	-1.0	-1.0	1.6547652341448202	1.6358788111410925	1.509725759924483	1.65245295366662	1.6539357422307142	1.5633685247069988	1.6478661174656641	1.5386722415862415	1.611308483545612	1.5979440360896753	1.6726579920814024	1.469880428654993	1.4511428089089873	1.5549357394447736	1.5694021616127405	1.6436408065117498	1.5783027793784843	1.5422224162581095	-1.0	-1.0	-1.0	-1.0	-1.0	-1.0	-1.0	-1.0	-1.0	-1.0	-1.0	-1.0	-1.0	1.510806174344409	1.658532451940803	-1.0	-1.0	1.6356164270425522	1.4210809436285547	1.6264914253938512	-1.0	-1.0	-1.0	-1.0	1.7250595567022644	1.646719573293288	-1.0	-1.0	1.587102542902559	-1.0	1.8091971790647596	1.4534191225387267	-1.0	1.449172607446842	-1.0	-1.0	-1.0	-1.0	-1.0	-1.0	-1.0	-1.0	-1.0	-1.0	-1.0	-1.0	1.5613958757327018	-1.0	-1.0	-1.0	-1.0	-1.0	-1.0	-1.0	1.5904478514170801	1.6694277574103897	-1.0	1.5826529120828454	-1.0	1.6375786634376166	-1.0	-1.0	-1.0	-1.0	-1.0	-1.0	-1.0	-1.0	-1.0	-1.0	-1.0	-1.0	-1.0	-1.0	-1.0	-1.0	-1.0
-1.0	-1.0	-1.0	-1.0	-1.0	1.5033149596595143	1.659134168711975	1.5343555823002426	1.3172129332628626	1.4350545521101554	1.455631797627952	1.4977253850705428	1.5971899230651507	1.5522542903351748	1.6151530112808223	1.8056883170746296	1.5186978585913562	1.479293250255255	1.517714392271901	1.6717069190323266	1.6215702019334564	1.722331071891811	1.6309119543313573	-1.0	-1.0	-1.0	-1.0	-1.0	-1.0	-1.0	-1.0	-1.0	-1.0	-1.0	-1.0	-1.0	1.7042491417375085	1.5645487867697396	-1.0	-1.0	1.602535915936303	1.807554074583451	1.5392001640016366	-1.0	-1.0	-1.0	-1.0	1.6475785023171752	1.5338396504339598	-1.0	-1.0	1.3929304962440494	-1.0	1.6323690441191716	1.677936129327859	-1.0	1.5303662501227864	-1.0	-1.0	-1.0	-1.0	-1.0	-1.0	-1.0	-1.0	-1.0	-1.0	-1.0	-1.0	1.650533955689607	-1.0	-1.0	-1.0	-1.0	-1.0	-1.0	-1.0	1.6053113897948739	1.5222418429819102	-1.0	1.5346791411544378	-1.0	1.5444081720457137	-1.0	-1.0	-1.0	-1.0	-1.0	-1.0	-1.0	-1.0	-1.0	-1.0	-1.0	-1.0	-1.0	-1.0	-1.0	-1.0	-1.0
-1.0	-1.0	-1.0	-1.0	-1.0	1.832958965393584	1.5649163942753803	1.6239566902442153	1.748656423036221	1.5978215771399604	1.567336407011615	1.4311239106732998	1.6294490780264872	1.5933847820504285	1.5974455875954758	1.6683309347046622	1.7681280255627465	1.5711443652698474	1.6507228364977273	1.5909087547547116	1.5391125886379389	1.4795305594147528	1.6029458670974572	-1.0	-1.0	-1.0	-1.0	-1.0	-1.0	-1.0	-1.0	-1.0	-1.0	-1.0	-1.0	-1.0	1.6273119761702122	1.6969380576298052	-1.0	-1.0	1.5902938156618258	1.65860619870951	1.7123364758132174	-1.0	-1.0	-1.0	-1.0	1.7120725269944264	1.506969948916832	-1.0	-1.0	1.5896395165345971	-1.0	1.7242865700564325	1.6044151602925187	-1.0	1.6170299513840447	-1.0	-1.0	-1.0	-1.0	-1.0	-1.0	-1.0	-1.0	-1.0	-1.0	-1.0	-1.0	1.5665090671608046	-1.0	-1.0	-1.0	-1.0	-1.0	-1.0	-1.0	1.7390850093694117	1.550974883441991	-1.0	1.455056235727957	-1.0	1.5838533003230912	-1.0	-1.0	-1.0	-1.0	-1.0	-1.0	-1.0	-1.0	-1.0	-1.0	-1.0	-1.0	-1.0	-1.0	-1.0	-1.0	-1.0
-1.0	-1.0	-1.0	-1.0	-1.0	1.5340397557767333	1.8511539828360197	1.669002773010084	1.5687153764885156	1.5065196353972752	1.4859362498106787	1.6248722685249117	1.5912685126996648	1.582081451121588	1.4648266426684422	1.5143936759764858	1.7027423868501517	1.4540319264964783	1.6356595836613237	1.5351550427640188	1.4577566871314631	1.7032346766228048	1.4835926254270582	-1.0	-1.0	-1.0	-1.0	-1.0	-1.0	-1.0	-1.0	-1.0	-1.0	-1.0	-1.0	-1.0	1.7122577269190598	1.762273586602206	-1.0	-1.0	1.3904828455759644	1.6710163543790975	1.497196874655751	-1.0	-1.0	-1.0	-1.0	1.6323934825283504	1.6685488982242915	-1.0	-1.0	1.6819513448902468	-1.0	1.6565793790195131	1.5719294538302375	-1.0	1.4935180240254213	-1.0	-1.0	-1.0	-1.0	-1.0	-1.0	-1.0	-1.0	-1.0	-1.0	-1.0	-1.0	1.5519238816909087	-1.0	-1.0	-1.0	-1.0	-1.0	-1.0	-1.0	1.6279072104181636	1.5260341865927742	-1.0	1.6229050821579094	-1.0	1.467711490176316	-1.0	-1.0	-1.0	-1.0	-1.0	-1.0	-1.0	-1.0	-1.0	-1.0	-1.0	-1.0	-1.0	-1.0	-1.0	-1.0	-1.0
-1.0	-1.0	-1.0	-1.0	-1.0	1.5103300589825754	1.5654704337891419	1.5755367320095364	1.5972628143482355	1.704656738985222	1.5730804003736045	1.6019830410227598	1.6241088876176908	1.609777696851758	1.7343129326869748	1.5744365867940475	1.489844079745204	1.6370671816689704	1.6633204756716062	1.51691394649236	1.3786115469448257	1.5323913156571873	1.3337739745671484	-1.0	-1.0	-1.0	-1.0	-1.0	-1.0	-1.0	-1.0	-1.0	-1.0	-1.0	-1.0	-1.0	1.6111394310773954	1.7317914397657312	-1.0	-1.0	1.579588513551381	1.7042222860816267	1.551744473242596	-1.0	-1.0	-1.0	-1.0	1.5205777856626261	1.7434961755166545	-1.0	-1.0	1.5463196089651357	-1.0	1.6822103879600037	1.7383381965353633	-1.0	1.676862032720637	-1.0	-1.0	-1.0	-1.0	-1.0	-1.0	-1.0	-1.0	-1.0	-1.0	-1.0	-1.0	1.5196441392215065	-1.0	-1.0	-1.0	-1.0	-1.0	-1.0	-1.0	1.6471110247590062	1.7018998426786045	-1.0	1.6396090946917978	-1.0	1.5420231408054295	-1.0	-1.0	-1.0	-1.0	-1.0	-1.0	-1.0	-1.0	-1.0	-1.0	-1.0	-1.0	-1.0	-1.0	-1.0	-1.0	-1.0
-1.0	-1.0	-1.0	-1.0	-1.0	1.6138599673443483	1.4710310157112536	1.8722702010572048	1.744694774217961	1.4989483338461913	1.6739684778885429	1.689041564094214	1.4689615953533026	1.4424223239494471	1.581137756202624	1.6055048763652406	1.7015239734665673	1.4169085274508568	1.6753968893312094	1.5945515711422436	1.6302620080288905	1.6512955875493043	1.3003927064575187	-1.0	-1.0	-1.0	-1.0	-1.0	-1.0	-1.0	-1.0	-1.0	-1.0	-1.0	-1.0	1.3647130178020266	1.61431865350865	1.6644715834094403	1.4168493875555273	1.1967741985028253	1.7075406530657637	1.6724829445345848	1.599468297113161	1.1662670572179448	1.5254592987261306	1.3485428862079305	1.3251827721623413	1.5886667882873573	1.5427317316540312	1.4833358160714487	1.3642405485855629	1.5466555962167714	1.2230751682044458	1.3874082287497833	1.660564438764748	1.2857748329190826	1.65690480632941	-1.0	-1.0	-1.0	-1.0	-1.0	-1.0	-1.0	-1.0	-1.0	-1.0	-1.0	-1.0	1.6611197402098812	-1.0	-1.0	-1.0	-1.0	-1.0	-1.0	-1.0	1.672547641030487	1.493499288828379	1.2466156848937793	1.6205577569948495	1.2415348239182329	1.3860053531018917	1.2262593526237229	1.4197792712685573	1.3991468048977853	1.462199049184944	-1.0	-1.0	-1.0	-1.0	-1.0	-1.0	-1.0	-1.0	-1.0	-1.0	-1.0	-1.0	-1.0
-1.0	-1.0	-1.0	-1.0	-1.0	-1.0	-1.0	-1.0	-1.0	-1.0	-1.0	-1.0	-1.0	-1.0	-1.0	-1.0	-1.0	-1.0	-1.0	-1.0	-1.0	-1.0	-1.0	-1.0	-1.0	-1.0	-1.0	-1.0	-1.0	-1.0	-1.0	-1.0	-1.0	-1.0	-1.0	1.243430836856066	1.451617621535246	1.276935199895828	1.2221726002869944	1.241664211956227	1.239176769468707	1.2557038858231495	1.48806955609205	1.2918103353130537	1.4565146645400988	1.2852847793638136	1.446331190265552	1.504639471491744	1.4331204555830395	1.3373205045939764	1.3607475568260878	1.5187434071693386	1.2535058520626434	1.3201539679241059	1.3670522035634436	1.4794468740608313	1.325501130044197	-1.0	-1.0	-1.0	-1.0	-1.0	-1.0	-1.0	-1.0	-1.0	-1.0	-1.0	-1.0	-1.0	-1.0	-1.0	-1.0	-1.0	-1.0	-1.0	-1.0	1.3413205714846816	1.3732131857568421	1.3743551389883937	1.529507008821184	1.518203031912084	1.3993056493166938	1.401454960148843	1.4466694514802676	1.2812720224387422	1.1676474540445017	-1.0	-1.0	-1.0	-1.0	-1.0	-1.0	-1.0	-1.0	-1.0	-1.0	-1.0	-1.0	-1.0
-1.0	-1.0	-1.0	-1.0	-1.0	-1.0	-1.0	-1.0	-1.0	-1.0	-1.0	-1.0	-1.0	-1.0	-1.0	-1.0	-1.0	-1.0	-1.0	-1.0	-1.0	-1.0	-1.0	-1.0	-1.0	-1.0	-1.0	-1.0	-1.0	-1.0	-1.0	-1.0	-1.0	-1.0	-1.0	1.4336696995493288	1.3888972693101493	1.4191761644830294	1.4434606707547502	1.3705943038477901	1.2119358677717238	1.2904105352743354	1.4668389792576144	1.2227210432146751	1.2081211094695428	1.3224372441668057	1.2433694026376458	1.322353844143968	1.507867105747429	1.3870490428750653	1.397174763068493	1.230275168514261	1.3796983306058583	1.3504462295547623	1.362188449012504	1.4599410469259222	1.37551224258022	-1.0	-1.0	-1.0	-1.0	-1.0	-1.0	-1.0	-1.0	-1.0	-1.0	-1.0	-1.0	-1.0	-1.0	-1.0	-1.0	-1.0	-1.0	-1.0	-1.0	1.3690182805400752	1.3608668294837147	1.318846375059464	1.2514104315934105	1.2722439750062804	1.4077885417649927	1.2245621668358786	1.3132268692040068	1.2353781810936089	1.4764753190706468	-1.0	-1.0	-1.0	-1.0	-1.0	-1.0	-1.0	-1.0	-1.0	-1.0	-1.0	-1.0	-1.0
-1.0	-1.0	-1.0	-1.0	-1.0	-1.0	-1.0	-1.0	-1.0	-1.0	-1.0	-1.0	-1.0	-1.0	-1.0	-1.0	-1.0	-1.0	-1.0	-1.0	-1.0	-1.0	-1.0	-1.0	-1.0	-1.0	-1.0	-1.0	-1.0	-1.0	-1.0	-1.0	-1.0	-1.0	-1.0	1.18828170588016	1.2960917256286382	1.3404248670777845	1.4232259808276786	1.3283186555046935	1.5369076001328852	1.2733782156629752	1.4078629347047564	1.308827843365445	1.3735633563843157	1.3655244602910956	1.4115570632207968	1.2271616559391842	1.0894505883434351	1.4571394418403185	1.4012563684863983	1.4393047399644168	1.4366808967331508	1.2933439194496705	1.4233696979056527	1.474551788546715	1.3481372350934253	-1.0	-1.0	-1.0	-1.0	-1.0	-1.0	-1.0	-1.0	-1.0	-1.0	-1.0	-1.0	-1.0	-1.0	-1.0	-1.0	-1.0	-1.0	-1.0	-1.0	1.1383917924576101	1.3415479673195345	1.2642089968132828	1.2409449714270595	1.3880670374059811	1.2362739159536467	1.148565946614205	1.3578513785018118	1.331719187776485	1.4704050107514728	-1.0	-1.0	-1.0	-1.0	-1.0	-1.0	-1.0	-1.0	-1.0	-1.0	-1.0	-1.0	-1.0
-1.0	-1.0	-1.0	-1.0	-1.0	-1.0	-1.0	-1.0	-1.0	-1.0	-1.0	-1.0	-1.0	-1.0	-1.0	-1.0	-1.0	-1.0	-1.0	-1.0	-1.0	-1.0	-1.0	-1.0	-1.0	-1.0	-1.0	-1.0	-1.0	-1.0	-1.0	-1.0	-1.0	-1.0	-1.0	1.3555634380540957	1.2998865948626743	1.3706305276856732	1.1942953865295658	1.3559938018501247	1.2871763178278446	1.4544820553950446	1.320821488430978	1.246303171426555	1.3850151828019677	1.2286007451315009	1.1541745568078188	1.348246575678277	1.336583336889096	1.337330565046214	1.339009484646888	1.3360262426188232	1.1403060790348283	1.424685060706555	1.3567268291524375	1.2247868611559096	1.3841219661690747	-1.0	-1.0	-1.0	-1.0	-1.0	-1.0	-1.0	-1.0	-1.0	-1.0	-1.0	-1.0	-1.0	-1.0	-1.0	-1.0	-1.0	-1.0	-1.0	-1.0	1.224304927612089	1.4354773245366725	1.375357615794113	1.3316382302825307	1.44181817706825	1.2435335543036605	1.38630984507519	1.4433099653023056	1.316629896216314	1.4035248372480726	-1.0	-1.0	-1.0	-1.0	-1.0	-1.0	-1.0	-1.0	-1.0	-1.0	-1.0	-1.0	-1.0
-1.0	-1.0	-1.0	-1.0	-1.0	-1.0	-1.0	-1.0	-1.0	-1.0	-1.0	-1.0	-1.0	-1.0	-1.0	-1.0	-1.0	-1.0	-1.0	-1.0	-1.0	-1.0	-1.0	-1.0	-1.0	-1.0	-1.0	-1.0	-1.0	-1.0	-1.0	-1.0	-1.0	-1.0	-1.0	1.3330806700012063	1.4531169360269354	1.1308640501638765	1.3266478598073403	1.1161477440696927	1.4057841695521183	1.462269606447209	1.441073521519424	1.3612828119092781	1.3203893335674883	1.2800909202591824	1.4467646369146407	1.3324232040494646	1.280515217081138	1.2093294055766906	1.364721655219894	1.3156410020679543	1.3585657475384159	1.321559970414268	1.4567592153606082	1.3365329820561385	1.559784590942189	-1.0	-1.0	-1.0	-1.0	-1.0	-1.0	-1.0	-1.0	-1.0	-1.0	-1.0	-1.0	-1.0	-1.0	-1.0	-1.0	-1.0	-1.0	-1.0	-1.0	1.408767476139131	1.1937891367060007	1.4606126919734168	1.2842608466260912	1.4730775037550636	1.5121992357495417	1.4333690202833593	1.3086046263330104	1.140589775920412	1.4956696038398993	-1.0	-1.0	-1.0	-1.0	-1.0	-1.0	-1.0	-1.0	-1.0	-1.0	-1.0	-1.0	-1.0
-1.0	-1.0	-1.0	-1.0	-1.0	-1.0	-1.0	-1.0	-1.0	-1.0	-1.0	-1.0	-1.0	-1.0	-1.0	-1.0	-1.0	-1.0	-1.0	-1.0	-1.0	-1.0	-1.0	-1.0	-1.0	-1.0	-1.0	-1.0	-1.0	-1.0	-1.0	-1.0	-1.0	-1.0	-1.0	1.4855629560933168	1.2185302170414523	1.3779259681308282	1.498987927633977	1.3642756174291064	1.2137582164741096	1.417289407816924	1.3187956290830334	1.2581604949277656	1.2803916753618143	1.441830842897486	1.319463815682744	1.1900086301157935	1.320989927503448	1.2650004484277748	1.482244756335565	1.4001156384326443	1.4340343042651267	1.4770109345989701	1.308290546800265	1.3894819856723717	1.3751309012490007	-1.0	-1.0	-1.0	-1.0	-1.0	-1.0	-1.0	-1.0	-1.0	-1.0	-1.0	-1.0	-1.0	-1.0	-1.0	-1.0	-1.0	-1.0	-1.0	-1.0	1.4152448448821962	1.3041312630725663	1.329444524532795	1.483440536606328	1.1806460106663947	1.1792646920777323	1.327713007449573	1.2859654131126177	1.3296624627928486	1.4403089913590177	-1.0	-1.0	-1.0	-1.0	-1.0	-1.0	-1.0	-1.0	-1.0	-1.0	-1.0	-1.0	-1.0
-1.0	-1.0	-1.0	-1.0	-1.0	-1.0	-1.0	-1.0	-1.0	-1.0	-1.0	-1.0	-1.0	-1.0	-1.0	-1.0	-1.0	-1.0	-1.0	-1.0	-1.0	-1.0	-1.0	-1.0	-1.0	-1.0	-1.0	-1.0	-1.0	-1.0	-1.0	-1.0	-1.0	-1.0	-1.0	1.3688373137002403	1.3879796293397786	1.4030350149430073	1.254799639132742	1.465268846139417	1.3476269964500638	1.2807621662112147	1.3216443741245427	1.4779982289137072	1.2886470950668525	1.3193019004990019	1.4200870868128583	1.2901732111800004	1.2841623895955139	1.1917097541453645	1.1184624659520876	1.3272352434001047	1.3401159450037274	1.1640818633233705	1.2929614885167673	1.340083980089575	1.5212326037253905	-1.0	-1.0	-1.0	-1.0	-1.0	-1.0	-1.0	-1.0	-1.0	-1.0	-1.0	-1.0	-1.0	-1.0	-1.0	-1.0	-1.0	-1.0	-1.0	-1.0	1.3273966483475608	1.3282407588432072	1.4727580707302983	1.2017807116180659	1.3000306650238014	1.4192863793399761	1.2340796975026989	1.205129135699653	1.4530663400495474	1.3570096421779345	-1.0	-1.0	-1.0	-1.0	-1.0	-1.0	-1.0	-1.0	-1.0	-1.0	-1.0	-1.0	-1.0
-1.0	-1.0	-1.0	-1.0	-1.0	-1.0	-1.0	-1.0	-1.0	-1.0	-1.0	-1.0	-1.0	-1.0	-1.0	-1.0	-1.0	-1.0	-1.0	-1.0	-1.0	-1.0	-1.0	-1.0	-1.0	-1.0	-1.0	-1.0	-1.0	-1.0	-1.0	-1.0	-1.0	-1.0	-1.0	-1.0	-1.0	-1.0	-1.0	-1.0	-1.0	-1.0	-1.0	-1.0	-1.0	-1.0	-1.0	-1.0	-1.0	-1.0	-1.0	-1.0	-1.0	-1.0	-1.0	-1.0	-1.0	-1.0	-1.0	-1.0	-1.0	-1.0	-1.0	-1.0	-1.0	-1.0	-1.0	-1.0	-1.0	-1.0	-1.0	-1.0	-1.0	-1.0	-1.0	-1.0	-1.0	-1.0	-1.0	-1.0	-1.0	-1.0	-1.0	-1.0	-1.0	-1.0	-1.0	-1.0	-1.0	-1.0	-1.0	-1.0	-1.0	-1.0	-1.0	-1.0	-1.0	-1.0	-1.0	-1.0
-1.0	-1.0	-1.0	-1.0	-1.0	-1.0	-1.0	-1.0	-1.0	-1.0	-1.0	-1.0	-1.0	-1.0	-1.0	-1.0	-1.0	-1.0	-1.0	-1.0	-1.0	-1.0	-1.0	-1.0	-1.0	-1.0	-1.0	-1.0	-1.0	-1.0	-1.0	-1.0	-1.0	-1.0	-1.0	-1.0	-1.0	-1.0	-1.0	-1.0	-1.0	-1.0	-1.0	-1.0	-1.0	-1.0	-1.0	-1.0	-1.0	-1.0	-1.0	-1.0	-1.0	-1.0	-1.0	-1.0	-1.0	-1.0	-1.0	-1.0	-1.0	-1.0	-1.0	-1.0	-1.0	-1.0	-1.0	-1.0	-1.0	-1.0	-1.0	-1.0	-1.0	-1.0	-1.0	-1.0	-1.0	-1.0	-1.0	-1.0	-1.0	-1.0	-1.0	-1.0	-1.0	-1.0	-1.0	-1.0	-1.0	-1.0	-1.0	-1.0	-1.0	-1.0	-1.0	-1.0	-1.0	-1.0	-1.0	-1.0
-1.0	-1.0	-1.0	-1.0	-1.0	-1.0	-1.0	-1.0	-1.0	-1.0	-1.0	-1.0	-1.0	-1.0	-1.0	-1.0	-1.0	-1.0	-1.0	-1.0	-1.0	-1.0	-1.0	-1.0	-1.0	-1.0	-1.0	-1.0	-1.0	-1.0	-1.0	-1.0	-1.0	-1.0	-1.0	-1.0	-1.0	-1.0	-1.0	-1.0	-1.0	-1.0	-1.0	-1.0	-1.0	-1.0	-1.0	-1.0	-1.0	-1.0	-1.0	-1.0	-1.0	-1.0	-1.0	-1.0	-1.0	-1.0	-1.0	-1.0	-1.0	-1.0	-1.0	-1.0	-1.0	-1.0	-1.0	-1.0	-1.0	-1.0	-1.0	-1.0	-1.0	-1.0	-1.0	-1.0	-1.0	-1.0	-1.0	-1.0	-1.0	-1.0	-1.0	-1.0	-1.0	-1.0	-1.0	-1.0	-1.0	-1.0	-1.0	-1.0	-1.0	-1.0	-1.0	-1.0	-1.0	-1.0	-1.0	-1.0
-1.0	-1.0	-1.0	-1.0	-1.0	-1.0	-1.0	-1.0	-1.0	-1.0	-1.0	-1.0	-1.0	-1.0	-1.0	-1.0	-1.0	-1.0	-1.0	-1.0	-1.0	-1.0	-1.0	-1.0	-1.0	-1.0	-1.0	-1.0	-1.0	-1.0	-1.0	-1.0	-1.0	-1.0	-1.0	-1.0	-1.0	-1.0	-1.0	-1.0	-1.0	-1.0	-1.0	-1.0	-1.0	-1.0	-1.0	-1.0	-1.0	-1.0	-1.0	-1.0	-1.0	-1.0	-1.0	-1.0	-1.0	-1.0	-1.0	-1.0	-1.0	-1.0	-1.0	-1.0	-1.0	-1.0	-1.0	-1.0	-1.0	-1.0	-1.0	-1.0	-1.0	-1.0	-1.0	-1.0	-1.0	-1.0	-1.0	-1.0	-1.0	-1.0	-1.0	-1.0	-1.0	-1.0	-1.0	-1.0	-1.0	-1.0	-1.0	-1.0	-1.0	-1.0	-1.0	-1.0	-1.0	-1.0	-1.0	-1.0
-1.0	-1.0	-1.0	-1.0	-1.0	-1.0	-1.0	-1.0	-1.0	-1.0	-1.0	-1.0	-1.0	-1.0	-1.0	-1.0	-1.0	-1.0	-1.0	-1.0	-1.0	-1.0	-1.0	-1.0	-1.0	-1.0	-1.0	-1.0	-1.0	-1.0	-1.0	-1.0	-1.0	-1.0	-1.0	-1.0	-1.0	-1.0	-1.0	-1.0	-1.0	-1.0	-1.0	-1.0	-1.0	-1.0	-1.0	-1.0	-1.0	-1.0	-1.0	-1.0	-1.0	-1.0	-1.0	-1.0	-1.0	-1.0	-1.0	-1.0	-1.0	-1.0	-1.0	-1.0	-1.0	-1.0	-1.0	-1.0	-1.0	-1.0	-1.0	-1.0	-1.0	-1.0	-1.0	-1.0	-1.0	-1.0	-1.0	-1.0	-1.0	-1.0	-1.0	-1.0	-1.0	-1.0	-1.0	-1.0	-1.0	-1.0	-1.0	-1.0	-1.0	-1.0	-1.0	-1.0	-1.0	-1.0	-1.0	-1.0
-1.0	-1.0	-1.0	-1.0	-1.0	-1.0	-1.0	-1.0	-1.0	-1.0	-1.0	-1.0	-1.0	-1.0	-1.0	-1.0	-1.0	-1.0	-1.0	-1.0	-1.0	-1.0	-1.0	-1.0	-1.0	-1.0	-1.0	-1.0	-1.0	-1.0	-1.0	-1.0	-1.0	-1.0	-1.0	-1.0	-1.0	-1.0	-1.0	-1.0	-1.0	-1.0	-1.0	-1.0	-1.0	-1.0	-1.0	-1.0	-1.0	-1.0	-1.0	-1.0	-1.0	-1.0	-1.0	-1.0	-1.0	-1.0	-1.0	-1.0	-1.0	-1.0	-1.0	-1.0	-1.0	-1.0	-1.0	-1.0	-1.0	-1.0	-1.0	-1.0	-1.0	-1.0	-1.0	-1.0	-1.0	-1.0	-1.0	-1.0	-1.0	-1.0	-1.0	-1.0	-1.0	-1.0	-1.0	-1.0	-1.0	-1.0	-1.0	-1.0	-1.0	-1.0	-1.0	-1.0	-1.0	-1.0	-1.0	-1.0
-1.0	-1.0	-1.0	-1.0	-1.0	-1.0	-1.0	-1.0	-1.0	-1.0	-1.0	-1.0	-1.0	-1.0	-1.0	-1.0	-1.0	-1.0	-1.0	-1.0	-1.0	-1.0	-1.0	-1.0	-1.0	-1.0	-1.0	-1.0	-1.0	-1.0	-1.0	-1.0	-1.0	-1.0	-1.0	-1.0	-1.0	-1.0	-1.0	-1.0	-1.0	-1.0	-1.0	-1.0	-1.0	-1.0	-1.0	-1.0	-1.0	-1.0	-1.0	-1.0	-1.0	-1.0	-1.0	-1.0	-1.0	-1.0	-1.0	-1.0	-1.0	-1.0	-1.0	-1.0	-1.0	-1.0	-1.0	-1.0	-1.0	-1.0	-1.0	-1.0	-1.0	-1.0	-1.0	-1.0	-1.0	-1.0	-1.0	-1.0	-1.0	-1.0	-1.0	-1.0	-1.0	-1.0	-1.0	-1.0	-1.0	-1.0	-1.0	-1.0	-1.0	-1.0	-1.0	-1.0	-1.0	-1.0	-1.0	-1.0
-1.0	-1.0	-1.0	-1.0	-1.0	-1.0	-1.0	-1.0	-1.0	-1.0	-1.0	-1.0	-1.0	-1.0	-1.0	-1.0	-1.0	-1.0	-1.0	-1.0	-1.0	-1.0	-1.0	-1.0	-1.0	-1.0	-1.0	-1.0	-1.0	-1.0	-1.0	-1.0	-1.0	-1.0	-1.0	-1.0	-1.0	-1.0	-1.0	-1.0	-1.0	-1.0	-1.0	-1.0	-1.0	-1.0	-1.0	-1.0	-1.0	-1.0	-1.0	-1.0	-1.0	-1.0	-1.0	-1.0	-1.0	-1.0	-1.0	-1.0	-1.0	-1.0	-1.0	-1.0	-1.0	-1.0	-1.0	-1.0	-1.0	-1.0	-1.0	-1.0	-1.0	-1.0	-1.0	-1.0	-1.0	-1.0	-1.0	-1.0	-1.0	-1.0	-1.0	-1.0	-1.0	-1.0	-1.0	-1.0	-1.0	-1.0	-1.0	-1.0	-1.0	-1.0	-1.0	-1.0	-1.0	-1.0	-1.0	-1.0
-1.0	-1.0	-1.0	-1.0	-1.0	-1.0	-1.0	-1.0	-1.0	-1.0	-1.0	-1.0	-1.0	-1.0	-1.0	-1.0	-1.0	-1.0	-1.0	-1.0	-1.0	-1.0	-1.0	-1.0	-1.0	-1.0	-1.0	-1.0	-1.0	-1.0	-1.0	-1.0	-1.0	-1.0	-1.0	-1.0	-1.0	-1.0	-1.0	-1.0	-1.0	-1.0	-1.0	-1.0	-1.0	-1.0	-1.0	-1.0	-1.0	-1.0	-1.0	-1.0	-1.0	-1.0	-1.0	-1.0	-1.0	-1.0	-1.0	-1.0	-1.0	-1.0	-1.0	-1.0	-1.0	-1.0	-1.0	-1.0	-1.0	-1.0	-1.0	-1.0	-1.0	-1.0	-1.0	-1.0	-1.0	-1.0	-1.0	-1.0	-1.0	-1.0	-1.0	-1.0	-1.0	-1.0	-1.0	-1.0	-1.0	-1.0	-1.0	-1.0	-1.0	-1.0	-1.0	-1.0	-1.0	-1.0	-1.0	-1.0
-1.0	-1.0	-1.0	-1.0	-1.0	1.738213399748114	1.6577332961042628	1.6879834349743608	1.6549305180968346	1.6060948271998525	1.54454315339084	1.5393881652448251	1.576342792988159	1.5506235443137104	1.492936974974722	1.6900644443385646	1.6878884060332549	1.5129561833223075	1.8062496321799921	1.5168385711565997	1.507049244157963	1.4639285506866326	1.4974971297458473	-1.0	-1.0	-1.0	-1.0	-1.0	-1.0	-1.0	-1.0	-1.0	-1.0	-1.0	-1.0	1.3576116538774203	1.7493051525396315	1.5232277793586946	1.1386382587010153	1.3874308294102227	1.8313401501059399	1.783096863051451	1.6567378820420569	1.2573271815258305	1.366309795449933	1.2182374791744524	1.3758176282641963	1.5459423049212695	1.4019974055487687	1.5037080955007842	1.326802410955187	1.5280794207449977	1.4711358291398735	1.531105942090232	1.5743559576089745	1.276561174582913	1.685897399498903	-1.0	-1.0	-1.0	-1.0	-1.0	-1.0	-1.0	-1.0	-1.0	-1.0	-1.0	-1.0	1.631232560529943	-1.0	-1.0	-1.0	-1.0	-1.0	-1.0	-1.0	1.6289271978712832	1.6471908571682883	1.4986827875369437	1.6410687914392788	1.4657419305482993	1.7383440461457627	1.2997576729156592	1.3577447677869843	1.3587624894520378	1.5530338119610796	-1.0	-1.0	-1.0	-1.0	-1.0	-1.0	-1.0	-1.0	-1.0	-1.0	-1.0	-1.0	-1.0
-1.0	-1.0	-1.0	-1.0	-1.0	1.7051410781085592	1.654529896240805	1.4634459836879259	1.6887113553537287	1.6369309727051273	1.70775204823971	1.5359514050348402	1.6311316635704933	1.580575933635576	1.388206983188268	1.4186855430744938	1.6260138813369605	1.5520462703552766	1.410126640934375	1.6582347374301656	1.6453048828897137	1.4705529684768068	1.7595203161294215	-1.0	-1.0	-1.0	-1.0	-1.0	-1.0	-1.0	-1.0	-1.0	-1.0	-1.0	-1.0	1.429448754684402	1.5244091273431553	1.5428505927472704	1.285210484043325	1.2778620244512604	1.6597295562046344	1.4527848212855357	1.3504856918753825	1.2654532127900007	1.1889861375132438	1.4326342398626961	1.221963434638783	1.5776722947538633	1.6454341103973598	1.283656153961845	1.5299620271717156	1.5379194768180695	1.3574474534175964	1.5716641515807386	1.5709267077548397	1.3169231499474283	1.6939509757149143	-1.0	-1.0	-1.0	-1.0	-1.0	-1.0	-1.0	-1.0	-1.0	-1.0	-1.0	-1.0	1.6306457849356164	-1.0	-1.0	-1.0	-1.0	-1.0	-1.0	-1.0	1.4666700607634051	1.4917991307806895	1.5232295300874406	1.5039082867685205	1.0846443141984188	1.6828645870203984	1.2792602220005942	1.3586143185216852	1.1799649963046335	1.4223827520847856	-1.0	-1.0	-1.0	-1.0	-1.0	-1.0	-1.0	-1.0	-1.0	-1.0	-1.0	-1.0	-1.0
-1.0	-1.0	-1.0	-1.0	-1.0	1.503329967665706	1.5612319043688905	1.680775147884126	1.7573462307617926	1.4628193389253656	1.4545023660914087	1.7126434412547504	1.6720964154940985	1.5197417799251465	1.5851670365408452	1.4844351688514381	1.6914600124144774	1.5951894143874135	1.511871252946518	1.6111111894473311	1.6315309843980363	1.5522121617688813	1.6183503389073643	-1.0	-1.0	-1.0	-1.0	-1.0	-1.0	-1.0	-1.0	-1.0	-1.0	-1.0	-1.0	1.2862000660602264	1.5781769747710768	1.7143138856404043	1.4245748955943562	1.2919386584417716	1.535797092686654	1.5617024457434603	1.5572324105738853	1.34599453963337	1.2345558648026491	1.3920538815394363	1.350832156512764	1.7033170696746227	1.4913960336597953	1.3476862348208143	1.3371812740668805	1.4503452423322174	1.480739355513694	1.6049899808825787	1.7369091506625407	1.3495062591857971	1.7443279388819501	-1.0	-1.0	-1.0	-1.0	-1.0	-1.0	-1.0	-1.0	-1.0	-1.0	-1.0	-1.0	1.5917963549805403	-1.0	-1.0	-1.0	-1.0	-1.0	-1.0	-1.0	1.5379675158376205	1.6948791397189422	1.4943123269521263	1.6517736331404373	1.1924267873119894	1.5714385594983278	1.5254525889405532	1.4002460333453624	1.2152377718127099	1.5150082135278757	-1.0	-1.0	-1.0	-1.0	-1.0	-1.0	-1.0	-1.0	-1.0	-1.0	-1.0	-1.0	-1.0
-1.0	-1.0	-1.0	-1.0	-1.0	-1.0	-1.0	-1.0	-1.0	-1.0	-1.0	-1.0	-1.0	-1.0	-1.0	-1.0	-1.0	-1.0	-1.0	-1.0	-1.0	-1.0	-1.0	-1.0	-1.0	-1.0	-1.0	-1.0	-1.0	-1.0	-1.0	-1.0	-1.0	-1.0	-1.0	1.4279471203814473	1.3312125923031426	1.3776019704530986	1.2916422982699722	1.4319210372665991	1.4194002175088605	1.1817202811981693	1.2702398083394089	1.4675787391293431	1.2877286627565236	1.213931529414371	1.3056747304211591	1.1391349677103195	1.451952085361381	1.0469928395740622	1.333057147468736	1.2007370216314548	1.352473727472329	1.1733920097691117	1.2327782857628897	1.3043880067715712	1.4621637082781969	-1.0	-1.0	-1.0	-1.0	-1.0	-1.0	-1.0	-1.0	-1.0	-1.0	-1.0	-1.0	-1.0	-1.0	-1.0	-1.0	-1.0	-1.0	-1.0	-1.0	1.354144834006671	1.364791537940634	1.19490267621875	1.2044601814008427	1.4043637502590243	1.42584290350112	1.4625317929735533	1.292957915867547	1.1382691603951354	1.1343339692476309	-1.0	-1.0	-1.0	-1.0	-1.0	-1.0	-1.0	-1.0	-1.0	-1.0	-1.0	-1.0	-1.0
-1.0	-1.0	-1.0	-1.0	-1.0	-1.0	-1.0	-1.0	-1.0	-1.0	-1.0	-1.0	-1.0	-1.0	-1.0	-1.0	-1.0	-1.0	-1.0	-1.0	-1.0	-1.0	-1.0	-1.0	-1.0	-1.0	-1.0	-1.0	-1.0	-1.0	-1.0	-1.0	-1.0	-1.0	-1.0	1.4374206286726237	1.3610099967709934	1.2377945945841435	1.377573602924758	1.326965213196995	1.2961420931288519	1.339376862862196	1.2850014648179398	1.4613660868593565	1.3154533773301793	1.3045770703153117	1.3216292225269355	1.4269917116369544	1.3735078653128419	1.3966338942033127	1.2972385878095785	1.4466804324879936	1.3005555110569107	1.252320243044873	1.5222610203738016	1.3493038457330495	1.3840215827270432	-1.0	-1.0	-1.0	-1.0	-1.0	-1.0	-1.0	-1.0	-1.0	-1.0	-1.0	-1.0	-1.0	-1.0	-1.0	-1.0	-1.0	-1.0	-1.0	-1.0	1.374852455772825	1.4615742648469294	1.3043980006678821	1.273880086822964	1.3441096938687274	1.5408176841983838	1.455745508770583	1.311851116172393	1.3357487468031637	1.247149195625154	-1.0	-1.0	-1.0	-1.0	-1.0	-1.0	-1.0	-1.0	-1.0	-1.0	-1.0	-1.0	-1.0
-1.0	-1.0	-1.0	-1.0	-1.0	-1.0	-1.0	-1.0	-1.0	-1.0	-1.0	-1.0	-1.0	-1.0	-1.0	-1.0	-1.0	-1.0	-1.0	-1.0	-1.0	-1.0	-1.0	-1.0	-1.0	-1.0	-1.0	-1.0	-1.0	-1.0	-1.0	-1.0	-1.0	-1.0	-1.0	1.3104931702224851	1.474267955947872	1.3026088550868349	1.1977341848935084	1.3025421616630466	1.3811533827223048	1.5054875711915676	1.3761952551918593	1.5714799513048485	1.2035883546598836	1.4659381465541288	1.3443118457890577	1.1765525111803925	1.266178129387638	1.4904300421640067	1.1207673856177451	1.2824184707912474	1.6136301476062445	1.3753282664665898	1.2952876437305203	1.2087847476666806	1.3282020578801699	-1.0	-1.0	-1.0	-1.0	-1.0	-1.0	-1.0	-1.0	-1.0	-1.0	-1.0	-1.0	-1.0	-1.0	-1.0	-1.0	-1.0	-1.0	-1.0	-1.0	1.461869568134894	1.4526917812265372	1.2478996948953303	1.3790188754373383	1.1504510785004518	1.2679209657567885	1.2764018519229865	1.489804630957304	1.3074824330202408	1.4360356543176507	-1.0	-1.0	-1.0	-1.0	-1.0	-1.0	-1.0	-1.0	-1.0	-1.0	-1.0	-1.0	-1.0
-1.0	-1.0	-1.0	-1.0	-1.0	1.6155507171333319	1.5777469717327364	1.7209836646313583	1.848506978021172	1.6504017062462313	1.5197278119928193	1.6000654130790175	1.5398218396398313	1.6369733396824138	1.6496649683270401	1.6334451137306136	1.6488469745009287	1.7190437060229784	1.5081814066511905	1.582506669516459	1.5142353183521482	1.7225080338936996	1.5278339658520026	-1.0	-1.0	-1.0	-1.0	-1.0	-1.0	-1.0	-1.0	-1.0	-1.0	-1.0	-1.0	1.420238067645341	1.5419206144816666	1.57292557797941	1.4418236898067023	1.530989941767327	1.7757210312720262	1.632961431746976	1.7618721933994728	1.3340103897894866	1.4484430634833432	1.2109509276077084	1.3048688289804187	1.7382818391607882	1.6128049188812974	1.4676027083587495	1.4044694591583893	1.5938197268770544	1.4129040169692988	1.463066036159979	1.6193175975340726	1.185249682198878	1.7297012620652472	-1.0	-1.0	-1.0	-1.0	-1.0	-1.0	-1.0	-1.0	-1.0	-1.0	-1.0	-1.0	1.612688149535069	-1.0	-1.0	-1.0	-1.0	-1.0	-1.0	-1.0	1.626284929520615	1.6042171172994322	1.2404410373632055	1.5020308863039182	1.4798909575516361	1.6355686701903698	1.5141840010019287	1.2119359404736632	1.3298384255672935	1.400414318573231	-1.0	-1.0	-1.0	-1.0	-1.0	-1.0	-1.0	-1.0	-1.0	-1.0	-1.0	-1.0	-1.0
-1.0	-1.0	-1.0	-1.0	-1.0	1.5593492908278608	1.6047570134819689	1.463316577493758	1.630263503366996	1.32393063341969	1.6288412523524456	1.4878174916570783	1.5710683691334448	1.6829217720945995	1.6650061297071959	1.72582104652219	1.5255208813660521	1.6013705777537641	1.7348354851644043	1.684600490272925	1.6169980139794387	1.7105597676576156	1.3832897843338956	-1.0	-1.0	-1.0	-1.0	-1.0	-1.0	-1.0	-1.0	-1.0	-1.0	-1.0	-1.0	1.430844780245964	1.5033985142519328	1.6799893899657428	1.4622121577088039	1.293840042855679	1.428882139840814	1.5019455062706146	1.6200608120754265	1.5318703003620835	1.2242576166966912	1.1649205782162764	1.127755788205302	1.6577215196262112	1.5032554374932858	1.341054597843153	1.2844944892002714	1.5912029482912766	1.3558173851703414	1.469328193643615	1.4105173303185308	1.4007170188082008	1.5448219449882665	-1.0	-1.0	-1.0	-1.0	-1.0	-1.0	-1.0	-1.0	-1.0	-1.0	-1.0	-1.0	1.685927777904173	-1.0	-1.0	-1.0	-1.0	-1.0	-1.0	-1.0	1.6778932452020165	1.475706656399447	1.3952936921559291	1.7047045694831096	1.4118828804525079	1.7190480985506458	1.4785581999935586	1.267505773288557	1.409330796942838	1.3278867834075343	-1.0	-1.0	-1.0	-1.0	-1.0	-1.0	-1.0	-1.0	-1.0	-1.0	-1.0	-1.0	-1.0
-1.0	-1.0	-1.0	-1.0	-1.0	1.5197204252593086	1.6299794193914423	1.6201952215609594	1.6688106358769486	1.532750587471202	1.7371587786102456	1.5140084192808345	1.7425820990180736	1.6544725238447173	1.505242765922373	1.5513387231800562	1.583445085696729	1.6173552752955704	1.5429834614584637	1.6694049244567546	1.4754046697108576	1.5865643577285249	1.4838415718586986	-1.0	-1.0	-1.0	-1.0	-1.0	-1.0	-1.0	-1.0	-1.0	-1.0	-1.0	-1.0	1.4101831936211415	1.5620272345958597	1.6787960950415854	1.4723281417024903	1.4504186813021727	1.6396217635156214	1.515600932033034	1.7491363869565477	1.2762119603210962	1.2588872579294974	1.2770603627784805	1.4382035263512376	1.553297586577333	1.4814072749949223	1.2921575035248425	1.3183546263125876	1.4892030640269596	1.346477596809476	1.6351981013883816	1.6819949816599729	1.3498880307810162	1.595360964521305	-1.0	-1.0	-1.0	-1.0	-1.0	-1.0	-1.0	-1.0	-1.0	-1.0	-1.0	-1.0	1.570845986870071	-1.0	-1.0	-1.0	-1.0	-1.0	-1.0	-1.0	1.5960254329043908	1.635246928844416	1.4415118570087964	1.6870524634616364	1.4359964263350735	1.4246802561054237	1.3457729956673057	1.3733601696491933	1.2647338783950222	1.20874658643893	-1.0	-1.0	-1.0	-1.0	-1.0	-1.0	-1.0	-1.0	-1.0	-1.0	-1.0	-1.0	-1.0
-1.0	-1.0	-1.0	-1.0	-1.0	1.4990945154170054	1.5687063392204634	1.7384416273429124	1.6603814050257113	1.6256244011088878	1.6875516934281949	1.5501666530985705	1.5531711527552337	1.518204239513703	1.536946522010477	1.6621221799730215	1.6988782820893435	1.5629090803766343	1.6380535254417996	1.5537010078304516	1.5277413097310046	1.7418946004362024	1.4665119603525283	-1.0	-1.0	-1.0	-1.0	-1.0	-1.0	-1.0	-1.0	-1.0	-1.0	-1.0	-1.0	1.313482666886426	1.477392073824093	1.7470240862207416	1.2661298057739951	1.4271352089334102	1.3524978489877584	1.481966375421097	1.4500560247660241	1.359520000805832	1.3180458037075193	1.3273041802171492	1.245614927980325	1.617508169476465	1.6937793680974216	1.3607146964377115	1.2526208629270381	1.5432535821547995	1.3269787576566325	1.6770933289870864	1.519668483900889	1.3313407262320003	1.5758536005580506	-1.0	-1.0	-1.0	-1.0	-1.0	-1.0	-1.0	-1.0	-1.0	-1.0	-1.0	-1.0	1.7071701208662522	-1.0	-1.0	-1.0	-1.0	-1.0	-1.0	-1.0	1.5899186830697207	1.5854788194324785	1.4297175221131542	1.7359755391443625	1.3909047366239988	1.687903337252907	1.2372390698150082	1.2544968509162506	1.2182872247013674	1.5037137064129276	-1.0	-1.0	-1.0	-1.0	-1.0	-1.0	-1.0	-1.0	-1.0	-1.0	-1.0	-1.0	-1.0
-1.0	-1.0	-1.0	-1.0	-1.0	1.567327243693595	1.5856275543605727	1.4442519187140532	1.4485457287458408	1.818984248387574	1.676554739379883	1.6417811442685346	1.5618476753914836	1.5580708246303565	1.7007288139186896	1.654566091969774	1.473400987203226	1.574330245592639	1.709448251072112	1.5020682582747584	1.3890899677317694	1.6617567269888243	1.7788914276755348	-1.0	-1.0	-1.0	-1.0	-1.0	-1.0	-1.0	-1.0	-1.0	-1.0	-1.0	-1.0	1.1331703433188187	1.4855152380447738	1.8011498830745163	1.3179515956870045	1.361066543741697	1.5818858498086203	1.7169496076387352	1.58169518805172	1.4555530767479687	1.3636882751199468	1.3806698257645755	1.3180292915387275	1.631682174799811	1.5206717083923207	1.5008813664262806	1.2500532537248765	1.6902741521871139	1.492883087322875	1.565276333139824	1.5813712947035097	1.4161599654400212	1.5135759630803665	-1.0	-1.0	-1.0	-1.0	-1.0	-1.0	-1.0	-1.0	-1.0	-1.0	-1.0	-1.0	1.5825186543912328	-1.0	-1.0	-1.0	-1.0	-1.0	-1.0	-1.0	1.614346682277806	1.758728911998877	1.4034633236875738	1.5981877411188534	1.3241427104178405	1.5532714356916897	1.4455986645954904	1.367738179984749	1.2541373459623726	1.3898746683225687	-1.0	-1.0	-1.0	-1.0	-1.0	-1.0	-1.0	-1.0	-1.0	-1.0	-1.0	-1.0	-1.0
-1.0	-1.0	-1.0	-1.0	-1.0	-1.0	-1.0	-1.0	-1.0	-1.0	-1.0	-1.0	-1.0	-1.0	-1.0	-1.0	-1.0	-1.0	-1.0	-1.0	-1.0	-1.0	-1.0	-1.0	-1.0	-1.0	-1.0	-1.0	-1.0	-1.0	-1.0	-1.0	-1.0	-1.0	-1.0	1.4377179002886868	1.2737508064085492	1.3874987342581726	1.4110335422720184	1.3952874535378361	1.1666884662549648	1.3881866003286494	1.3777204980160103	1.4498107804491107	1.2387058779890634	1.362093551040172	1.2196637099816694	1.3229966394813362	1.5443782404418969	1.3281403970010546	1.2860564703899795	1.2631759580587596	1.1841060323034676	1.2976164611316237	1.464900766953558	1.5092520488118826	1.1612771171110097	-1.0	-1.0	-1.0	-1.0	-1.0	-1.0	-1.0	-1.0	-1.0	-1.0	-1.0	-1.0	-1.0	-1.0	-1.0	-1.0	-1.0	-1.0	-1.0	-1.0	1.499283944930438	1.3428193613695738	1.3230924554878691	1.480426061423204	1.4088373860237828	1.4426821170664008	1.530194590991744	1.4625184433396983	1.1980492532206266	1.4146960071536758	-1.0	-1.0	-1.0	-1.0	-1.0	-1.0	-1.0	-1.0	-1.0	-1.0	-1.0	-1.0	-1.0
-1.0	-1.0	-1.0	-1.0	-1.0	1.480029788271165	1.539563040899466	1.4908186090977156	1.5200396843840622	1.5123650447519006	1.536971937567253	1.4437338890851208	1.5906825576574624	1.4686899917960674	1.6338967767299222	1.6390912074920994	1.8199370275250843	1.5666277143657825	1.4825436997537607	1.6252923762258715	1.4730464620639097	1.52144599655639	1.5850376439727538	-1.0	-1.0	-1.0	-1.0	-1.0	-1.0	-1.0	-1.0	-1.0	-1.0	-1.0	-1.0	1.3276029044204911	1.5526831740204348	1.7015599615123471	1.429920436487798	1.3889542245949922	1.6228102224780625	1.5159862560232544	1.44904547558795	1.3153281150387959	1.3015272094732866	1.3009267489449148	1.462561331713882	1.6994739761393567	1.6566869910830857	1.1478295054344172	1.458359439438949	1.441993595855719	1.3873776993119828	1.5567585322909903	1.5069544882549641	1.1912599401589017	1.6307983361229204	-1.0	-1.0	-1.0	-1.0	-1.0	-1.0	-1.0	-1.0	-1.0	-1.0	-1.0	-1.0	1.570756866541874	-1.0	-1.0	-1.0	-1.0	-1.0	-1.0	-1.0	1.7475562982584285	1.5047130921083174	1.1726638049700502	1.6020694696040123	1.4576325983840117	1.6801740836613064	1.4129456151341482	1.3484398281405694	1.5066388613363648	1.342980949771645	-1.0	-1.0	-1.0	-1.0	-1.0	-1.0	-1.0	-1.0	-1.0	-1.0	-1.0	-1.0	-1.0
-1.0	-1.0	-1.0	-1.0	-1.0	-1.0	-1.0	-1.0	-1.0	-1.0	-1.0	-1.0	-1.0	-1.0	-1.0	-1.0	-1.0	-1.0	-1.0	-1.0	-1.0	-1.0	-1.0	-1.0	-1.0	-1.0	-1.0	-1.0	-1.0	-1.0	-1.0	-1.0	-1.0	-1.0	-1.0	1.453928907052177	1.3196771236476754	1.2773487281790077	1.4152852915715024	1.3442796202743572	1.4017847426883012	1.2978354880465315	1.4788502823012142	1.1767441372119738	1.372686057188996	1.3206025052246815	1.4188788124677831	1.3572730443019978	1.4146417399671407	1.287111899422883	1.170669294331206	1.5131185520275219	1.4060742360928176	1.3770648453087642	1.40349749760398	1.420714570365409	1.3039693283346698	-1.0	-1.0	-1.0	-1.0	-1.0	-1.0	-1.0	-1.0	-1.0	-1.0	-1.0	-1.0	-1.0	-1.0	-1.0	-1.0	-1.0	-1.0	-1.0	-1.0	1.3039315795505746	1.1378540056258553	1.5106852470205492	1.244774822519724	1.409723432098739	1.3799485301157124	1.1905755449069833	1.3258591394868373	1.132873217357111	1.4068027882568166	-1.0	-1.0	-1.0	-1.0	-1.0	-1.0	-1.0	-1.0	-1.0	-1.0	-1.0	-1.0	-1.0
-1.0	-1.0	-1.0	-1.0	-1.0	1.7898243892730012	1.4865628138754725	1.507885076477074	1.6135129518720928	1.566661927175512	1.6404462460782647	1.4871445788463855	1.8736444322849333	1.6086676363088557	1.4159438094367198	1.5802630635231758	1.5853358950462002	1.4314699497038315	1.561008955428098	1.5063582557074324	1.6425824590619738	1.697838344642791	1.54807322124015	-1.0	-1.0	-1.0	-1.0	-1.0	-1.0	-1.0	-1.0	-1.0	-1.0	-1.0	-1.0	1.424763205420812	1.571233761627048	1.4276453501029867	1.2765228307489391	1.2372088908254486	1.6775201405783762	1.6190681927607962	1.534157756673047	1.4792488751320927	1.2837171589767837	1.4673055498409737	1.391513762944241	1.6248881138785707	1.660049257446141	1.4281168624677951	1.5069888194029113	1.6240545934087225	1.378797235840823	1.662071975443014	1.659262001316028	1.2842349725393913	1.6717854044035019	-1.0	-1.0	-1.0	-1.0	-1.0	-1.0	-1.0	-1.0	-1.0	-1.0	-1.0	-1.0	1.530286023114711	-1.0	-1.0	-1.0	-1.0	-1.0	-1.0	-1.0	1.4815498563073586	1.6716602717447486	1.3273282317518778	1.701632260687966	1.2380550413662414	1.5010789673149936	1.2582778238144976	1.2748963424670356	1.230770172991357	1.3792284419322527	-1.0	-1.0	-1.0	-1.0	-1.0	-1.0	-1.0	-1.0	-1.0	-1.0	-1.0	-1.0	-1.0
-1.0	-1.0	-1.0	-1.0	-1.0	-1.0	-1.0	-1.0	-1.0	-1.0	-1.0	-1.0	-1.0	-1.0	-1.0	-1.0	-1.0	-1.0	-1.0	-1.0	-1.0	-1.0	-1.0	-1.0	-1.0	-1.0	-1.0	-1.0	-1.0	-1.0	-1.0	-1.0	-1.0	-1.0	-1.0	1.2071856242036187	1.5150010141290018	1.3996405466368418	1.2778216488109557	1.288147770159188	1.4041340567012988	1.4016613912191918	1.3556935968654564	1.288773589755821	1.3317356018528699	1.2801436611747676	1.232155185569374	1.3905841396270298	1.325520245783062	1.2435013902864738	1.4077440289758936	1.4074257797252199	1.3801283821385268	1.4072920113372327	1.2635857956129832	1.376838454465824	1.4023637361273678	-1.0	-1.0	-1.0	-1.0	-1.0	-1.0	-1.0	-1.0	-1.0	-1.0	-1.0	-1.0	-1.0	-1.0	-1.0	-1.0	-1.0	-1.0	-1.0	-1.0	1.2957533951595777	1.300959794563998	1.3310099783985565	1.3568160354683545	1.592765065904988	1.307213733543825	1.2103175637364023	1.2433286001305555	1.2005733329904025	1.2421203863691783	-1.0	-1.0	-1.0	-1.0	-1.0	-1.0	-1.0	-1.0	-1.0	-1.0	-1.0	-1.0	-1.0
-1.0	-1.0	-1.0	-1.0	-1.0	-1.0	-1.0	-1.0	-1.0	-1.0	-1.0	-1.0	-1.0	-1.0	-1.0	-1.0	-1.0	-1.0	-1.0	-1.0	-1.0	-1.0	-1.0	-1.0	-1.0	-1.0	-1.0	-1.0	-1.0	-1.0	-1.0	-1.0	-1.0	-1.0	-1.0	1.2858891608756085	1.3754210898853727	1.3436188289538995	1.2190263106983303	1.0354343540510285	1.3661552424893464	1.308696556635193	1.2537214770852296	1.5388689951884085	1.3467945129638765	1.4848767373550267	1.5014448768552102	1.3315704799563473	1.449064394159911	1.3644493758091467	1.267090690203592	1.3728707708396712	1.4073298534659424	1.2305319080922377	1.4135200389798093	1.4569394389876404	1.3974837973710805	-1.0	-1.0	-1.0	-1.0	-1.0	-1.0	-1.0	-1.0	-1.0	-1.0	-1.0	-1.0	-1.0	-1.0	-1.0	-1.0	-1.0	-1.0	-1.0	-1.0	1.4105479823257538	1.5055477583775836	1.2572596423501354	1.3456844097914973	1.475744657412919	1.5069742498165621	1.2401717908733327	1.2973575899510483	1.527894648299996	1.271674911611027	-1.0	-1.0	-1.0	-1.0	-1.0	-1.0	-1.0	-1.0	-1.0	-1.0	-1.0	-1.0	-1.0
-1.0	-1.0	-1.0	-1.0	-1.0	-1.0	-1.0	-1.0	-1.0	-1.0	-1.0	-1.0	-1.0	-1.0	-1.0	-1.0	-1.0	-1.0	-1.0	-1.0	-1.0	-1.0	-1.0	-1.0	-1.0	-1.0	-1.0	-1.0	-1.0	-1.0	-1.0	-1.0	-1.0	-1.0	-1.0	1.2958465530672294	1.4048534950750187	1.3208454350527101	1.5024306429977938	1.4086543741552378	1.4695533459150618	1.3322839253603609	1.3607165090998943	1.2248363965824938	1.3280257932095578	1.2826895921853099	1.3477779778263348	1.3515185401349736	1.219939086342733	1.3806250227994241	1.234942560443765	1.3653332643585399	1.4578614563155792	1.4517650009540413	1.277906733610336	1.2776752124690858	1.3201347959963003	-1.0	-1.0	-1.0	-1.0	-1.0	-1.0	-1.0	-1.0	-1.0	-1.0	-1.0	-1.0	-1.0	-1.0	-1.0	-1.0	-1.0	-1.0	-1.0	-1.0	1.4235840755646185	1.3172488922970038	1.418678186926737	1.3493943687102827	1.3560448281144175	1.2983480621910073	1.3970825692187478	1.3418293460836328	1.3499899174415997	1.3338958085934036	-1.0	-1.0	-1.0	-1.0	-1.0	-1.0	-1.0	-1.0	-1.0	-1.0	-1.0	-1.0	-1.0
-1.0	-1.0	-1.0	-1.0	-1.0	-1.0	-1.0	-1.0	-1.0	-1.0	-1.0	-1.0	-1.0	-1.0	-1.0	-1.0	-1.0	-1.0	-1.0	-1.0	-1.0	-1.0	-1.0	-1.0	-1.0	-1.0	-1.0	-1.0	-1.0	-1.0	-1.0	-1.0	-1.0	-1.0	-1.0	1.359894047764321	1.3242992424552449	1.377741133506366	1.3506857262861052	1.391549306741112	1.4175204910416614	1.4252450691915863	1.4405673905323844	1.1652200407250697	1.1526745129183875	1.2787244736200236	1.3805405484258901	1.3834922427616798	1.3041912710210302	1.2310100243453281	1.383862460808604	1.359359502541827	1.4451295829278092	1.5756959984155574	1.1020439613988648	1.2456203826229804	1.1990012118230167	-1.0	-1.0	-1.0	-1.0	-1.0	-1.0	-1.0	-1.0	-1.0	-1.0	-1.0	-1.0	-1.0	-1.0	-1.0	-1.0	-1.0	-1.0	-1.0	-1.0	1.4538724918441708	1.3655879041914978	1.3159585742258737	1.341124163799395	1.3805589976350974	1.2475244899204234	1.5329712325006748	1.2616898157165046	1.501923294419117	1.250178665130017	-1.0	-1.0	-1.0	-1.0	-1.0	-1.0	-1.0	-1.0	-1.0	-1.0	-1.0	-1.0	-1.0
-1.0	-1.0	-1.0	-1.0	-1.0	1.6092237894319366	1.5960143010296308	1.5060853024058667	1.5048440648178323	1.7074691347560997	1.6915012524021373	1.697065654150247	1.381032591048067	1.680134611972502	1.7410141986646943	1.5493341953000475	1.691643219440373	1.8725170333206997	1.569754977762069	1.4836918248661317	1.6336270664264438	1.5892432942194419	1.5686700414099994	-1.0	-1.0	-1.0	-1.0	-1.0	-1.0	-1.0	-1.0	-1.0	-1.0	-1.0	-1.0	1.2274351030596182	1.5987958584229385	1.6581277107189416	1.441009987676403	1.357224110687208	1.543540498889801	1.6777920426851376	1.4693562986726207	1.2359189163824025	1.4524542632097328	1.338378810328599	1.2599659823530436	1.6481558170849573	1.5005757100403718	1.3809724320148222	1.4099283166819983	1.6112610619109198	1.428632038251004	1.6063198978941138	1.5876901683536682	1.3921757786724824	1.4783752426136019	-1.0	-1.0	-1.0	-1.0	-1.0	-1.0	-1.0	-1.0	-1.0	-1.0	-1.0	-1.0	1.417577271997366	-1.0	-1.0	-1.0	-1.0	-1.0	-1.0	-1.0	1.4035231053528143	1.568392846379427	1.3984283394721806	1.530818824129802	1.254599676460796	1.5368167697878685	1.4604760738615805	1.3245699738566397	1.328263634179588	1.3246441118546692	-1.0	-1.0	-1.0	-1.0	-1.0	-1.0	-1.0	-1.0	-1.0	-1.0	-1.0	-1.0	-1.0
-1.0	-1.0	-1.0	-1.0	-1.0	1.5386263508129754	1.571618419767203	1.561707731706475	1.5913073606432597	1.5342235328991631	1.677457462314772	1.4184075422569795	1.4190687678299154	1.414228415225407	1.4975359708067149	1.7475762325124495	1.470399351395126	1.4864138351064784	1.8076907930598056	1.6881616284428083	1.6601696413973008	1.6150269381935283	1.526000750178396	-1.0	-1.0	-1.0	-1.0	-1.0	-1.0	-1.0	-1.0	-1.0	-1.0	-1.0	-1.0	1.4423921602109742	1.6154197551439675	1.4748300975574136	1.3917613187757727	1.4225847242310017	1.6181105425505007	1.7027044589031712	1.5458502466005206	1.4625241343794624	1.4773418554746423	1.1492168047327866	1.3518843442763153	1.6751793867926106	1.5837832799384306	1.205392753484154	1.3163089349384283	1.5843079576409957	1.4455394515364004	1.57174263229407	1.5870716195751422	1.28941207642814	1.6119858429872698	-1.0	-1.0	-1.0	-1.0	-1.0	-1.0	-1.0	-1.0	-1.0	-1.0	-1.0	-1.0	1.4911919629760955	-1.0	-1.0	-1.0	-1.0	-1.0	-1.0	-1.0	1.6914613137926118	1.7374414029609127	1.3276475181273388	1.6090914950682722	1.3966643493025848	1.6908017893889016	1.438499209121849	1.430739874663791	1.2840254521836887	1.3397994834430411	-1.0	-1.0	-1.0	-1.0	-1.0	-1.0	-1.0	-1.0	-1.0	-1.0	-1.0	-1.0	-1.0
-1.0	-1.0	-1.0	-1.0	-1.0	1.543039744020696	1.5209826189096665	1.698835158772832	1.447483294663675	1.7401666761370378	1.3850654883609732	1.4004248261535714	1.676229137682371	1.7174630129800443	1.6009053817320371	1.6202614132632507	1.6950965456429166	1.6755838013560709	1.7409944066084984	1.5756779205804656	1.5043368289799042	1.5152219849229174	1.59608025306636	-1.0	-1.0	-1.0	-1.0	-1.0	-1.0	-1.0	-1.0	-1.0	-1.0	-1.0	-1.0	1.349473060532728	1.6067284256900232	1.5473601361441875	1.210182123374357	1.2093404387945492	1.6640384366600753	1.7083099419128878	1.4672412021331886	1.4634233842133466	1.4603145844951726	1.3066316409742067	1.5642022644462836	1.5283213800048852	1.5925286831329197	1.521205000842968	1.5174123348129316	1.6041394688091155	1.3823695296127334	1.6616825818408762	1.5619877067460446	1.3416218851054336	1.6887982914289765	-1.0	-1.0	-1.0	-1.0	-1.0	-1.0	-1.0	-1.0	-1.0	-1.0	-1.0	-1.0	1.473614766950632	-1.0	-1.0	-1.0	-1.0	-1.0	-1.0	-1.0	1.663264252897933	1.6218731865491867	1.3008661534200716	1.609270126769858	1.2923203766643707	1.844289946456975	1.3379367095014256	1.3094097451745563	1.2887095389666396	1.3354344028916516	-1.0	-1.0	-1.0	-1.0	-1.0	-1.0	-1.0	-1.0	-1.0	-1.0	-1.0	-1.0	-1.0
-1.0	-1.0	-1.0	-1.0	-1.0	-1.0	-1.0	-1.0	-1.0	-1.0	-1.0	-1.0	-1.0	-1.0	-1.0	-1.0	-1.0	-1.0	-1.0	-1.0	-1.0	-1.0	-1.0	-1.0	-1.0	-1.0	-1.0	-1.0	-1.0	-1.0	-1.0	-1.0	-1.0	-1.0	-1.0	1.3980519609604263	1.4520090526646978	1.385412721295216	1.2100841978622796	1.4046252909438985	1.2208889813281727	1.255857449605597	1.2944058982317554	1.4887157477791573	1.4036021866690276	1.3054481766542971	1.440997160241566	1.2461378008744755	1.2967531234130543	1.2018638581047276	1.4144109042710553	1.2033132791506709	1.3206511939574865	1.468161958233734	1.3464140773508584	1.2738393625942743	1.4064887173619398	-1.0	-1.0	-1.0	-1.0	-1.0	-1.0	-1.0	-1.0	-1.0	-1.0	-1.0	-1.0	-1.0	-1.0	-1.0	-1.0	-1.0	-1.0	-1.0	-1.0	1.299919986742332	1.5177828978559904	1.3166449150919515	1.4763544075092794	1.5065661680499085	1.2236204197199727	1.3204549471787357	1.3229807652418126	1.4211118051279545	1.238788927025375	-1.0	-1.0	-1.0	-1.0	-1.0	-1.0	-1.0	-1.0	-1.0	-1.0	-1.0	-1.0	-1.0
-1.0	-1.0	-1.0	-1.0	-1.0	-1.0	-1.0	-1.0	-1.0	-1.0	-1.0	-1.0	-1.0	-1.0	-1.0	-1.0	-1.0	-1.0	-1.0	-1.0	-1.0	-1.0	-1.0	-1.0	-1.0	-1.0	-1.0	-1.0	-1.0	-1.0	-1.0	-1.0	-1.0	-1.0	-1.0	1.2276894559203	1.4273249826211176	1.367628823189453	1.2893811091854488	1.251048904794228	1.4278873136308288	1.3374328758826115	1.3308319419407895	1.3847803006898183	1.2282312988666748	1.334263343467859	1.3252434276926037	1.3386064006241156	1.365792357677506	1.4111952828986916	1.3716420510920113	1.332902236103283	1.2398859673211646	1.4753477217796096	1.4186958272501133	1.3038001527708438	1.4390104528742866	-1.0	-1.0	-1.0	-1.0	-1.0	-1.0	-1.0	-1.0	-1.0	-1.0	-1.0	-1.0	-1.0	-1.0	-1.0	-1.0	-1.0	-1.0	-1.0	-1.0	1.23807346137944	1.2550688482028216	1.1597138384809718	1.383787834314585	1.4468506271405006	1.3500962943924442	1.3552792798101154	1.3020426649606403	1.5017797450359758	1.2696250549937333	-1.0	-1.0	-1.0	-1.0	-1.0	-1.0	-1.0	-1.0	-1.0	-1.0	-1.0	-1.0	-1.0
-1.0	-1.0	-1.0	-1.0	-1.0	1.623231920160574	1.6623948609179504	1.3399987663765074	1.844886889341522	1.6155933052519498	1.7494241215414932	1.6112947024413193	1.625451875254893	1.3887821617868599	1.6136014563326617	1.4733538980390817	1.6451927059915525	1.5078503839272244	1.5079807343386067	1.5445183316354631	1.466018806419664	1.604812895061797	1.5458592287900705	-1.0	-1.0	-1.0	-1.0	-1.0	-1.0	-1.0	-1.0	-1.0	-1.0	-1.0	-1.0	1.4757962464300685	1.508558121059874	1.6783816720496711	1.4274468519378287	1.3293190908572519	1.4862087695774493	1.53826738140142	1.7784037135935509	1.389383037067165	1.1455451151767388	1.3873412304189632	1.3712399283116932	1.5022670755224286	1.427962393890433	1.3639589124343485	1.502118012829691	1.6777296724506043	1.2561023308147656	1.4443923301894033	1.5651812500904818	1.2791539920958188	1.5686068847485988	-1.0	-1.0	-1.0	-1.0	-1.0	-1.0	-1.0	-1.0	-1.0	-1.0	-1.0	-1.0	1.5600330690267328	-1.0	-1.0	-1.0	-1.0	-1.0	-1.0	-1.0	1.7097623495677545	1.677263105116526	1.306728722770032	1.527241471848153	1.367958634814546	1.5338455533914361	1.2524189984613368	1.4954826371351317	1.526189689425392	1.4762410586541972	-1.0	-1.0	-1.0	-1.0	-1.0	-1.0	-1.0	-1.0	-1.0	-1.0	-1.0	-1.0	-1.0
-1.0	-1.0	-1.0	-1.0	-1.0	-1.0	-1.0	-1.0	-1.0	-1.0	-1.0	-1.0	-1.0	-1.0	-1.0	-1.0	-1.0	-1.0	-1.0	-1.0	-1.0	-1.0	-1.0	-1.0	-1.0	-1.0	-1.0	-1.0	-1.0	-1.0	-1.0	-1.0	-1.0	-1.0	-1.0	1.4351690198394267	1.2825948036485328	1.3718305559987298	1.1434924271688593	1.4088638524143016	1.5638268126659212	1.4020966585831147	1.413517760821733	1.381611089669656	1.4948131112956602	1.4381909050000592	1.1869018390461665	1.1724178854063418	1.2086583382322718	1.4201235033848452	1.4446568095440238	1.3167064346764024	1.294431525309499	1.3448239434687792	1.4931509425112388	1.412629264497794	1.3600878482920162	-1.0	-1.0	-1.0	-1.0	-1.0	-1.0	-1.0	-1.0	-1.0	-1.0	-1.0	-1.0	-1.0	-1.0	-1.0	-1.0	-1.0	-1.0	-1.0	-1.0	1.3535253281388007	1.3715248665258073	1.3647273672370066	1.2790219522355677	1.5498670079505967	1.451681826342725	1.1820306456641592	1.4111945614599848	1.3031370850919202	1.3638909364060656	-1.0	-1.0	-1.0	-1.0	-1.0	-1.0	-1.0	-1.0	-1.0	-1.0	-1.0	-1.0	-1.0
-1.0	-1.0	-1.0	-1.0	-1.0	1.5720468860183914	1.5121525501784192	1.4477344978056574	1.692532573827232	1.6416604633231575	1.5636970183928895	1.6823160374934178	1.6464381402219121	1.4007000363349484	1.5768989351781302	1.6478126351648905	1.4153419580106505	1.7153637934121058	1.683633567069753	1.6639360644291592	1.7414344850391228	1.4735055535336077	1.6719767254855855	-1.0	-1.0	-1.0	-1.0	-1.0	-1.0	-1.0	-1.0	-1.0	-1.0	-1.0	-1.0	1.1513193065787788	1.3828911535234563	1.555906868458485	1.2543644797947098	1.3093791588125927	1.5700130165018746	1.7512992001035816	1.6470445976408814	1.3545825085600345	1.291400141934709	1.3470869355451858	1.2203741098255276	1.7264077490765313	1.48173486573933	1.2617252636394218	1.328699660199814	1.6488183836607933	1.3047804709809028	1.6340825907801964	1.5663826518532404	1.2771711161771564	1.569861710283667	-1.0	-1.0	-1.0	-1.0	-1.0	-1.0	-1.0	-1.0	-1.0	-1.0	-1.0	-1.0	1.7351161243742041	-1.0	-1.0	-1.0	-1.0	-1.0	-1.0	-1.0	1.4821646070084622	1.4719494117994825	1.4053011566598332	1.5477740241809468	1.3243464182309503	1.410737917871827	1.309002029693771	1.3414486019739313	1.3518282859896673	1.1765508741251125	-1.0	-1.0	-1.0	-1.0	-1.0	-1.0	-1.0	-1.0	-1.0	-1.0	-1.0	-1.0	-1.0
