100
100
-1.0	-1.0	-1.0	-1.0	-1.0	-1.0	-1.0	-1.0	-1.0	-1.0	-1.0	-1.0	-1.0	-1.0	-1.0	-1.0	-1.0	-1.0	-1.0	-1.0	-1.0	-1.0	-1.0	-1.0	-1.0	-1.0	-1.0	-1.0	-1.0	-1.0	-1.0	-1.0	-1.0	-1.0	-1.0	-1.0	-1.0	-1.0	-1.0	-1.0	-1.0	-1.0	-1.0	-1.0	-1.0	-1.0	-1.0	-1.0	-1.0	-1.0	-1.0	-1.0	-1.0	-1.0	-1.0	-1.0	-1.0	-1.0	-1.0	-1.0	-1.0	-1.0	-1.0	-1.0	-1.0	-1.0	-1.0	-1.0	-1.0	-1.0	-1.0	-1.0	-1.0	-1.0	-1.0	-1.0	-1.0	-1.0	-1.0	-1.0	-1.0	-1.0	-1.0	-1.0	-1.0	-1.0	-1.0	-1.0	-1.0	-1.0	-1.0	-1.0	-1.0	-1.0	-1.0	-1.0	-1.0	-1.0	-1.0	-1.0
-1.0	-1.0	-1.0	-1.0	-1.0	-1.0	-1.0	-1.0	-1.0	-1.0	-1.0	-1.0	-1.0	-1.0	-1.0	-1.0	-1.0	-1.0	-1.0	-1.0	-1.0	-1.0	-1.0	-1.0	-1.0	-1.0	-1.0	-1.0	-1.0	-1.0	-1.0	-1.0	-1.0	-1.0	-1.0	-1.0	-1.0	-1.0	-1.0	-1.0	-1.0	-1.0	-1.0	-1.0	-1.0	-1.0	-1.0	-1.0	-1.0	-1.0	-1.0	-1.0	-1.0	-1.0	-1.0	-1.0	-1.0	-1.0	-1.0	-1.0	-1.0	-1.0	-1.0	-1.0	-1.0	-1.0	-1.0	-1.0	-1.0	-1.0	-1.0	-1.0	-1.0	-1.0	-1.0	-1.0	-1.0	-1.0	-1.0	-1.0	-1.0	-1.0	-1.0	-1.0	-1.0	-1.0	-1.0	-1.0	-1.0	-1.0	-1.0	-1.0	-1.0	-1.0	-1.0	-1.0	-1.0	-1.0	-1.0	-1.0
-1.0	-1.0	-1.0	-1.0	-1.0	-1.0	-1.0	-1.0	-1.0	-1.0	-1.0	-1.0	-1.0	-1.0	-1.0	-1.0	-1.0	-1.0	-1.0	-1.0	-1.0	-1.0	-1.0	-1.0	-1.0	-1.0	-1.0	-1.0	-1.0	-1.0	-1.0	-1.0	-1.0	-1.0	-1.0	-1.0	-1.0	-1.0	-1.0	-1.0	-1.0	-1.0	-1.0	-1.0	-1.0	-1.0	-1.0	-1.0	-1.0	-1.0	-1.0	-1.0	-1.0	-1.0	-1.0	-1.0	-1.0	-1.0	-1.0	-1.0	-1.0	-1.0	-1.0	-1.0	-1.0	-1.0	-1.0	-1.0	-1.0	-1.0	-1.0	-1.0	-1.0	-1.0	-1.0	-1.0	-1.0	-1.0	-1.0	-1.0	-1.0	-1.0	-1.0	-1.0	-1.0	-1.0	-1.0	-1.0	-1.0	-1.0	-1.0	-1.0	-1.0	-1.0	-1.0	-1.0	-1.0	-1.0	-1.0	-1.0
-1.0	-1.0	-1.0	-1.0	-1.0	-1.0	-1.0	-1.0	-1.0	-1.0	-1.0	-1.0	-1.0	-1.0	-1.0	-1.0	-1.0	-1.0	-1.0	-1.0	-1.0	-1.0	-1.0	-1.0	-1.0	-1.0	-1.0	-1.0	-1.0	-1.0	-1.0	-1.0	-1.0	-1.0	-1.0	-1.0	-1.0	-1.0	-1.0	-1.0	-1.0	-1.0	-1.0	-1.0	-1.0	-1.0	-1.0	-1.0	-1.0	-1.0	-1.0	-1.0	-1.0	-1.0	-1.0	-1.0	-1.0	-1.0	-1.0	-1.0	-1.0	-1.0	-1.0	-1.0	-1.0	-1.0	-1.0	-1.0	-1.0	-1.0	-1.0	-1.0	-1.0	-1.0	-1.0	-1.0	-1.0	-1.0	-1.0	-1.0	-1.0	-1.0	-1.0	-1.0	-1.0	-1.0	-1.0	-1.0	-1.0	-1.0	-1.0	-1.0	-1.0	-1.0	-1.0	-1.0	-1.0	-1.0	-1.0	-1.0
-1.0	-1.0	-1.0	-1.0	-1.0	-1.0	-1.0	-1.0	-1.0	-1.0	-1.0	-1.0	-1.0	-1.0	-1.0	-1.0	-1.0	-1.0	-1.0	-1.0	-1.0	-1.0	-1.0	-1.0	-1.0	-1.0	-1.0	-1.0	-1.0	-1.0	-1.0	-1.0	-1.0	-1.0	-1.0	-1.0	-1.0	-1.0	-1.0	-1.0	-1.0	-1.0	-1.0	-1.0	-1.0	-1.0	-1.0	-1.0	-1.0	-1.0	-1.0	-1.0	-1.0	-1.0	-1.0	-1.0	-1.0	-1.0	-1.0	-1.0	-1.0	-1.0	-1.0	-1.0	-1.0	-1.0	-1.0	-1.0	-1.0	-1.0	-1.0	-1.0	-1.0	-1.0	-1.0	-1.0	-1.0	-1.0	-1.0	-1.0	-1.0	-1.0	-1.0	-1.0	-1.0	-1.0	-1.0	-1.0	-1.0	-1.0	-1.0	-1.0	-1.0	-1.0	-1.0	-1.0	-1.0	-1.0	-1.0	-1.0
-1.0	-1.0	-1.0	-1.0	-1.0	-1.0	-1.0	-1.0	-1.0	-1.0	-1.0	-1.0	-1.0	-1.0	-1.0	-1.0	-1.0	-1.0	-1.0	-1.0	-1.0	-1.0	-1.0	-1.0	-1.0	-1.0	-1.0	-1.0	-1.0	-1.0	-1.0	-1.0	-1.0	-1.0	-1.0	-1.0	-1.0	-1.0	-1.0	-1.0	-1.0	-1.0	-1.0	-1.0	-1.0	-1.0	-1.0	-1.0	-1.0	-1.0	-1.0	-1.0	-1.0	-1.0	-1.0	-1.0	-1.0	-1.0	-1.0	-1.0	-1.0	-1.0	-1.0	-1.0	-1.0	-1.0	-1.0	-1.0	-1.0	-1.0	-1.0	-1.0	-1.0	-1.0	-1.0	-1.0	-1.0	-1.0	-1.0	-1.0	-1.0	-1.0	-1.0	-1.0	-1.0	-1.0	-1.0	-1.0	-1.0	-1.0	-1.0	-1.0	-1.0	-1.0	-1.0	-1.0	-1.0	-1.0	-1.0	-1.0
-1.0	-1.0	-1.0	-1.0	-1.0	-1.0	-1.0	-1.0	-1.0	-1.0	-1.0	-1.0	-1.0	-1.0	-1.0	-1.0	-1.0	-1.0	-1.0	-1.0	-1.0	-1.0	-1.0	-1.0	-1.0	-1.0	-1.0	-1.0	-1.0	-1.0	-1.0	-1.0	-1.0	-1.0	-1.0	-1.0	-1.0	-1.0	-1.0	-1.0	-1.0	-1.0	-1.0	-1.0	-1.0	-1.0	-1.0	-1.0	-1.0	-1.0	-1.0	-1.0	-1.0	-1.0	-1.0	-1.0	-1.0	-1.0	-1.0	-1.0	-1.0	-1.0	-1.0	-1.0	-1.0	-1.0	-1.0	-1.0	-1.0	-1.0	-1.0	-1.0	-1.0	-1.0	-1.0	-1.0	-1.0	-1.0	-1.0	-1.0	-1.0	-1.0	-1.0	-1.0	-1.0	-1.0	-1.0	-1.0	-1.0	-1.0	-1.0	-1.0	-1.0	-1.0	-1.0	-1.0	-1.0	-1.0	-1.0	-1.0
-1.0	-1.0	-1.0	-1.0	-1.0	-1.0	-1.0	-1.0	-1.0	-1.0	-1.0	-1.0	-1.0	-1.0	-1.0	-1.0	-1.0	-1.0	-1.0	-1.0	-1.0	-1.0	-1.0	-1.0	-1.0	-1.0	-1.0	-1.0	-1.0	-1.0	-1.0	-1.0	-1.0	-1.0	-1.0	-1.0	-1.0	-1.0	-1.0	-1.0	-1.0	-1.0	-1.0	-1.0	-1.0	-1.0	-1.0	-1.0	-1.0	-1.0	-1.0	-1.0	-1.0	-1.0	-1.0	-1.0	-1.0	-1.0	-1.0	-1.0	-1.0	-1.0	-1.0	-1.0	-1.0	-1.0	-1.0	-1.0	-1.0	-1.0	-1.0	-1.0	-1.0	-1.0	-1.0	-1.0	-1.0	-1.0	-1.0	-1.0	-1.0	-1.0	-1.0	-1.0	-1.0	-1.0	-1.0	-1.0	-1.0	-1.0	-1.0	-1.0	-1.0	-1.0	-1.0	-1.0	-1.0	-1.0	-1.0	-1.0
-1.0	-1.0	-1.0	-1.0	-1.0	-1.0	-1.0	-1.0	-1.0	-1.0	-1.0	-1.0	-1.0	-1.0	-1.0	-1.0	-1.0	-1.0	-1.0	-1.0	-1.0	-1.0	-1.0	-1.0	-1.0	-1.0	-1.0	-1.0	-1.0	-1.0	-1.0	-1.0	-1.0	-1.0	-1.0	-1.0	-1.0	-1.0	-1.0	-1.0	-1.0	-1.0	-1.0	-1.0	-1.0	-1.0	-1.0	-1.0	-1.0	-1.0	-1.0	-1.0	-1.0	-1.0	-1.0	-1.0	-1.0	-1.0	-1.0	-1.0	-1.0	-1.0	-1.0	-1.0	-1.0	-1.0	-1.0	-1.0	-1.0	-1.0	-1.0	-1.0	-1.0	-1.0	-1.0	-1.0	-1.0	-1.0	-1.0	-1.0	-1.0	-1.0	-1.0	-1.0	-1.0	-1.0	-1.0	-1.0	-1.0	-1.0	-1.0	-1.0	-1.0	-1.0	-1.0	-1.0	-1.0	-1.0	-1.0	-1.0
-1.0	-1.0	-1.0	-1.0	-1.0	-1.0	-1.0	-1.0	-1.0	-1.0	-1.0	-1.0	-1.0	-1.0	-1.0	-1.0	-1.0	-1.0	-1.0	-1.0	-1.0	-1.0	-1.0	-1.0	-1.0	-1.0	-1.0	-1.0	-1.0	-1.0	-1.0	-1.0	-1.0	-1.0	-1.0	-1.0	-1.0	-1.0	-1.0	-1.0	-1.0	-1.0	-1.0	-1.0	-1.0	-1.0	-1.0	-1.0	-1.0	-1.0	-1.0	-1.0	-1.0	-1.0	-1.0	-1.0	-1.0	-1.0	-1.0	-1.0	-1.0	-1.0	-1.0	-1.0	-1.0	-1.0	-1.0	-1.0	-1.0	-1.0	-1.0	-1.0	-1.0	-1.0	-1.0	-1.0	-1.0	-1.0	-1.0	-1.0	-1.0	-1.0	-1.0	-1.0	-1.0	-1.0	-1.0	-1.0	-1.0	-1.0	-1.0	-1.0	-1.0	-1.0	-1.0	-1.0	-1.0	-1.0	-1.0	-1.0
-1.0	-1.0	-1.0	-1.0	-1.0	-1.0	-1.0	-1.0	-1.0	-1.0	-1.0	-1.0	-1.0	-1.0	-1.0	-1.0	-1.0	-1.0	-1.0	-1.0	-1.0	-1.0	-1.0	-1.0	-1.0	-1.0	-1.0	-1.0	-1.0	-1.0	-1.0	-1.0	-1.0	-1.0	-1.0	-1.0	-1.0	-1.0	-1.0	-1.0	-1.0	-1.0	-1.0	-1.0	-1.0	-1.0	-1.0	-1.0	-1.0	-1.0	-1.0	-1.0	-1.0	-1.0	-1.0	-1.0	-1.0	-1.0	-1.0	-1.0	-1.0	-1.0	-1.0	-1.0	-1.0	-1.0	-1.0	-1.0	-1.0	-1.0	-1.0	-1.0	-1.0	-1.0	-1.0	-1.0	-1.0	-1.0	-1.0	-1.0	-1.0	-1.0	-1.0	-1.0	-1.0	-1.0	-1.0	-1.0	-1.0	-1.0	-1.0	-1.0	-1.0	-1.0	-1.0	-1.0	-1.0	-1.0	-1.0	-1.0
-1.0	-1.0	-1.0	-1.0	-1.0	-1.0	-1.0	-1.0	-1.0	-1.0	-1.0	-1.0	-1.0	-1.0	-1.0	-1.0	-1.0	-1.0	-1.0	-1.0	-1.0	-1.0	-1.0	-1.0	-1.0	-1.0	-1.0	-1.0	-1.0	-1.0	-1.0	-1.0	-1.0	-1.0	-1.0	-1.0	-1.0	-1.0	-1.0	-1.0	-1.0	-1.0	-1.0	-1.0	-1.0	-1.0	-1.0	-1.0	-1.0	-1.0	-1.0	-1.0	-1.0	-1.0	-1.0	-1.0	-1.0	-1.0	-1.0	-1.0	-1.0	-1.0	-1.0	-1.0	-1.0	-1.0	-1.0	-1.0	-1.0	-1.0	-1.0	-1.0	-1.0	-1.0	-1.0	-1.0	-1.0	-1.0	-1.0	-1.0	-1.0	-1.0	-1.0	-1.0	-1.0	-1.0	-1.0	-1.0	-1.0	-1.0	-1.0	-1.0	-1.0	-1.0	-1.0	-1.0	-1.0	-1.0	-1.0	-1.0
-1.0	-1.0	-1.0	-1.0	-1.0	-1.0	-1.0	-1.0	-1.0	-1.0	-1.0	-1.0	-1.0	-1.0	-1.0	-1.0	-1.0	-1.0	-1.0	-1.0	-1.0	-1.0	-1.0	-1.0	-1.0	-1.0	-1.0	-1.0	-1.0	-1.0	-1.0	-1.0	-1.0	-1.0	-1.0	-1.0	-1.0	-1.0	-1.0	-1.0	-1.0	-1.0	-1.0	-1.0	-1.0	-1.0	-1.0	-1.0	-1.0	-1.0	-1.0	-1.0	-1.0	-1.0	-1.0	-1.0	-1.0	-1.0	-1.0	-1.0	-1.0	-1.0	-1.0	-1.0	-1.0	-1.0	-1.0	-1.0	-1.0	-1.0	-1.0	-1.0	-1.0	-1.0	-1.0	-1.0	-1.0	-1.0	-1.0	-1.0	-1.0	-1.0	-1.0	-1.0	-1.0	-1.0	-1.0	-1.0	-1.0	-1.0	-1.0	-1.0	-1.0	-1.0	-1.0	-1.0	-1.0	-1.0	-1.0	-1.0
-1.0	-1.0	-1.0	-1.0	-1.0	-1.0	-1.0	-1.0	-1.0	-1.0	-1.0	-1.0	-1.0	-1.0	-1.0	-1.0	-1.0	-1.0	-1.0	-1.0	-1.0	-1.0	-1.0	-1.0	-1.0	-1.0	-1.0	-1.0	-1.0	-1.0	-1.0	-1.0	-1.0	-1.0	-1.0	-1.0	-1.0	-1.0	-1.0	-1.0	-1.0	-1.0	-1.0	-1.0	-1.0	-1.0	-1.0	-1.0	-1.0	-1.0	-1.0	-1.0	-1.0	-1.0	-1.0	-1.0	-1.0	-1.0	-1.0	-1.0	-1.0	-1.0	-1.0	-1.0	-1.0	-1.0	-1.0	-1.0	-1.0	-1.0	-1.0	-1.0	-1.0	-1.0	-1.0	-1.0	-1.0	-1.0	-1.0	-1.0	-1.0	-1.0	-1.0	-1.0	-1.0	-1.0	-1.0	-1.0	-1.0	-1.0	-1.0	-1.0	-1.0	-1.0	-1.0	-1.0	-1.0	-1.0	-1.0	-1.0
-1.0	-1.0	-1.0	-1.0	-1.0	-1.0	-1.0	-1.0	-1.0	-1.0	-1.0	-1.0	-1.0	-1.0	-1.0	-1.0	-1.0	-1.0	-1.0	-1.0	-1.0	-1.0	-1.0	-1.0	-1.0	-1.0	-1.0	-1.0	-1.0	-1.0	-1.0	-1.0	-1.0	-1.0	-1.0	-1.0	-1.0	-1.0	-1.0	-1.0	-1.0	-1.0	-1.0	-1.0	-1.0	-1.0	-1.0	-1.0	-1.0	-1.0	-1.0	-1.0	-1.0	-1.0	-1.0	-1.0	-1.0	-1.0	-1.0	-1.0	-1.0	-1.0	-1.0	-1.0	-1.0	-1.0	-1.0	-1.0	-1.0	-1.0	-1.0	-1.0	-1.0	-1.0	-1.0	-1.0	-1.0	-1.0	-1.0	-1.0	-1.0	-1.0	-1.0	-1.0	-1.0	-1.0	-1.0	-1.0	-1.0	-1.0	-1.0	-1.0	-1.0	-1.0	-1.0	-1.0	-1.0	-1.0	-1.0	-1.0
-1.0	-1.0	-1.0	-1.0	-1.0	-1.0	-1.0	-1.0	-1.0	-1.0	-1.0	-1.0	-1.0	-1.0	-1.0	-1.0	-1.0	-1.0	-1.0	-1.0	-1.0	-1.0	-1.0	-1.0	-1.0	-1.0	-1.0	-1.0	-1.0	-1.0	-1.0	-1.0	-1.0	-1.0	-1.0	-1.0	-1.0	-1.0	-1.0	-1.0	-1.0	-1.0	-1.0	-1.0	-1.0	-1.0	-1.0	-1.0	-1.0	-1.0	-1.0	-1.0	-1.0	-1.0	-1.0	-1.0	-1.0	-1.0	-1.0	-1.0	-1.0	-1.0	-1.0	-1.0	-1.0	-1.0	-1.0	-1.0	-1.0	-1.0	-1.0	-1.0	-1.0	-1.0	-1.0	-1.0	-1.0	-1.0	-1.0	-1.0	-1.0	-1.0	-1.0	-1.0	-1.0	-1.0	-1.0	-1.0	-1.0	-1.0	-1.0	-1.0	-1.0	-1.0	-1.0	-1.0	-1.0	-1.0	-1.0	-1.0
-1.0	-1.0	-1.0	-1.0	-1.0	-1.0	-1.0	-1.0	-1.0	-1.0	-1.0	-1.0	-1.0	-1.0	-1.0	-1.0	-1.0	-1.0	-1.0	-1.0	-1.0	-1.0	-1.0	-1.0	-1.0	-1.0	-1.0	-1.0	-1.0	-1.0	-1.0	-1.0	-1.0	-1.0	-1.0	-1.0	-1.0	-1.0	-1.0	-1.0	-1.0	-1.0	-1.0	-1.0	-1.0	-1.0	-1.0	-1.0	-1.0	-1.0	-1.0	-1.0	-1.0	-1.0	-1.0	-1.0	-1.0	-1.0	-1.0	-1.0	-1.0	-1.0	-1.0	-1.0	-1.0	-1.0	-1.0	-1.0	-1.0	-1.0	-1.0	-1.0	-1.0	-1.0	-1.0	-1.0	-1.0	-1.0	-1.0	-1.0	-1.0	-1.0	-1.0	-1.0	-1.0	-1.0	-1.0	-1.0	-1.0	-1.0	-1.0	-1.0	-1.0	-1.0	-1.0	-1.0	-1.0	-1.0	-1.0	-1.0
1.5898517749897547	1.5405025082052686	1.4544599480802394	1.5759221550159583	1.4913599982804089	1.4767191531108883	1.5130753229546496	1.4165574518871649	1.575267975006666	1.4886247182229044	1.4981358278035084	1.5784992841302123	1.400044977691911	1.6192271001956546	1.5670363244818668	1.605574095241083	1.486789523695773	1.4902639043862598	1.5173114497388742	1.6148027028256855	1.4657937038385345	1.553574961333277	-1.0	-1.0	-1.0	-1.0	-1.0	-1.0	-1.0	-1.0	-1.0	-1.0	-1.0	-1.0	-1.0	-1.0	-1.0	-1.0	-1.0	-1.0	-1.0	-1.0	-1.0	-1.0	-1.0	-1.0	-1.0	-1.0	-1.0	-1.0	-1.0	-1.0	1.4690216080599852	1.4998328027715915	1.5074082222957579	1.418868906761085	1.526574069940263	1.4019701073422854	1.5356429810397805	1.550676947743579	1.616460327070619	1.4327844892581294	1.4899266719184516	1.4871422428535672	1.428173815309713	1.4647332971693177	-1.0	-1.0	-1.0	-1.0	-1.0	-1.0	-1.0	-1.0	-1.0	-1.0	-1.0	-1.0	-1.0	-1.0	-1.0	-1.0	-1.0	-1.0	-1.0	-1.0	-1.0	-1.0	-1.0	-1.0	-1.0	-1.0	-1.0	-1.0	-1.0	-1.0	-1.0	-1.0	-1.0	-1.0
1.5575492745034896	1.4005874900040112	1.535058606026492	1.5259949055696815	1.3778820814701154	1.3638043287262596	1.5017962757738617	1.5446818078969968	1.423203001731201	1.498889706235938	1.4817493365379844	1.510176359843279	1.3260781135075255	1.3545959413861977	1.6604813653433808	1.5885738383557084	1.332585862342985	1.5362673834422862	1.5299804299224147	1.4665930856391367	1.4866214743800823	1.464627072403558	-1.0	-1.0	-1.0	-1.0	-1.0	-1.0	-1.0	-1.0	-1.0	-1.0	-1.0	-1.0	-1.0	-1.0	-1.0	-1.0	-1.0	-1.0	-1.0	-1.0	-1.0	-1.0	-1.0	-1.0	-1.0	-1.0	-1.0	-1.0	-1.0	-1.0	1.4506122895379783	1.6132028956528508	1.3339394524759651	1.6220466286541662	1.5210527576631936	1.4124197482692271	1.4527715655380107	1.433479334162644	1.3553149473825794	1.5875183522067653	1.4845191765283678	1.535389816897804	1.5361382201726579	1.5185805875907212	-1.0	-1.0	-1.0	-1.0	-1.0	-1.0	-1.0	-1.0	-1.0	-1.0	-1.0	-1.0	-1.0	-1.0	-1.0	-1.0	-1.0	-1.0	-1.0	-1.0	-1.0	-1.0	-1.0	-1.0	-1.0	-1.0	-1.0	-1.0	-1.0	-1.0	-1.0	-1.0	-1.0	-1.0
1.5562155807250777	1.6533190730489478	1.5947598017629514	1.5770862354284814	1.4051589906462585	1.4249472650348474	1.6495547677731193	1.6439637542922054	1.6916717686966787	1.468188168265208	1.244990267519898	1.4346546624309724	1.452295709229856	1.5282820604700047	1.491658797196238	1.4093057233570927	1.6041045162199636	1.5491576495077681	1.503166367629683	1.4484350134766224	1.4289099412827395	1.484903511404534	-1.0	-1.0	-1.0	-1.0	-1.0	-1.0	-1.0	-1.0	-1.0	-1.0	-1.0	-1.0	-1.0	-1.0	-1.0	-1.0	-1.0	-1.0	-1.0	-1.0	-1.0	-1.0	-1.0	-1.0	-1.0	-1.0	-1.0	-1.0	-1.0	-1.0	1.550785839905499	1.4294503647997214	1.6267430511524206	1.6213833185928603	1.5170707928407206	1.6299855548019093	1.3982635838957984	1.5712967296577658	1.5385244804869485	1.5976824478967233	1.5816778125996074	1.3787483367570164	1.5718617419858256	1.5554950206588127	-1.0	-1.0	-1.0	-1.0	-1.0	-1.0	-1.0	-1.0	-1.0	-1.0	-1.0	-1.0	-1.0	-1.0	-1.0	-1.0	-1.0	-1.0	-1.0	-1.0	-1.0	-1.0	-1.0	-1.0	-1.0	-1.0	-1.0	-1.0	-1.0	-1.0	-1.0	-1.0	-1.0	-1.0
1.5956995228876025	1.3766369783778614	1.6888350058047759	1.7599532973786594	1.67129755076756	1.4763671749988558	1.5636715208749088	1.5884332772371113	1.8178975206561379	1.5425516978189928	1.679189132294784	1.6874941433591133	1.6706136934988747	1.5332511919190284	1.5534891350319722	1.4834726603247133	1.7783557711029343	1.4364680479965974	1.6067613889245789	1.483914478177304	1.6381803053037112	1.5456961715030424	-1.0	-1.0	-1.0	-1.0	-1.0	-1.0	-1.0	-1.0	-1.0	-1.0	-1.0	-1.0	-1.0	-1.0	-1.0	1.8189740958486222	1.7601402957990115	1.710512514777111	1.729619404065518	1.6066291025529296	1.433097213192522	1.676895070706504	1.6293220500479366	1.5498468831524652	1.8137149842800695	1.710159328712376	-1.0	-1.0	-1.0	-1.0	1.5877221791644616	1.6238753923633373	1.244207505207592	1.655448504021134	1.8381493249219247	1.6118975745235788	1.7186934398418088	1.5230332597628045	1.3785091479180165	1.594076134843934	1.7731882342546654	1.603122333833095	1.606000729793494	1.5470510698259639	-1.0	-1.0	-1.0	-1.0	-1.0	-1.0	-1.0	-1.0	-1.0	-1.0	-1.0	-1.0	-1.0	-1.0	-1.0	-1.0	-1.0	-1.0	-1.0	-1.0	-1.0	-1.0	-1.0	-1.0	-1.0	-1.0	-1.0	-1.0	-1.0	-1.0	-1.0	-1.0	-1.0	-1.0
1.4499474220906576	1.6003404593789075	1.7370915166338563	1.3048220915066133	1.5394729331648205	1.6477330853111514	1.4574475614918638	1.4613227818023826	1.5093348766274859	1.5510601255013474	1.3551672824908867	1.532156010422671	1.564521252146658	1.4508441388662145	1.534862174999997	1.5408941220389443	1.5928151992211128	1.4868877616019363	1.502049466679227	1.5353079973860952	1.6314824600874742	1.5502039435368418	-1.0	-1.0	-1.0	-1.0	-1.0	-1.0	-1.0	-1.0	-1.0	-1.0	-1.0	-1.0	-1.0	-1.0	-1.0	-1.0	-1.0	-1.0	-1.0	-1.0	-1.0	-1.0	-1.0	-1.0	-1.0	-1.0	-1.0	-1.0	-1.0	-1.0	1.5326920222727731	1.5322408410600097	1.7942789359063107	1.519309762845619	1.5907587866016255	1.5221041271794655	1.3726537682759787	1.650266425872615	1.465354492840539	1.5701289921025128	1.3580581732541968	1.4486190487701498	1.5406684442117229	1.611872980864041	-1.0	-1.0	-1.0	-1.0	-1.0	-1.0	-1.0	-1.0	-1.0	-1.0	-1.0	-1.0	-1.0	-1.0	-1.0	-1.0	-1.0	-1.0	-1.0	-1.0	-1.0	-1.0	-1.0	-1.0	-1.0	-1.0	-1.0	-1.0	-1.0	-1.0	-1.0	-1.0	-1.0	-1.0
1.7971020764071721	1.4412961097566794	1.7573394072835933	1.671103575284396	1.8606160483427745	1.4581967997485479	1.674767714892598	1.795122938147406	1.7504254346023005	1.5620746408572683	1.4729879786277351	1.6243407466764594	1.691957138781535	1.6702560633670644	1.5569660580019893	1.6381773284881291	1.5893082198715396	1.6259755815716257	1.5563623197905374	1.4234476667035882	1.6625665186360463	1.6171315063841898	-1.0	-1.0	-1.0	-1.0	-1.0	-1.0	-1.0	-1.0	-1.0	-1.0	-1.0	-1.0	-1.0	-1.0	-1.0	1.77083485076678	1.4842394833840022	1.7156052500920225	1.662129655257405	1.784770849636279	1.6194210854361017	1.563630585257866	1.8690510359864696	1.8101651462649224	1.7942369620981973	1.6658834226855275	-1.0	-1.0	-1.0	-1.0	1.496127720008273	1.5762399128929308	1.3282509745898239	1.6518519353468415	1.891460002589561	1.8866532061025811	1.668819335063671	1.6509620483356233	1.7575651969145858	1.4202812004412124	1.7265000596923366	1.6331940725593257	1.74342366964677	1.6013387253120444	-1.0	-1.0	-1.0	-1.0	-1.0	-1.0	-1.0	-1.0	-1.0	-1.0	-1.0	-1.0	-1.0	-1.0	-1.0	-1.0	-1.0	-1.0	-1.0	-1.0	-1.0	-1.0	-1.0	-1.0	-1.0	-1.0	-1.0	-1.0	-1.0	-1.0	-1.0	-1.0	-1.0	-1.0
-1.0	-1.0	-1.0	-1.0	-1.0	-1.0	-1.0	-1.0	-1.0	-1.0	-1.0	-1.0	-1.0	-1.0	-1.0	-1.0	-1.0	-1.0	-1.0	-1.0	-1.0	-1.0	-1.0	-1.0	-1.0	-1.0	-1.0	-1.0	-1.0	-1.0	-1.0	-1.0	-1.0	-1.0	-1.0	-1.0	-1.0	-1.0	-1.0	-1.0	-1.0	-1.0	-1.0	-1.0	-1.0	-1.0	-1.0	-1.0	-1.0	-1.0	-1.0	-1.0	-1.0	-1.0	-1.0	-1.0	-1.0	-1.0	-1.0	-1.0	-1.0	-1.0	-1.0	-1.0	-1.0	-1.0	-1.0	-1.0	-1.0	-1.0	-1.0	-1.0	-1.0	-1.0	-1.0	-1.0	-1.0	-1.0	-1.0	-1.0	-1.0	-1.0	-1.0	-1.0	-1.0	-1.0	-1.0	-1.0	-1.0	-1.0	-1.0	-1.0	-1.0	-1.0	-1.0	-1.0	-1.0	-1.0	-1.0	-1.0
-1.0	-1.0	-1.0	-1.0	-1.0	-1.0	-1.0	-1.0	-1.0	-1.0	-1.0	-1.0	-1.0	-1.0	-1.0	-1.0	-1.0	-1.0	-1.0	-1.0	-1.0	-1.0	-1.0	-1.0	-1.0	-1.0	-1.0	-1.0	-1.0	-1.0	-1.0	-1.0	-1.0	-1.0	-1.0	-1.0	-1.0	-1.0	-1.0	-1.0	-1.0	-1.0	-1.0	-1.0	-1.0	-1.0	-1.0	-1.0	-1.0	-1.0	-1.0	-1.0	-1.0	-1.0	-1.0	-1.0	-1.0	-1.0	-1.0	-1.0	-1.0	-1.0	-1.0	-1.0	-1.0	-1.0	-1.0	-1.0	-1.0	-1.0	-1.0	-1.0	-1.0	-1.0	-1.0	-1.0	-1.0	-1.0	-1.0	-1.0	-1.0	-1.0	-1.0	-1.0	-1.0	-1.0	-1.0	-1.0	-1.0	-1.0	-1.0	-1.0	-1.0	-1.0	-1.0	-1.0	-1.0	-1.0	-1.0	-1.0
-1.0	-1.0	-1.0	-1.0	-1.0	-1.0	-1.0	-1.0	-1.0	-1.0	-1.0	-1.0	-1.0	-1.0	-1.0	-1.0	-1.0	-1.0	-1.0	-1.0	-1.0	-1.0	-1.0	-1.0	-1.0	-1.0	-1.0	-1.0	-1.0	-1.0	-1.0	-1.0	-1.0	-1.0	-1.0	-1.0	-1.0	-1.0	-1.0	-1.0	-1.0	-1.0	-1.0	-1.0	-1.0	-1.0	-1.0	-1.0	-1.0	-1.0	-1.0	-1.0	-1.0	-1.0	-1.0	-1.0	-1.0	-1.0	-1.0	-1.0	-1.0	-1.0	-1.0	-1.0	-1.0	-1.0	-1.0	-1.0	-1.0	-1.0	-1.0	-1.0	-1.0	-1.0	-1.0	-1.0	-1.0	-1.0	-1.0	-1.0	-1.0	-1.0	-1.0	-1.0	-1.0	-1.0	-1.0	-1.0	-1.0	-1.0	-1.0	-1.0	-1.0	-1.0	-1.0	-1.0	-1.0	-1.0	-1.0	-1.0
-1.0	-1.0	-1.0	-1.0	-1.0	-1.0	-1.0	-1.0	-1.0	-1.0	-1.0	-1.0	-1.0	-1.0	-1.0	-1.0	-1.0	-1.0	-1.0	-1.0	-1.0	-1.0	-1.0	-1.0	-1.0	-1.0	-1.0	-1.0	-1.0	-1.0	-1.0	-1.0	-1.0	-1.0	-1.0	-1.0	-1.0	-1.0	-1.0	-1.0	-1.0	-1.0	-1.0	-1.0	-1.0	-1.0	-1.0	-1.0	-1.0	-1.0	-1.0	-1.0	-1.0	-1.0	-1.0	-1.0	-1.0	-1.0	-1.0	-1.0	-1.0	-1.0	-1.0	-1.0	-1.0	-1.0	-1.0	-1.0	-1.0	-1.0	-1.0	-1.0	-1.0	-1.0	-1.0	-1.0	-1.0	-1.0	-1.0	-1.0	-1.0	-1.0	-1.0	-1.0	-1.0	-1.0	-1.0	-1.0	-1.0	-1.0	-1.0	-1.0	-1.0	-1.0	-1.0	-1.0	-1.0	-1.0	-1.0	-1.0
-1.0	-1.0	-1.0	-1.0	-1.0	-1.0	-1.0	-1.0	-1.0	-1.0	-1.0	-1.0	-1.0	-1.0	-1.0	-1.0	-1.0	-1.0	-1.0	-1.0	-1.0	-1.0	-1.0	-1.0	-1.0	-1.0	-1.0	-1.0	-1.0	-1.0	-1.0	-1.0	-1.0	-1.0	-1.0	-1.0	-1.0	-1.0	-1.0	-1.0	-1.0	-1.0	-1.0	-1.0	-1.0	-1.0	-1.0	-1.0	-1.0	-1.0	-1.0	-1.0	-1.0	-1.0	-1.0	-1.0	-1.0	-1.0	-1.0	-1.0	-1.0	-1.0	-1.0	-1.0	-1.0	-1.0	-1.0	-1.0	-1.0	-1.0	-1.0	-1.0	-1.0	-1.0	-1.0	-1.0	-1.0	-1.0	-1.0	-1.0	-1.0	-1.0	-1.0	-1.0	-1.0	-1.0	-1.0	-1.0	-1.0	-1.0	-1.0	-1.0	-1.0	-1.0	-1.0	-1.0	-1.0	-1.0	-1.0	-1.0
-1.0	-1.0	-1.0	-1.0	-1.0	-1.0	-1.0	-1.0	-1.0	-1.0	-1.0	-1.0	-1.0	-1.0	-1.0	-1.0	-1.0	-1.0	-1.0	-1.0	-1.0	-1.0	-1.0	-1.0	-1.0	-1.0	-1.0	-1.0	-1.0	-1.0	-1.0	-1.0	-1.0	-1.0	-1.0	-1.0	-1.0	-1.0	-1.0	-1.0	-1.0	-1.0	-1.0	-1.0	-1.0	-1.0	-1.0	-1.0	-1.0	-1.0	-1.0	-1.0	-1.0	-1.0	-1.0	-1.0	-1.0	-1.0	-1.0	-1.0	-1.0	-1.0	-1.0	-1.0	-1.0	-1.0	-1.0	-1.0	-1.0	-1.0	-1.0	-1.0	-1.0	-1.0	-1.0	-1.0	-1.0	-1.0	-1.0	-1.0	-1.0	-1.0	-1.0	-1.0	-1.0	-1.0	-1.0	-1.0	-1.0	-1.0	-1.0	-1.0	-1.0	-1.0	-1.0	-1.0	-1.0	-1.0	-1.0	-1.0
-1.0	-1.0	-1.0	-1.0	-1.0	-1.0	-1.0	-1.0	-1.0	-1.0	-1.0	-1.0	-1.0	-1.0	-1.0	-1.0	-1.0	-1.0	-1.0	-1.0	-1.0	-1.0	-1.0	-1.0	-1.0	-1.0	-1.0	-1.0	-1.0	-1.0	-1.0	-1.0	-1.0	-1.0	-1.0	-1.0	-1.0	-1.0	-1.0	-1.0	-1.0	-1.0	-1.0	-1.0	-1.0	-1.0	-1.0	-1.0	-1.0	-1.0	-1.0	-1.0	-1.0	-1.0	-1.0	-1.0	-1.0	-1.0	-1.0	-1.0	-1.0	-1.0	-1.0	-1.0	-1.0	-1.0	-1.0	-1.0	-1.0	-1.0	-1.0	-1.0	-1.0	-1.0	-1.0	-1.0	-1.0	-1.0	-1.0	-1.0	-1.0	-1.0	-1.0	-1.0	-1.0	-1.0	-1.0	-1.0	-1.0	-1.0	-1.0	-1.0	-1.0	-1.0	-1.0	-1.0	-1.0	-1.0	-1.0	-1.0
-1.0	-1.0	-1.0	-1.0	-1.0	-1.0	-1.0	-1.0	-1.0	-1.0	-1.0	-1.0	-1.0	-1.0	-1.0	-1.0	-1.0	-1.0	-1.0	-1.0	-1.0	-1.0	-1.0	-1.0	-1.0	-1.0	-1.0	-1.0	-1.0	-1.0	-1.0	-1.0	-1.0	-1.0	-1.0	-1.0	-1.0	-1.0	-1.0	-1.0	-1.0	-1.0	-1.0	-1.0	-1.0	-1.0	-1.0	-1.0	-1.0	-1.0	-1.0	-1.0	-1.0	-1.0	-1.0	-1.0	-1.0	-1.0	-1.0	-1.0	-1.0	-1.0	-1.0	-1.0	-1.0	-1.0	-1.0	-1.0	-1.0	-1.0	-1.0	-1.0	-1.0	-1.0	-1.0	-1.0	-1.0	-1.0	-1.0	-1.0	-1.0	-1.0	-1.0	-1.0	-1.0	-1.0	-1.0	-1.0	-1.0	-1.0	-1.0	-1.0	-1.0	-1.0	-1.0	-1.0	-1.0	-1.0	-1.0	-1.0
-1.0	-1.0	-1.0	-1.0	-1.0	-1.0	-1.0	-1.0	-1.0	-1.0	-1.0	-1.0	-1.0	-1.0	-1.0	-1.0	-1.0	-1.0	-1.0	-1.0	-1.0	-1.0	-1.0	-1.0	-1.0	-1.0	-1.0	-1.0	-1.0	-1.0	-1.0	-1.0	-1.0	-1.0	-1.0	-1.0	-1.0	-1.0	-1.0	-1.0	-1.0	-1.0	-1.0	-1.0	-1.0	-1.0	-1.0	-1.0	-1.0	-1.0	-1.0	-1.0	-1.0	-1.0	-1.0	-1.0	-1.0	-1.0	-1.0	-1.0	-1.0	-1.0	-1.0	-1.0	-1.0	-1.0	-1.0	-1.0	-1.0	-1.0	-1.0	-1.0	-1.0	-1.0	-1.0	-1.0	-1.0	-1.0	-1.0	-1.0	-1.0	-1.0	-1.0	-1.0	-1.0	-1.0	-1.0	-1.0	-1.0	-1.0	-1.0	-1.0	-1.0	-1.0	-1.0	-1.0	-1.0	-1.0	-1.0	-1.0
-1.0	-1.0	-1.0	-1.0	-1.0	-1.0	-1.0	-1.0	-1.0	-1.0	-1.0	-1.0	-1.0	-1.0	-1.0	-1.0	-1.0	-1.0	-1.0	-1.0	-1.0	-1.0	-1.0	-1.0	-1.0	-1.0	-1.0	-1.0	-1.0	-1.0	-1.0	-1.0	-1.0	-1.0	-1.0	-1.0	-1.0	-1.0	-1.0	-1.0	-1.0	-1.0	-1.0	-1.0	-1.0	-1.0	-1.0	-1.0	-1.0	-1.0	-1.0	-1.0	-1.0	-1.0	-1.0	-1.0	-1.0	-1.0	-1.0	-1.0	-1.0	-1.0	-1.0	-1.0	-1.0	-1.0	-1.0	-1.0	-1.0	-1.0	-1.0	-1.0	-1.0	-1.0	-1.0	-1.0	-1.0	-1.0	-1.0	-1.0	-1.0	-1.0	-1.0	-1.0	-1.0	-1.0	-1.0	-1.0	-1.0	-1.0	-1.0	-1.0	-1.0	-1.0	-1.0	-1.0	-1.0	-1.0	-1.0	-1.0
-1.0	-1.0	-1.0	-1.0	-1.0	-1.0	-1.0	-1.0	-1.0	-1.0	-1.0	-1.0	-1.0	-1.0	-1.0	-1.0	-1.0	-1.0	-1.0	-1.0	-1.0	-1.0	-1.0	-1.0	-1.0	-1.0	-1.0	-1.0	-1.0	-1.0	-1.0	-1.0	-1.0	-1.0	-1.0	-1.0	-1.0	-1.0	-1.0	-1.0	-1.0	-1.0	-1.0	-1.0	-1.0	-1.0	-1.0	-1.0	-1.0	-1.0	-1.0	-1.0	-1.0	-1.0	-1.0	-1.0	-1.0	-1.0	-1.0	-1.0	-1.0	-1.0	-1.0	-1.0	-1.0	-1.0	-1.0	-1.0	-1.0	-1.0	-1.0	-1.0	-1.0	-1.0	-1.0	-1.0	-1.0	-1.0	-1.0	-1.0	-1.0	-1.0	-1.0	-1.0	-1.0	-1.0	-1.0	-1.0	-1.0	-1.0	-1.0	-1.0	-1.0	-1.0	-1.0	-1.0	-1.0	-1.0	-1.0	-1.0
-1.0	-1.0	-1.0	-1.0	-1.0	-1.0	-1.0	-1.0	-1.0	-1.0	-1.0	-1.0	-1.0	-1.0	-1.0	-1.0	-1.0	-1.0	-1.0	-1.0	-1.0	-1.0	-1.0	-1.0	-1.0	-1.0	-1.0	-1.0	-1.0	-1.0	-1.0	-1.0	-1.0	-1.0	-1.0	-1.0	-1.0	-1.0	-1.0	-1.0	-1.0	-1.0	-1.0	-1.0	-1.0	-1.0	-1.0	-1.0	-1.0	-1.0	-1.0	-1.0	-1.0	-1.0	-1.0	-1.0	-1.0	-1.0	-1.0	-1.0	-1.0	-1.0	-1.0	-1.0	-1.0	-1.0	-1.0	-1.0	-1.0	-1.0	-1.0	-1.0	-1.0	-1.0	-1.0	-1.0	-1.0	-1.0	-1.0	-1.0	-1.0	-1.0	-1.0	-1.0	-1.0	-1.0	-1.0	-1.0	-1.0	-1.0	-1.0	-1.0	-1.0	-1.0	-1.0	-1.0	-1.0	-1.0	-1.0	-1.0
-1.0	-1.0	-1.0	-1.0	-1.0	-1.0	-1.0	-1.0	-1.0	-1.0	-1.0	-1.0	-1.0	-1.0	-1.0	-1.0	-1.0	-1.0	-1.0	-1.0	-1.0	-1.0	-1.0	-1.0	-1.0	-1.0	-1.0	-1.0	-1.0	-1.0	-1.0	-1.0	-1.0	-1.0	-1.0	-1.0	-1.0	-1.0	-1.0	-1.0	-1.0	-1.0	-1.0	-1.0	-1.0	-1.0	-1.0	-1.0	-1.0	-1.0	-1.0	-1.0	-1.0	-1.0	-1.0	-1.0	-1.0	-1.0	-1.0	-1.0	-1.0	-1.0	-1.0	-1.0	-1.0	-1.0	-1.0	-1.0	-1.0	-1.0	-1.0	-1.0	-1.0	-1.0	-1.0	-1.0	-1.0	-1.0	-1.0	-1.0	-1.0	-1.0	-1.0	-1.0	-1.0	-1.0	-1.0	-1.0	-1.0	-1.0	-1.0	-1.0	-1.0	-1.0	-1.0	-1.0	-1.0	-1.0	-1.0	-1.0
-1.0	-1.0	-1.0	-1.0	-1.0	-1.0	-1.0	-1.0	-1.0	-1.0	-1.0	-1.0	-1.0	-1.0	-1.0	-1.0	-1.0	-1.0	-1.0	-1.0	-1.0	-1.0	-1.0	-1.0	-1.0	-1.0	-1.0	-1.0	-1.0	-1.0	-1.0	-1.0	-1.0	-1.0	-1.0	-1.0	-1.0	-1.0	-1.0	-1.0	-1.0	-1.0	-1.0	-1.0	-1.0	-1.0	-1.0	-1.0	-1.0	-1.0	-1.0	-1.0	-1.0	-1.0	-1.0	-1.0	-1.0	-1.0	-1.0	-1.0	-1.0	-1.0	-1.0	-1.0	-1.0	-1.0	-1.0	-1.0	-1.0	-1.0	-1.0	-1.0	-1.0	-1.0	-1.0	-1.0	-1.0	-1.0	-1.0	-1.0	-1.0	-1.0	-1.0	-1.0	-1.0	-1.0	-1.0	-1.0	-1.0	-1.0	-1.0	-1.0	-1.0	-1.0	-1.0	-1.0	-1.0	-1.0	-1.0	-1.0
-1.0	-1.0	-1.0	-1.0	-1.0	-1.0	-1.0	-1.0	-1.0	-1.0	-1.0	-1.0	-1.0	-1.0	-1.0	-1.0	-1.0	-1.0	-1.0	-1.0	-1.0	-1.0	-1.0	-1.0	-1.0	-1.0	-1.0	-1.0	-1.0	-1.0	-1.0	-1.0	-1.0	-1.0	-1.0	-1.0	-1.0	-1.0	-1.0	-1.0	-1.0	-1.0	-1.0	-1.0	-1.0	-1.0	-1.0	-1.0	-1.0	-1.0	-1.0	-1.0	-1.0	-1.0	-1.0	-1.0	-1.0	-1.0	-1.0	-1.0	-1.0	-1.0	-1.0	-1.0	-1.0	-1.0	-1.0	-1.0	-1.0	-1.0	-1.0	-1.0	-1.0	-1.0	-1.0	-1.0	-1.0	-1.0	-1.0	-1.0	-1.0	-1.0	-1.0	-1.0	-1.0	-1.0	-1.0	-1.0	-1.0	-1.0	-1.0	-1.0	-1.0	-1.0	-1.0	-1.0	-1.0	-1.0	-1.0	-1.0
-1.0	-1.0	-1.0	-1.0	-1.0	-1.0	-1.0	-1.0	-1.0	-1.0	-1.0	-1.0	-1.0	-1.0	-1.0	-1.0	-1.0	-1.0	-1.0	-1.0	-1.0	-1.0	-1.0	-1.0	-1.0	-1.0	-1.0	-1.0	-1.0	-1.0	-1.0	-1.0	-1.0	-1.0	-1.0	-1.0	-1.0	-1.0	-1.0	-1.0	-1.0	-1.0	-1.0	-1.0	-1.0	-1.0	-1.0	-1.0	-1.0	-1.0	-1.0	-1.0	-1.0	-1.0	-1.0	-1.0	-1.0	-1.0	-1.0	-1.0	-1.0	-1.0	-1.0	-1.0	-1.0	-1.0	-1.0	-1.0	-1.0	-1.0	-1.0	-1.0	-1.0	-1.0	-1.0	-1.0	-1.0	-1.0	-1.0	-1.0	-1.0	-1.0	-1.0	-1.0	-1.0	-1.0	-1.0	-1.0	-1.0	-1.0	-1.0	-1.0	-1.0	-1.0	-1.0	-1.0	-1.0	-1.0	-1.0	-1.0
1.6964287486441565	-1.0	1.7562842160204875	1.7816004631203848	1.5658274882090366	-1.0	1.5684751130413719	1.69472487568103	1.680340616528756	-1.0	-1.0	1.8383869387828586	1.7427875039759078	-1.0	-1.0	-1.0	1.762007337822217	-1.0	-1.0	-1.0	1.7947713486935457	-1.0	-1.0	-1.0	-1.0	-1.0	-1.0	-1.0	-1.0	-1.0	-1.0	-1.0	-1.0	-1.0	-1.0	-1.0	-1.0	1.7680286078749647	1.6310843419322754	1.654911923432147	1.5694399012056774	1.751490365745214	1.7525848677722107	1.729964211306974	1.6266787790896604	1.6856563160846563	1.606027974457015	1.6868083240620058	-1.0	-1.0	-1.0	-1.0	-1.0	1.6767021428762185	-1.0	1.6480515833395102	1.651940545969291	1.612256477787654	1.5919388150678748	-1.0	1.6587388276117039	-1.0	1.8076365480478513	-1.0	1.6608696281933977	1.8124932744267819	-1.0	-1.0	-1.0	-1.0	-1.0	-1.0	-1.0	-1.0	-1.0	-1.0	-1.0	-1.0	-1.0	-1.0	-1.0	-1.0	-1.0	-1.0	-1.0	-1.0	-1.0	-1.0	-1.0	-1.0	-1.0	-1.0	-1.0	-1.0	-1.0	-1.0	-1.0	-1.0	-1.0	-1.0
1.796229033981979	-1.0	1.6555030369455856	1.720933387786746	1.5991398378587613	-1.0	1.7499877012368381	1.7626319919200715	1.5749621213979932	-1.0	-1.0	1.605625974810113	1.5555224448317768	-1.0	-1.0	-1.0	1.6719977167142575	-1.0	-1.0	-1.0	1.7921357652267464	-1.0	-1.0	-1.0	-1.0	-1.0	-1.0	-1.0	-1.0	-1.0	-1.0	-1.0	-1.0	-1.0	-1.0	-1.0	-1.0	1.67189553529849	1.6610476975087534	1.3971061176411057	1.744404046478327	1.7059799779276876	1.7599889234814807	1.6673071725409048	1.6487254132133402	1.6765222628911525	1.709274572178016	1.6978416936430767	-1.0	-1.0	-1.0	-1.0	-1.0	1.7576038386107913	-1.0	1.5646683389545544	1.579540396579135	1.5772753471352017	1.6328108563002943	-1.0	1.865732568810015	-1.0	1.6389242775739197	-1.0	1.726758421155816	1.6601218780585725	-1.0	-1.0	-1.0	-1.0	-1.0	-1.0	-1.0	-1.0	-1.0	-1.0	-1.0	-1.0	-1.0	-1.0	-1.0	-1.0	-1.0	-1.0	-1.0	-1.0	-1.0	-1.0	-1.0	-1.0	-1.0	-1.0	-1.0	-1.0	-1.0	-1.0	-1.0	-1.0	-1.0	-1.0
1.662813362184377	-1.0	1.4517259706240468	1.7782648154828882	1.6136727609497148	-1.0	1.7072438508756669	1.7790366175812782	1.6982676911365544	-1.0	-1.0	1.7083404757793814	1.6135351983707509	-1.0	-1.0	-1.0	1.5086634566722104	-1.0	-1.0	-1.0	1.5863343569428312	-1.0	-1.0	-1.0	-1.0	-1.0	-1.0	-1.0	-1.0	-1.0	-1.0	-1.0	-1.0	-1.0	-1.0	-1.0	-1.0	1.7589886551740002	1.8412653376056924	1.7763656966584285	1.6006194780317173	1.6314226709235773	1.5806027059472916	1.7457080514957737	1.5598926614738946	1.7222419996366733	1.700690360620168	1.5547485172599733	-1.0	-1.0	-1.0	-1.0	-1.0	1.7617967426131027	-1.0	1.7012446242964736	1.7272065494963231	1.714055214013129	1.8772682206810853	-1.0	1.7085523684631958	-1.0	1.7111187100687484	-1.0	1.7220877089659947	1.6739178578611449	-1.0	-1.0	-1.0	-1.0	-1.0	-1.0	-1.0	-1.0	-1.0	-1.0	-1.0	-1.0	-1.0	-1.0	-1.0	-1.0	-1.0	-1.0	-1.0	-1.0	-1.0	-1.0	-1.0	-1.0	-1.0	-1.0	-1.0	-1.0	-1.0	-1.0	-1.0	-1.0	-1.0	-1.0
1.6573443517505648	-1.0	1.465935156744688	1.6720215731936723	1.7089905013978623	-1.0	1.7125961951946966	1.8198060192344612	1.6839962795821288	-1.0	-1.0	1.6845614144410532	1.5752990741780697	-1.0	-1.0	-1.0	1.5146597032428275	-1.0	-1.0	-1.0	1.8225889088614862	-1.0	-1.0	-1.0	-1.0	-1.0	-1.0	-1.0	-1.0	-1.0	-1.0	-1.0	-1.0	-1.0	-1.0	-1.0	-1.0	1.532098111151063	1.6728899649846478	1.778206524209355	1.5758265582774198	1.6164563746688132	1.7802510791222257	1.5835413546997845	1.7425492415709591	1.6186801293329514	1.8497976457998493	1.6607754890928237	-1.0	-1.0	-1.0	-1.0	-1.0	1.7278352025458692	-1.0	1.699250077599747	1.6828924554603986	1.760680852560079	1.7954777109808588	-1.0	1.6324975716998196	-1.0	1.665860095258589	-1.0	1.7582707627428924	1.6273264302075776	-1.0	-1.0	-1.0	-1.0	-1.0	-1.0	-1.0	-1.0	-1.0	-1.0	-1.0	-1.0	-1.0	-1.0	-1.0	-1.0	-1.0	-1.0	-1.0	-1.0	-1.0	-1.0	-1.0	-1.0	-1.0	-1.0	-1.0	-1.0	-1.0	-1.0	-1.0	-1.0	-1.0	-1.0
1.7592711587932608	-1.0	1.666960103857428	1.589251721084159	1.775817390528893	-1.0	1.6415493453357253	1.6464290491706468	1.7224592282598334	-1.0	-1.0	1.6467601111982524	1.721048231613063	-1.0	-1.0	-1.0	1.7028758431660274	-1.0	-1.0	-1.0	1.73169822611543	-1.0	-1.0	-1.0	-1.0	-1.0	-1.0	-1.0	-1.0	-1.0	-1.0	-1.0	-1.0	-1.0	-1.0	-1.0	-1.0	1.807864958722795	1.6168299663838757	1.9150550564730244	1.778333787631216	1.7066410918847386	1.6575499656801158	1.781057121729132	1.6962651191797151	1.8830281481114164	1.7640834403071213	1.795769422524709	-1.0	-1.0	-1.0	-1.0	-1.0	1.7948622339901164	-1.0	1.68026041184809	1.6251158294046253	1.763086579874165	1.5746668127198655	-1.0	1.6420790623369534	-1.0	1.4811194889633033	-1.0	1.707672296836179	1.5817985111125172	-1.0	-1.0	-1.0	-1.0	-1.0	-1.0	-1.0	-1.0	-1.0	-1.0	-1.0	-1.0	-1.0	-1.0	-1.0	-1.0	-1.0	-1.0	-1.0	-1.0	-1.0	-1.0	-1.0	-1.0	-1.0	-1.0	-1.0	-1.0	-1.0	-1.0	-1.0	-1.0	-1.0	-1.0
1.8629168667137515	-1.0	1.5907830168835013	1.5960748976661683	1.7215598274469046	-1.0	1.6642911693949076	1.6237071334813582	1.6630549410499391	-1.0	-1.0	1.8042346602278336	1.566572196633231	-1.0	-1.0	-1.0	1.7433868414725704	-1.0	-1.0	-1.0	1.8381230116172287	-1.0	-1.0	-1.0	-1.0	-1.0	-1.0	-1.0	-1.0	-1.0	-1.0	-1.0	-1.0	-1.0	-1.0	-1.0	-1.0	1.7008215669889788	1.678005017030427	1.9118186081095576	1.5887895670158023	1.6557708500230093	1.742178252685091	1.5278524856352889	1.6927420609957304	1.658804887259199	1.7968523789626127	1.7662819386502493	-1.0	-1.0	-1.0	-1.0	-1.0	1.8209269718507388	-1.0	1.6421910021783834	1.6888955384587025	1.7263612053167479	1.5480748016011507	-1.0	1.37300431237014	-1.0	1.813093788538123	-1.0	1.8554610036466965	1.7312329043856158	-1.0	-1.0	-1.0	-1.0	-1.0	-1.0	-1.0	-1.0	-1.0	-1.0	-1.0	-1.0	-1.0	-1.0	-1.0	-1.0	-1.0	-1.0	-1.0	-1.0	-1.0	-1.0	-1.0	-1.0	-1.0	-1.0	-1.0	-1.0	-1.0	-1.0	-1.0	-1.0	-1.0	-1.0
1.810300739030358	-1.0	1.5911785244750138	1.7272247144692692	1.6628557152244714	-1.0	1.879299977267072	1.5639542738229395	1.8855138347352467	-1.0	-1.0	1.8976444493085225	1.872495854210355	-1.0	-1.0	-1.0	1.7058808820701028	-1.0	-1.0	-1.0	1.6479591818732404	-1.0	-1.0	-1.0	-1.0	-1.0	-1.0	-1.0	-1.0	-1.0	-1.0	-1.0	-1.0	-1.0	-1.0	-1.0	-1.0	1.4868171103602508	1.5817393282132868	1.8069873360430377	1.6249773335503552	1.6622829238723034	1.754978039728228	1.6895476675667602	1.504625167382134	1.6116432372133722	1.6365620289931269	1.6424985974367203	-1.0	-1.0	-1.0	-1.0	-1.0	1.7570172315489754	-1.0	1.7545311265167498	1.8321005116724258	1.7703774554434686	1.7713061941583477	-1.0	1.6167480591770738	-1.0	1.8069632557324518	-1.0	1.7428584109331466	1.6529828213193036	-1.0	-1.0	-1.0	-1.0	-1.0	-1.0	-1.0	-1.0	-1.0	-1.0	-1.0	-1.0	-1.0	-1.0	-1.0	-1.0	-1.0	-1.0	-1.0	-1.0	-1.0	-1.0	-1.0	-1.0	-1.0	-1.0	-1.0	-1.0	-1.0	-1.0	-1.0	-1.0	-1.0	-1.0
1.6841901976198554	-1.0	1.758799393096126	1.6883801064777466	1.5154677512489803	-1.0	1.7453482335877928	1.7580853366620777	1.7021664703946915	-1.0	-1.0	1.6684923989271248	1.7637169612938186	-1.0	-1.0	-1.0	1.693675083209348	-1.0	-1.0	-1.0	1.6693844019392738	-1.0	-1.0	-1.0	-1.0	-1.0	-1.0	-1.0	-1.0	-1.0	-1.0	-1.0	-1.0	-1.0	-1.0	-1.0	-1.0	1.7863124503691301	1.6874382824925167	1.5819195812461182	1.8016966789306623	1.7711092122880654	1.7246204269055643	1.7923290302568364	1.8357498901957865	1.6091661095535987	1.5672861866827559	1.7039857811823802	-1.0	-1.0	-1.0	-1.0	-1.0	1.6476188386043087	-1.0	1.6372856661098192	1.7307304675387478	1.5170154976888104	1.661820652232951	-1.0	1.7510956537894933	-1.0	1.5874807351594777	-1.0	1.5822707432564722	1.6634313375965752	-1.0	-1.0	-1.0	-1.0	-1.0	-1.0	-1.0	-1.0	-1.0	-1.0	-1.0	-1.0	-1.0	-1.0	-1.0	-1.0	-1.0	-1.0	-1.0	-1.0	-1.0	-1.0	-1.0	-1.0	-1.0	-1.0	-1.0	-1.0	-1.0	-1.0	-1.0	-1.0	-1.0	-1.0
1.659525353559403	-1.0	1.6695274282870636	1.7744624785327394	1.6551522324798646	-1.0	1.5530429093206346	1.9151009987054088	1.6322142613126827	-1.0	-1.0	1.6178090324580325	1.7347934725664138	-1.0	-1.0	-1.0	1.6557748699232822	-1.0	-1.0	-1.0	1.7062263307220873	-1.0	-1.0	-1.0	-1.0	-1.0	-1.0	-1.0	-1.0	-1.0	-1.0	-1.0	-1.0	-1.0	-1.0	-1.0	-1.0	1.7002928763971645	1.684042356789065	1.737937955236533	1.636173577426336	1.5750257277980828	1.4272447338302265	1.8505571438923418	1.7811194766437743	1.7889125259417147	1.5950475521457526	1.688854845692151	-1.0	-1.0	-1.0	-1.0	-1.0	1.707072415097128	-1.0	1.718419911913236	1.6019189533877207	1.6621003370563125	1.4582809132033578	-1.0	1.7374003835147214	-1.0	1.6408282849932645	-1.0	1.8028168200536996	1.84179202411167	-1.0	-1.0	-1.0	-1.0	-1.0	-1.0	-1.0	-1.0	-1.0	-1.0	-1.0	-1.0	-1.0	-1.0	-1.0	-1.0	-1.0	-1.0	-1.0	-1.0	-1.0	-1.0	-1.0	-1.0	-1.0	-1.0	-1.0	-1.0	-1.0	-1.0	-1.0	-1.0	-1.0	-1.0
1.7559183021560372	-1.0	1.642391952937472	1.5452657747585088	1.815480650474524	-1.0	1.6471208292277568	1.6215323496471439	1.4941291695029812	-1.0	-1.0	1.602958129086203	1.6962929957928512	-1.0	-1.0	-1.0	1.699825747190991	-1.0	-1.0	-1.0	1.6419085275619147	-1.0	-1.0	-1.0	-1.0	-1.0	-1.0	-1.0	-1.0	-1.0	-1.0	-1.0	-1.0	-1.0	-1.0	-1.0	-1.0	1.69336992559726	1.7683602099478264	1.7640141272764052	1.7344358887902063	1.7111796581571694	1.7703978761794408	1.7524013481651428	1.7432949226658072	1.8883415781940642	1.5511367917262837	1.4197888907208782	-1.0	-1.0	-1.0	-1.0	-1.0	1.6092829132479225	-1.0	1.6794681715084208	1.7569233332299379	1.634958107983124	1.9094021410459598	-1.0	1.80023767609187	-1.0	1.8060373345863387	-1.0	1.8376143268717464	1.7101797826726222	-1.0	-1.0	-1.0	-1.0	-1.0	-1.0	-1.0	-1.0	-1.0	-1.0	-1.0	-1.0	-1.0	-1.0	-1.0	-1.0	-1.0	-1.0	-1.0	-1.0	-1.0	-1.0	-1.0	-1.0	-1.0	-1.0	-1.0	-1.0	-1.0	-1.0	-1.0	-1.0	-1.0	-1.0
1.6647102112135552	-1.0	1.6958721633453684	1.6176829910755972	1.7397966281801944	-1.0	1.793692373191718	1.6127598280062152	1.7641850894781939	-1.0	-1.0	1.7292652853439017	1.7719915262842383	-1.0	-1.0	-1.0	1.5972840537840383	-1.0	-1.0	-1.0	1.7703880945996062	-1.0	-1.0	-1.0	-1.0	-1.0	-1.0	-1.0	-1.0	-1.0	-1.0	-1.0	-1.0	-1.0	-1.0	-1.0	-1.0	1.715895703006059	1.7469025620124572	1.6568904802885243	1.9391375121391567	1.709089100099724	1.7524660143541133	1.8053007565121622	1.7910328699623466	1.7853402879422646	1.5798615006155516	1.910787138316998	-1.0	-1.0	-1.0	-1.0	-1.0	1.5866290199059907	-1.0	1.79991587190407	1.6534596595192792	1.8314449815527467	1.4699037764663336	-1.0	1.633523472631674	-1.0	1.725089058044333	-1.0	1.754955801682851	1.542902264037853	-1.0	-1.0	-1.0	-1.0	-1.0	-1.0	-1.0	-1.0	-1.0	-1.0	-1.0	-1.0	-1.0	-1.0	-1.0	-1.0	-1.0	-1.0	-1.0	-1.0	-1.0	-1.0	-1.0	-1.0	-1.0	-1.0	-1.0	-1.0	-1.0	-1.0	-1.0	-1.0	-1.0	-1.0
1.7512211204294101	-1.0	1.6052050660452724	1.631414510263049	1.7633816318599211	-1.0	1.7311541977144684	1.7697832741608481	1.756908639709093	-1.0	-1.0	1.6862568442268044	1.7119348046154088	-1.0	-1.0	-1.0	1.7749720632572907	-1.0	-1.0	-1.0	1.7848727265389974	-1.0	-1.0	-1.0	-1.0	-1.0	-1.0	-1.0	-1.0	-1.0	-1.0	-1.0	-1.0	-1.0	-1.0	-1.0	-1.0	1.5609015064980556	1.6313195537014193	1.7873035913353248	1.5785339069563442	1.7209438311014829	1.6941379950355073	1.4836790846239867	1.5544700512843952	1.703944145170791	1.6748754012666196	1.6499247271133404	-1.0	-1.0	-1.0	-1.0	-1.0	1.7856407654827506	-1.0	1.6569972175157357	1.7807212469192684	1.756961867226015	1.5019436519485083	-1.0	1.6468206248463673	-1.0	1.6695595304552349	-1.0	1.621159160397071	1.7375190884358913	-1.0	-1.0	-1.0	-1.0	-1.0	-1.0	-1.0	-1.0	-1.0	-1.0	-1.0	-1.0	-1.0	-1.0	-1.0	-1.0	-1.0	-1.0	-1.0	-1.0	-1.0	-1.0	-1.0	-1.0	-1.0	-1.0	-1.0	-1.0	-1.0	-1.0	-1.0	-1.0	-1.0	-1.0
1.8676866034582105	-1.0	1.8182544885828156	1.6858385830514149	1.4826813165350679	-1.0	1.6149314275728415	1.7077065730492775	1.7635975272693563	-1.0	-1.0	1.5958799900997707	1.6920254938150205	-1.0	-1.0	-1.0	1.6790809005759058	-1.0	-1.0	-1.0	1.7219092263902234	-1.0	-1.0	-1.0	-1.0	-1.0	-1.0	-1.0	-1.0	-1.0	-1.0	-1.0	-1.0	-1.0	-1.0	-1.0	-1.0	1.7401257050941643	1.6520595370031412	1.5894667522150654	1.541186636585234	1.6269489502458516	1.5678614971525164	1.7067326810897905	1.6738652137364367	1.657841978842538	1.6888894446904346	1.7369599702302265	-1.0	-1.0	-1.0	-1.0	-1.0	1.580907072859586	-1.0	1.8483881960587878	1.6053760285154905	1.7347891359189442	1.7130683374792979	-1.0	1.6732198953268436	-1.0	1.8858255849572543	-1.0	1.5959350066666562	1.8046987121727198	-1.0	-1.0	-1.0	-1.0	-1.0	-1.0	-1.0	-1.0	-1.0	-1.0	-1.0	-1.0	-1.0	-1.0	-1.0	-1.0	-1.0	-1.0	-1.0	-1.0	-1.0	-1.0	-1.0	-1.0	-1.0	-1.0	-1.0	-1.0	-1.0	-1.0	-1.0	-1.0	-1.0	-1.0
-1.0	-1.0	-1.0	-1.0	-1.0	-1.0	-1.0	-1.0	-1.0	-1.0	-1.0	-1.0	-1.0	-1.0	-1.0	-1.0	-1.0	-1.0	-1.0	-1.0	-1.0	-1.0	-1.0	-1.0	-1.0	-1.0	-1.0	-1.0	-1.0	-1.0	-1.0	-1.0	-1.0	-1.0	-1.0	-1.0	-1.0	-1.0	-1.0	-1.0	-1.0	-1.0	-1.0	-1.0	-1.0	-1.0	-1.0	-1.0	-1.0	-1.0	-1.0	-1.0	-1.0	-1.0	-1.0	-1.0	-1.0	-1.0	-1.0	-1.0	-1.0	-1.0	-1.0	-1.0	-1.0	-1.0	-1.0	-1.0	-1.0	-1.0	-1.0	-1.0	-1.0	-1.0	-1.0	-1.0	-1.0	-1.0	-1.0	-1.0	-1.0	-1.0	-1.0	-1.0	-1.0	-1.0	-1.0	-1.0	-1.0	-1.0	-1.0	-1.0	-1.0	-1.0	-1.0	-1.0	-1.0	-1.0	-1.0	-1.0
-1.0	-1.0	-1.0	-1.0	-1.0	-1.0	-1.0	-1.0	-1.0	-1.0	-1.0	-1.0	-1.0	-1.0	-1.0	-1.0	-1.0	-1.0	-1.0	-1.0	-1.0	-1.0	-1.0	-1.0	-1.0	-1.0	-1.0	-1.0	-1.0	-1.0	-1.0	-1.0	-1.0	-1.0	-1.0	-1.0	-1.0	-1.0	-1.0	-1.0	-1.0	-1.0	-1.0	-1.0	-1.0	-1.0	-1.0	-1.0	-1.0	-1.0	-1.0	-1.0	-1.0	-1.0	-1.0	-1.0	-1.0	-1.0	-1.0	-1.0	-1.0	-1.0	-1.0	-1.0	-1.0	-1.0	-1.0	-1.0	-1.0	-1.0	-1.0	-1.0	-1.0	-1.0	-1.0	-1.0	-1.0	-1.0	-1.0	-1.0	-1.0	-1.0	-1.0	-1.0	-1.0	-1.0	-1.0	-1.0	-1.0	-1.0	-1.0	-1.0	-1.0	-1.0	-1.0	-1.0	-1.0	-1.0	-1.0	-1.0
-1.0	-1.0	-1.0	-1.0	-1.0	-1.0	-1.0	-1.0	-1.0	-1.0	-1.0	-1.0	-1.0	-1.0	-1.0	-1.0	-1.0	-1.0	-1.0	-1.0	-1.0	-1.0	-1.0	-1.0	-1.0	-1.0	-1.0	-1.0	-1.0	-1.0	-1.0	-1.0	-1.0	-1.0	-1.0	-1.0	-1.0	-1.0	-1.0	-1.0	-1.0	-1.0	-1.0	-1.0	-1.0	-1.0	-1.0	-1.0	-1.0	-1.0	-1.0	-1.0	-1.0	-1.0	-1.0	-1.0	-1.0	-1.0	-1.0	-1.0	-1.0	-1.0	-1.0	-1.0	-1.0	-1.0	-1.0	-1.0	-1.0	-1.0	-1.0	-1.0	-1.0	-1.0	-1.0	-1.0	-1.0	-1.0	-1.0	-1.0	-1.0	-1.0	-1.0	-1.0	-1.0	-1.0	-1.0	-1.0	-1.0	-1.0	-1.0	-1.0	-1.0	-1.0	-1.0	-1.0	-1.0	-1.0	-1.0	-1.0
-1.0	-1.0	-1.0	-1.0	-1.0	-1.0	-1.0	-1.0	-1.0	-1.0	-1.0	-1.0	-1.0	-1.0	-1.0	-1.0	-1.0	-1.0	-1.0	-1.0	-1.0	-1.0	-1.0	-1.0	-1.0	-1.0	-1.0	-1.0	-1.0	-1.0	-1.0	-1.0	-1.0	-1.0	-1.0	-1.0	-1.0	-1.0	-1.0	-1.0	-1.0	-1.0	-1.0	-1.0	-1.0	-1.0	-1.0	-1.0	-1.0	-1.0	-1.0	-1.0	-1.0	-1.0	-1.0	-1.0	-1.0	-1.0	-1.0	-1.0	-1.0	-1.0	-1.0	-1.0	-1.0	-1.0	-1.0	-1.0	-1.0	-1.0	-1.0	-1.0	-1.0	-1.0	-1.0	-1.0	-1.0	-1.0	-1.0	-1.0	-1.0	-1.0	-1.0	-1.0	-1.0	-1.0	-1.0	-1.0	-1.0	-1.0	-1.0	-1.0	-1.0	-1.0	-1.0	-1.0	-1.0	-1.0	-1.0	-1.0
-1.0	-1.0	-1.0	-1.0	-1.0	-1.0	-1.0	-1.0	-1.0	-1.0	-1.0	-1.0	-1.0	-1.0	-1.0	-1.0	-1.0	-1.0	-1.0	-1.0	-1.0	-1.0	-1.0	-1.0	-1.0	-1.0	-1.0	-1.0	-1.0	-1.0	-1.0	-1.0	-1.0	-1.0	-1.0	-1.0	-1.0	-1.0	-1.0	-1.0	-1.0	-1.0	-1.0	-1.0	-1.0	-1.0	-1.0	-1.0	-1.0	-1.0	-1.0	-1.0	-1.0	-1.0	-1.0	-1.0	-1.0	-1.0	-1.0	-1.0	-1.0	-1.0	-1.0	-1.0	-1.0	-1.0	-1.0	-1.0	-1.0	-1.0	-1.0	-1.0	-1.0	-1.0	-1.0	-1.0	-1.0	-1.0	-1.0	-1.0	-1.0	-1.0	-1.0	-1.0	-1.0	-1.0	-1.0	-1.0	-1.0	-1.0	-1.0	-1.0	-1.0	-1.0	-1.0	-1.0	-1.0	-1.0	-1.0	-1.0
-1.0	-1.0	-1.0	-1.0	-1.0	-1.0	-1.0	-1.0	-1.0	-1.0	-1.0	-1.0	-1.0	-1.0	-1.0	-1.0	-1.0	-1.0	-1.0	-1.0	-1.0	-1.0	-1.0	-1.0	-1.0	-1.0	-1.0	-1.0	-1.0	-1.0	-1.0	-1.0	-1.0	-1.0	-1.0	-1.0	-1.0	-1.0	-1.0	-1.0	-1.0	-1.0	-1.0	-1.0	-1.0	-1.0	-1.0	-1.0	-1.0	-1.0	-1.0	-1.0	-1.0	-1.0	-1.0	-1.0	-1.0	-1.0	-1.0	-1.0	-1.0	-1.0	-1.0	-1.0	-1.0	-1.0	-1.0	-1.0	-1.0	-1.0	-1.0	-1.0	-1.0	-1.0	-1.0	-1.0	-1.0	-1.0	-1.0	-1.0	-1.0	-1.0	-1.0	-1.0	-1.0	-1.0	-1.0	-1.0	-1.0	-1.0	-1.0	-1.0	-1.0	-1.0	-1.0	-1.0	-1.0	-1.0	-1.0	-1.0
-1.0	-1.0	-1.0	-1.0	-1.0	-1.0	-1.0	-1.0	-1.0	-1.0	-1.0	-1.0	-1.0	-1.0	-1.0	-1.0	-1.0	-1.0	-1.0	-1.0	-1.0	-1.0	-1.0	-1.0	-1.0	-1.0	-1.0	-1.0	-1.0	-1.0	-1.0	-1.0	-1.0	-1.0	-1.0	-1.0	-1.0	-1.0	-1.0	-1.0	-1.0	-1.0	-1.0	-1.0	-1.0	-1.0	-1.0	-1.0	-1.0	-1.0	-1.0	-1.0	-1.0	-1.0	-1.0	-1.0	-1.0	-1.0	-1.0	-1.0	-1.0	-1.0	-1.0	-1.0	-1.0	-1.0	-1.0	-1.0	-1.0	-1.0	-1.0	-1.0	-1.0	-1.0	-1.0	-1.0	-1.0	-1.0	-1.0	-1.0	-1.0	-1.0	-1.0	-1.0	-1.0	-1.0	-1.0	-1.0	-1.0	-1.0	-1.0	-1.0	-1.0	-1.0	-1.0	-1.0	-1.0	-1.0	-1.0	-1.0
-1.0	-1.0	-1.0	-1.0	-1.0	-1.0	-1.0	-1.0	-1.0	-1.0	-1.0	-1.0	-1.0	-1.0	-1.0	-1.0	-1.0	-1.0	-1.0	-1.0	-1.0	-1.0	-1.0	-1.0	-1.0	-1.0	-1.0	-1.0	-1.0	-1.0	-1.0	-1.0	-1.0	-1.0	-1.0	-1.0	-1.0	-1.0	-1.0	-1.0	-1.0	-1.0	-1.0	-1.0	-1.0	-1.0	-1.0	-1.0	-1.0	-1.0	-1.0	-1.0	-1.0	-1.0	-1.0	-1.0	-1.0	-1.0	-1.0	-1.0	-1.0	-1.0	-1.0	-1.0	-1.0	-1.0	-1.0	-1.0	-1.0	-1.0	-1.0	-1.0	-1.0	-1.0	-1.0	-1.0	-1.0	-1.0	-1.0	-1.0	-1.0	-1.0	-1.0	-1.0	-1.0	-1.0	-1.0	-1.0	-1.0	-1.0	-1.0	-1.0	-1.0	-1.0	-1.0	-1.0	-1.0	-1.0	-1.0	-1.0
-1.0	-1.0	-1.0	-1.0	-1.0	-1.0	-1.0	-1.0	-1.0	-1.0	-1.0	-1.0	-1.0	-1.0	-1.0	-1.0	-1.0	-1.0	-1.0	-1.0	-1.0	-1.0	-1.0	-1.0	-1.0	-1.0	-1.0	-1.0	-1.0	-1.0	-1.0	-1.0	-1.0	-1.0	-1.0	-1.0	-1.0	-1.0	-1.0	-1.0	-1.0	-1.0	-1.0	-1.0	-1.0	-1.0	-1.0	-1.0	-1.0	-1.0	-1.0	-1.0	-1.0	-1.0	-1.0	-1.0	-1.0	-1.0	-1.0	-1.0	-1.0	-1.0	-1.0	-1.0	-1.0	-1.0	-1.0	-1.0	-1.0	-1.0	-1.0	-1.0	-1.0	-1.0	-1.0	-1.0	-1.0	-1.0	-1.0	-1.0	-1.0	-1.0	-1.0	-1.0	-1.0	-1.0	-1.0	-1.0	-1.0	-1.0	-1.0	-1.0	-1.0	-1.0	-1.0	-1.0	-1.0	-1.0	-1.0	-1.0
-1.0	-1.0	-1.0	-1.0	-1.0	-1.0	-1.0	-1.0	-1.0	-1.0	-1.0	-1.0	-1.0	-1.0	-1.0	-1.0	-1.0	-1.0	-1.0	-1.0	-1.0	-1.0	-1.0	-1.0	-1.0	-1.0	-1.0	-1.0	-1.0	-1.0	-1.0	-1.0	-1.0	-1.0	-1.0	-1.0	-1.0	-1.0	-1.0	-1.0	-1.0	-1.0	-1.0	-1.0	-1.0	-1.0	-1.0	-1.0	-1.0	-1.0	-1.0	-1.0	-1.0	-1.0	-1.0	-1.0	-1.0	-1.0	-1.0	-1.0	-1.0	-1.0	-1.0	-1.0	-1.0	-1.0	-1.0	-1.0	-1.0	-1.0	-1.0	-1.0	-1.0	-1.0	-1.0	-1.0	-1.0	-1.0	-1.0	-1.0	-1.0	-1.0	-1.0	-1.0	-1.0	-1.0	-1.0	-1.0	-1.0	-1.0	-1.0	-1.0	-1.0	-1.0	-1.0	-1.0	-1.0	-1.0	-1.0	-1.0
-1.0	-1.0	-1.0	-1.0	-1.0	-1.0	-1.0	-1.0	-1.0	-1.0	-1.0	-1.0	-1.0	-1.0	-1.0	-1.0	-1.0	-1.0	-1.0	-1.0	-1.0	-1.0	-1.0	-1.0	-1.0	-1.0	-1.0	-1.0	-1.0	-1.0	-1.0	-1.0	-1.0	-1.0	-1.0	-1.0	-1.0	-1.0	-1.0	-1.0	-1.0	-1.0	-1.0	-1.0	-1.0	-1.0	-1.0	-1.0	-1.0	-1.0	-1.0	-1.0	-1.0	-1.0	-1.0	-1.0	-1.0	-1.0	-1.0	-1.0	-1.0	-1.0	-1.0	-1.0	-1.0	-1.0	-1.0	-1.0	-1.0	-1.0	-1.0	-1.0	-1.0	-1.0	-1.0	-1.0	-1.0	-1.0	-1.0	-1.0	-1.0	-1.0	-1.0	-1.0	-1.0	-1.0	-1.0	-1.0	-1.0	-1.0	-1.0	-1.0	-1.0	-1.0	-1.0	-1.0	-1.0	-1.0	-1.0	-1.0
-1.0	-1.0	-1.0	-1.0	-1.0	-1.0	-1.0	-1.0	-1.0	-1.0	-1.0	-1.0	-1.0	-1.0	-1.0	-1.0	-1.0	-1.0	-1.0	-1.0	-1.0	-1.0	-1.0	-1.0	-1.0	-1.0	-1.0	-1.0	-1.0	-1.0	-1.0	-1.0	-1.0	-1.0	-1.0	-1.0	-1.0	-1.0	-1.0	-1.0	-1.0	-1.0	-1.0	-1.0	-1.0	-1.0	-1.0	-1.0	-1.0	-1.0	-1.0	-1.0	-1.0	-1.0	-1.0	-1.0	-1.0	-1.0	-1.0	-1.0	-1.0	-1.0	-1.0	-1.0	-1.0	-1.0	-1.0	-1.0	-1.0	-1.0	-1.0	-1.0	-1.0	-1.0	-1.0	-1.0	-1.0	-1.0	-1.0	-1.0	-1.0	-1.0	-1.0	-1.0	-1.0	-1.0	-1.0	-1.0	-1.0	-1.0	-1.0	-1.0	-1.0	-1.0	-1.0	-1.0	-1.0	-1.0	-1.0	-1.0
-1.0	-1.0	-1.0	-1.0	-1.0	-1.0	-1.0	-1.0	-1.0	-1.0	-1.0	-1.0	-1.0	-1.0	-1.0	-1.0	-1.0	-1.0	-1.0	-1.0	-1.0	-1.0	-1.0	-1.0	-1.0	-1.0	-1.0	-1.0	-1.0	-1.0	-1.0	-1.0	-1.0	-1.0	-1.0	-1.0	-1.0	-1.0	-1.0	-1.0	-1.0	-1.0	-1.0	-1.0	-1.0	-1.0	-1.0	-1.0	-1.0	-1.0	-1.0	-1.0	-1.0	-1.0	-1.0	-1.0	-1.0	-1.0	-1.0	-1.0	-1.0	-1.0	-1.0	-1.0	-1.0	-1.0	-1.0	-1.0	-1.0	-1.0	-1.0	-1.0	-1.0	-1.0	-1.0	-1.0	-1.0	-1.0	-1.0	-1.0	-1.0	-1.0	-1.0	-1.0	-1.0	-1.0	-1.0	-1.0	-1.0	-1.0	-1.0	-1.0	-1.0	-1.0	-1.0	-1.0	-1.0	-1.0	-1.0	-1.0
-1.0	-1.0	-1.0	-1.0	-1.0	-1.0	-1.0	-1.0	-1.0	-1.0	-1.0	-1.0	-1.0	-1.0	-1.0	-1.0	-1.0	-1.0	-1.0	-1.0	-1.0	-1.0	-1.0	-1.0	-1.0	-1.0	-1.0	-1.0	-1.0	-1.0	-1.0	-1.0	-1.0	-1.0	-1.0	-1.0	-1.0	-1.0	-1.0	-1.0	-1.0	-1.0	-1.0	-1.0	-1.0	-1.0	-1.0	-1.0	-1.0	-1.0	-1.0	-1.0	-1.0	-1.0	-1.0	-1.0	-1.0	-1.0	-1.0	-1.0	-1.0	-1.0	-1.0	-1.0	-1.0	-1.0	-1.0	-1.0	-1.0	-1.0	-1.0	-1.0	-1.0	-1.0	-1.0	-1.0	-1.0	-1.0	-1.0	-1.0	-1.0	-1.0	-1.0	-1.0	-1.0	-1.0	-1.0	-1.0	-1.0	-1.0	-1.0	-1.0	-1.0	-1.0	-1.0	-1.0	-1.0	-1.0	-1.0	-1.0
-1.0	-1.0	-1.0	-1.0	-1.0	-1.0	-1.0	-1.0	-1.0	-1.0	-1.0	-1.0	-1.0	-1.0	-1.0	-1.0	-1.0	-1.0	-1.0	-1.0	-1.0	-1.0	-1.0	-1.0	-1.0	-1.0	-1.0	-1.0	-1.0	-1.0	-1.0	-1.0	-1.0	-1.0	-1.0	-1.0	-1.0	-1.0	-1.0	-1.0	-1.0	-1.0	-1.0	-1.0	-1.0	-1.0	-1.0	-1.0	-1.0	-1.0	-1.0	-1.0	-1.0	-1.0	-1.0	-1.0	-1.0	-1.0	-1.0	-1.0	-1.0	-1.0	-1.0	-1.0	-1.0	-1.0	-1.0	-1.0	-1.0	-1.0	-1.0	-1.0	-1.0	-1.0	-1.0	-1.0	-1.0	-1.0	-1.0	-1.0	-1.0	-1.0	-1.0	-1.0	-1.0	-1.0	-1.0	-1.0	-1.0	-1.0	-1.0	-1.0	-1.0	-1.0	-1.0	-1.0	-1.0	-1.0	-1.0	-1.0
-1.0	-1.0	-1.0	-1.0	-1.0	-1.0	-1.0	-1.0	-1.0	-1.0	-1.0	-1.0	-1.0	-1.0	-1.0	-1.0	-1.0	-1.0	-1.0	-1.0	-1.0	-1.0	-1.0	-1.0	-1.0	-1.0	-1.0	-1.0	-1.0	-1.0	-1.0	-1.0	-1.0	-1.0	-1.0	-1.0	-1.0	-1.0	-1.0	-1.0	-1.0	-1.0	-1.0	-1.0	-1.0	-1.0	-1.0	-1.0	-1.0	-1.0	-1.0	-1.0	-1.0	-1.0	-1.0	-1.0	-1.0	-1.0	-1.0	-1.0	-1.0	-1.0	-1.0	-1.0	-1.0	-1.0	-1.0	-1.0	-1.0	-1.0	-1.0	-1.0	-1.0	-1.0	-1.0	-1.0	-1.0	-1.0	-1.0	-1.0	-1.0	-1.0	-1.0	-1.0	-1.0	-1.0	-1.0	-1.0	-1.0	-1.0	-1.0	-1.0	-1.0	-1.0	-1.0	-1.0	-1.0	-1.0	-1.0	-1.0
-1.0	-1.0	-1.0	-1.0	-1.0	-1.0	-1.0	-1.0	-1.0	-1.0	-1.0	-1.0	-1.0	-1.0	-1.0	-1.0	-1.0	-1.0	-1.0	-1.0	-1.0	-1.0	-1.0	-1.0	-1.0	-1.0	-1.0	-1.0	-1.0	-1.0	-1.0	-1.0	-1.0	-1.0	-1.0	-1.0	-1.0	-1.0	-1.0	-1.0	-1.0	-1.0	-1.0	-1.0	-1.0	-1.0	-1.0	-1.0	-1.0	-1.0	-1.0	-1.0	-1.0	-1.0	-1.0	-1.0	-1.0	-1.0	-1.0	-1.0	-1.0	-1.0	-1.0	-1.0	-1.0	-1.0	-1.0	-1.0	-1.0	-1.0	-1.0	-1.0	-1.0	-1.0	-1.0	-1.0	-1.0	-1.0	-1.0	-1.0	-1.0	-1.0	-1.0	-1.0	-1.0	-1.0	-1.0	-1.0	-1.0	-1.0	-1.0	-1.0	-1.0	-1.0	-1.0	-1.0	-1.0	-1.0	-1.0	-1.0
-1.0	-1.0	-1.0	-1.0	-1.0	-1.0	-1.0	-1.0	-1.0	-1.0	-1.0	-1.0	-1.0	-1.0	-1.0	-1.0	-1.0	-1.0	-1.0	-1.0	-1.0	-1.0	-1.0	-1.0	-1.0	-1.0	-1.0	-1.0	-1.0	-1.0	-1.0	-1.0	-1.0	-1.0	-1.0	-1.0	-1.0	-1.0	-1.0	-1.0	-1.0	-1.0	-1.0	-1.0	-1.0	-1.0	-1.0	-1.0	-1.0	-1.0	-1.0	-1.0	-1.0	-1.0	-1.0	-1.0	-1.0	-1.0	-1.0	-1.0	-1.0	-1.0	-1.0	-1.0	-1.0	-1.0	-1.0	-1.0	-1.0	-1.0	-1.0	-1.0	-1.0	-1.0	-1.0	-1.0	-1.0	-1.0	-1.0	-1.0	-1.0	-1.0	-1.0	-1.0	-1.0	-1.0	-1.0	-1.0	-1.0	-1.0	-1.0	-1.0	-1.0	-1.0	-1.0	-1.0	-1.0	-1.0	-1.0	-1.0
-1.0	-1.0	-1.0	-1.0	-1.0	-1.0	-1.0	-1.0	-1.0	-1.0	-1.0	-1.0	-1.0	-1.0	-1.0	-1.0	-1.0	-1.0	-1.0	-1.0	-1.0	-1.0	-1.0	-1.0	-1.0	-1.0	-1.0	-1.0	-1.0	-1.0	-1.0	-1.0	-1.0	-1.0	-1.0	-1.0	-1.0	-1.0	-1.0	-1.0	-1.0	-1.0	-1.0	-1.0	-1.0	-1.0	-1.0	-1.0	-1.0	-1.0	-1.0	-1.0	-1.0	-1.0	-1.0	-1.0	-1.0	-1.0	-1.0	-1.0	-1.0	-1.0	-1.0	-1.0	-1.0	-1.0	-1.0	-1.0	-1.0	-1.0	-1.0	-1.0	-1.0	-1.0	-1.0	-1.0	-1.0	-1.0	-1.0	-1.0	-1.0	-1.0	-1.0	-1.0	-1.0	-1.0	-1.0	-1.0	-1.0	-1.0	-1.0	-1.0	-1.0	-1.0	-1.0	-1.0	-1.0	-1.0	-1.0	-1.0
1.7189955690350653	1.4703885645127996	1.6027945074732495	1.571042780630789	1.7121839758945667	1.6137334435556059	1.7094572144264366	1.633661445840538	1.705496877331359	1.343340395902012	1.4348078296855993	1.7311841704158486	1.708957018817326	1.5217034080251441	1.4656855908606337	1.4434737281059862	1.394319805947859	1.467682243131827	1.3373062985078747	1.4769855407636572	1.8255911587718903	1.559180680281647	-1.0	-1.0	-1.0	-1.0	-1.0	-1.0	-1.0	-1.0	-1.0	-1.0	-1.0	-1.0	-1.0	-1.0	-1.0	1.7135784734162327	1.6023650605294382	1.6538934015755131	1.6621596812041288	1.708684663676836	1.7163341593890749	1.7100626489382795	1.6431673609577522	1.725946946505884	1.7095353628498309	1.6359680218076513	-1.0	-1.0	-1.0	-1.0	1.5435839494851555	1.777991828034236	1.6796842388631212	1.627016966957514	1.6408768960181193	1.7402612229069636	1.546957106167945	1.3398046090844709	1.7156881668636905	1.648227395462242	1.6767966023797434	1.485664693581323	1.6708241455530122	1.7567614740554705	-1.0	-1.0	-1.0	-1.0	-1.0	-1.0	-1.0	-1.0	-1.0	-1.0	-1.0	-1.0	-1.0	-1.0	-1.0	-1.0	-1.0	-1.0	-1.0	-1.0	-1.0	-1.0	-1.0	-1.0	-1.0	-1.0	-1.0	-1.0	-1.0	-1.0	-1.0	-1.0	-1.0	-1.0
1.7017604841356677	1.4688445052603059	1.8172122121619338	1.6853365829388665	1.6619445657391592	1.506788838683439	1.8712884792101672	1.7071906021185708	1.771429703133868	1.446369464103218	1.5112060576985906	1.603719310290052	1.7837412601865479	1.6341600629962239	1.591847938110607	1.5424566125827184	1.6555843399018078	1.5460572899670026	1.546455711242538	1.4427992418033582	1.8024503986097011	1.3541976945997805	-1.0	-1.0	-1.0	-1.0	-1.0	-1.0	-1.0	-1.0	-1.0	-1.0	-1.0	-1.0	-1.0	-1.0	-1.0	1.6162454340083792	1.6213371174917535	1.7741266872448305	1.6818996079112971	1.8934678998946743	1.6754272033568645	1.6353925015344002	1.669131911694505	1.8419781851341261	1.436008672898973	1.5765447486038937	-1.0	-1.0	-1.0	-1.0	1.393437890453245	1.762992677287724	1.3857874678300814	1.8932793966490913	1.6371904819052616	1.7322426519517293	1.7722925293836496	1.4853773589721933	1.5600329859420785	1.5111063463442886	1.6674531089060738	1.3681589554181688	1.7449199739958827	1.8316189524494648	-1.0	-1.0	-1.0	-1.0	-1.0	-1.0	-1.0	-1.0	-1.0	-1.0	-1.0	-1.0	-1.0	-1.0	-1.0	-1.0	-1.0	-1.0	-1.0	-1.0	-1.0	-1.0	-1.0	-1.0	-1.0	-1.0	-1.0	-1.0	-1.0	-1.0	-1.0	-1.0	-1.0	-1.0
1.8194644160487312	1.448931538187943	1.7037669878960187	1.7130765716666962	1.805802455445116	1.5557816021609694	1.6734024331602708	1.634299083366914	1.6298360964854441	1.5567035749879885	1.52414906986972	1.6258185605912785	1.4120619762714817	1.6619838218865437	1.551543147712978	1.3325054506593919	1.6160943478938792	1.6523757075294971	1.4819454285868785	1.509498881185118	1.7057727831353353	1.342203707327142	-1.0	-1.0	-1.0	-1.0	-1.0	-1.0	-1.0	-1.0	-1.0	-1.0	-1.0	-1.0	-1.0	-1.0	-1.0	1.66361582822111	1.613403791210722	1.8292671640068734	1.683257567516063	1.7722466460995228	1.474055190292645	1.6723168446834502	1.544336902311364	1.6864900584188796	1.935111486243942	1.5863567779224483	-1.0	-1.0	-1.0	-1.0	1.6452758416279065	1.6973158321339064	1.513972319395093	1.7330983906181863	1.8158697417247225	1.5985470641359494	1.773392864565941	1.6838812841382789	1.676000504461249	1.6329808067455136	1.5072542509246625	1.5551244920400427	1.5856497827354263	1.7320731723849467	-1.0	-1.0	-1.0	-1.0	-1.0	-1.0	-1.0	-1.0	-1.0	-1.0	-1.0	-1.0	-1.0	-1.0	-1.0	-1.0	-1.0	-1.0	-1.0	-1.0	-1.0	-1.0	-1.0	-1.0	-1.0	-1.0	-1.0	-1.0	-1.0	-1.0	-1.0	-1.0	-1.0	-1.0
1.710675063431425	1.4096504227987894	1.7523646162630264	1.9094628806206444	1.5483974111029737	1.4902181446254898	1.7340328883974798	1.7131067454008333	1.7189895460700602	1.42750722573913	1.4263585783732466	1.681386816441203	1.5723150863125654	1.480121531911405	1.4571626150823924	1.4286899901552912	1.8432390004462906	1.4846831158487712	1.4575240204161137	1.6560883044140788	1.6746497476957762	1.5045242469614466	-1.0	-1.0	-1.0	-1.0	-1.0	-1.0	-1.0	-1.0	-1.0	-1.0	-1.0	-1.0	-1.0	-1.0	-1.0	1.91142681168994	1.697050621892987	1.7616798671172924	1.6383310796284503	1.893597915177439	1.7255268980059384	1.6328216847887764	1.7082145582877544	1.772432411433278	1.771022367655093	1.654582799478797	-1.0	-1.0	-1.0	-1.0	1.4101363836096878	1.7620996713361634	1.4839072890746363	1.8297012244005149	1.5067433428223043	1.674557824389758	1.7143768448025567	1.2850227372785223	1.6427688014848605	1.6058035354070959	1.7590355165181346	1.456197029837314	1.593976783255723	1.9311324997381023	-1.0	-1.0	-1.0	-1.0	-1.0	-1.0	-1.0	-1.0	-1.0	-1.0	-1.0	-1.0	-1.0	-1.0	-1.0	-1.0	-1.0	-1.0	-1.0	-1.0	-1.0	-1.0	-1.0	-1.0	-1.0	-1.0	-1.0	-1.0	-1.0	-1.0	-1.0	-1.0	-1.0	-1.0
1.7493044583810196	1.6892406108300335	1.5578596678933931	1.8028023427674338	1.7220843712604028	1.6340351205495294	1.9150981575575	1.6176516181879461	1.7887803775397582	1.3668501317264017	1.6681994341661857	1.6834443978274014	1.7563966121257968	1.5505631853975863	1.5601485670567328	1.320307656340807	1.6650325979324303	1.5164984133602673	1.5050449012180722	1.4776661799681359	1.8546264818187168	1.5846635139807084	-1.0	-1.0	-1.0	-1.0	-1.0	-1.0	-1.0	-1.0	-1.0	-1.0	-1.0	-1.0	-1.0	-1.0	-1.0	1.7247733280001771	1.6296075651101862	1.6367411473128275	1.8322876572734752	1.5769617838740126	1.8170446198958778	1.9260174324801214	1.6252344336653761	1.7959845276048063	1.7764412076217722	1.6375833358018548	-1.0	-1.0	-1.0	-1.0	1.7446914949613155	1.6993959847354796	1.600724544052386	1.7010607698612514	1.9224425179635998	1.707127375590173	1.9338633033727461	1.4844161968886385	1.5983949419769583	1.4227656740271515	1.7934231551422295	1.497674756490743	1.5289878289521412	1.6645735450627765	-1.0	-1.0	-1.0	-1.0	-1.0	-1.0	-1.0	-1.0	-1.0	-1.0	-1.0	-1.0	-1.0	-1.0	-1.0	-1.0	-1.0	-1.0	-1.0	-1.0	-1.0	-1.0	-1.0	-1.0	-1.0	-1.0	-1.0	-1.0	-1.0	-1.0	-1.0	-1.0	-1.0	-1.0
1.4960834128790141	1.500260613847281	1.5341954501652124	1.4777311322989408	1.6123830174444045	1.4554622073907002	1.6398079872625981	1.5429564262225264	1.628182804863483	1.578475635280886	1.4681096970702547	1.5283839487277437	1.4828903850615813	1.4209137924444777	1.3438119788285565	1.5288070356878045	1.546821069444065	1.5002416518206976	1.5045672683031426	1.4692304822500966	1.4859725931310404	1.5417647597658433	-1.0	-1.0	-1.0	-1.0	-1.0	-1.0	-1.0	-1.0	-1.0	-1.0	-1.0	-1.0	-1.0	-1.0	-1.0	-1.0	-1.0	-1.0	-1.0	-1.0	-1.0	-1.0	-1.0	-1.0	-1.0	-1.0	-1.0	-1.0	-1.0	-1.0	1.6034661886703854	1.5828050624793526	1.4278653628394347	1.480781906302499	1.460012506220004	1.5217597347266962	1.3711241725691627	1.5373322331155181	1.4734886567726826	1.3964786659489374	1.4803446102089006	1.4151589902713606	1.5265185474859295	1.3297956114951253	-1.0	-1.0	-1.0	-1.0	-1.0	-1.0	-1.0	-1.0	-1.0	-1.0	-1.0	-1.0	-1.0	-1.0	-1.0	-1.0	-1.0	-1.0	-1.0	-1.0	-1.0	-1.0	-1.0	-1.0	-1.0	-1.0	-1.0	-1.0	-1.0	-1.0	-1.0	-1.0	-1.0	-1.0
1.6746317533439576	1.4592133584717353	1.8314489839820132	1.5571177046855906	1.6588589271942595	1.503877768011042	1.7200291531451637	1.5101288194113023	1.7420734401914661	1.5546654979898218	1.4711880209083086	1.856568689772336	1.8483244535069991	1.6621784378975648	1.4959783525286514	1.3956332787343497	1.716742909382171	1.447982285859338	1.4377285223897305	1.4561629863677574	1.7585581286227372	1.4772164437452076	-1.0	-1.0	-1.0	-1.0	-1.0	-1.0	-1.0	-1.0	-1.0	-1.0	-1.0	-1.0	-1.0	-1.0	-1.0	1.7847010378406787	1.7618496829699	1.7047778595308618	1.7572279250391123	1.6062102567499392	1.8360654509250458	1.6788372935121596	1.5137664440548189	1.7757930494234895	1.5505114308886108	1.6340550696830598	-1.0	-1.0	-1.0	-1.0	1.5423805318092294	1.688942657178758	1.5029670511433686	1.6913322801354818	1.7474217386670718	1.8526548636251994	1.6806561095346013	1.3623397406407045	1.606347115200081	1.540261738245521	1.6473856045080355	1.5157588792909218	1.658170140250327	1.4693604516006769	-1.0	-1.0	-1.0	-1.0	-1.0	-1.0	-1.0	-1.0	-1.0	-1.0	-1.0	-1.0	-1.0	-1.0	-1.0	-1.0	-1.0	-1.0	-1.0	-1.0	-1.0	-1.0	-1.0	-1.0	-1.0	-1.0	-1.0	-1.0	-1.0	-1.0	-1.0	-1.0	-1.0	-1.0
1.5763881186457676	1.574431483822917	1.514914048979556	1.7411044581851678	1.8299672304143346	1.28559796778953	1.7907548241834796	1.8712399189876	1.5244406951468426	1.655507612413758	1.4508874496457373	1.8396120131332419	1.7228832850269016	1.468441158429099	1.4499622647162642	1.4937128143479221	1.758775036760432	1.5798978242812438	1.5457690642039712	1.6730801682671985	1.7585162320032879	1.4900868866270587	-1.0	-1.0	-1.0	-1.0	-1.0	-1.0	-1.0	-1.0	-1.0	-1.0	-1.0	-1.0	-1.0	-1.0	-1.0	1.625053913462768	1.8400207769777506	1.5139875269492789	1.6771350581867952	1.5181250360002054	1.4437216342830408	1.64026712318802	1.5945617155054999	1.6203339876407328	1.6563731520938894	1.7816022192775827	-1.0	-1.0	-1.0	-1.0	1.5119560370739062	1.7604157065726453	1.5431193977348991	1.751089724515039	1.7809992091164428	1.6848306731408706	1.643357676447372	1.4969093186395486	1.6651015124869168	1.556549165374352	1.6668420890707139	1.567240532655031	1.779929190165922	1.6663567301788558	-1.0	-1.0	-1.0	-1.0	-1.0	-1.0	-1.0	-1.0	-1.0	-1.0	-1.0	-1.0	-1.0	-1.0	-1.0	-1.0	-1.0	-1.0	-1.0	-1.0	-1.0	-1.0	-1.0	-1.0	-1.0	-1.0	-1.0	-1.0	-1.0	-1.0	-1.0	-1.0	-1.0	-1.0
1.8643747290573336	1.533489456930964	1.6670572326969124	1.6312022814314535	1.8568422801031075	1.5927649842077753	1.6099632325126563	1.6851412173021	1.5795693932932933	1.4500654763865677	1.4242462525339326	1.5422005968717782	1.709203338786165	1.367721855106823	1.4920053192452616	1.4885902425370543	1.584939493851387	1.5805837665959845	1.5173637654388379	1.4857776125774298	1.6992182631616715	1.3191921077643052	-1.0	-1.0	-1.0	-1.0	-1.0	-1.0	-1.0	-1.0	-1.0	-1.0	-1.0	-1.0	-1.0	-1.0	-1.0	1.7746601659742167	1.6038281023397205	1.3693107615391484	1.7958348179771078	1.7886752192423414	1.672467872805487	1.8451335173996102	1.6973341013691103	1.5183825371172492	1.7269726426027987	1.7345087351670008	-1.0	-1.0	-1.0	-1.0	1.5698643658377944	1.6322109188390024	1.4447009399402388	1.7034618691500103	1.610432676436194	1.6676288012486542	1.6282648080597208	1.5617450997818438	1.7609694102159694	1.4595965392707837	1.7103124191086143	1.5047179287633001	1.6833899568117459	1.6682524153146867	-1.0	-1.0	-1.0	-1.0	-1.0	-1.0	-1.0	-1.0	-1.0	-1.0	-1.0	-1.0	-1.0	-1.0	-1.0	-1.0	-1.0	-1.0	-1.0	-1.0	-1.0	-1.0	-1.0	-1.0	-1.0	-1.0	-1.0	-1.0	-1.0	-1.0	-1.0	-1.0	-1.0	-1.0
1.4605112417440371	1.4414603143225038	1.3587531901073528	1.455798757141623	1.6017754863085876	1.527044297442904	1.308899582985387	1.604236230250124	1.5804737104566813	1.6050422546238217	1.5461544909784892	1.5820363561439754	1.4038485978577777	1.4281733388124749	1.4594706768704824	1.560320199878777	1.4857452048981812	1.3383300323493064	1.4616995623683842	1.5429951400392397	1.581935926518193	1.4780044511640171	-1.0	-1.0	-1.0	-1.0	-1.0	-1.0	-1.0	-1.0	-1.0	-1.0	-1.0	-1.0	-1.0	-1.0	-1.0	-1.0	-1.0	-1.0	-1.0	-1.0	-1.0	-1.0	-1.0	-1.0	-1.0	-1.0	-1.0	-1.0	-1.0	-1.0	1.6600642903946086	1.6617610730975871	1.4625773587948112	1.4919625028681205	1.5128684374241061	1.4899241660537026	1.7482721587997072	1.513270504605905	1.4963629336805484	1.4659356426134775	1.5875612927019838	1.5001289622820835	1.5467513321482242	1.4446083695694671	-1.0	-1.0	-1.0	-1.0	-1.0	-1.0	-1.0	-1.0	-1.0	-1.0	-1.0	-1.0	-1.0	-1.0	-1.0	-1.0	-1.0	-1.0	-1.0	-1.0	-1.0	-1.0	-1.0	-1.0	-1.0	-1.0	-1.0	-1.0	-1.0	-1.0	-1.0	-1.0	-1.0	-1.0
1.5933447328258579	1.3681113072553652	1.5931382864187578	1.6344340664389045	1.5553113868063855	1.405074041643877	1.2574619408203205	1.4557623098911288	1.5526281303356662	1.4343360953612827	1.4135287735154474	1.661036100952921	1.5832717037225967	1.5801102650575498	1.4782294103233946	1.621324657607978	1.5328590665914108	1.4836438430949668	1.426079719505938	1.4754207116957436	1.5817362922953304	1.4833480918032118	-1.0	-1.0	-1.0	-1.0	-1.0	-1.0	-1.0	-1.0	-1.0	-1.0	-1.0	-1.0	-1.0	-1.0	-1.0	-1.0	-1.0	-1.0	-1.0	-1.0	-1.0	-1.0	-1.0	-1.0	-1.0	-1.0	-1.0	-1.0	-1.0	-1.0	1.5854331113317797	1.431447062942993	1.3005739627164006	1.5105849891284209	1.746663742049169	1.4532173790578984	1.4465853029022497	1.4273446910227603	1.544793029640646	1.5093419429797723	1.5171046914488306	1.4251865544511417	1.6039993031423028	1.4859936871503199	-1.0	-1.0	-1.0	-1.0	-1.0	-1.0	-1.0	-1.0	-1.0	-1.0	-1.0	-1.0	-1.0	-1.0	-1.0	-1.0	-1.0	-1.0	-1.0	-1.0	-1.0	-1.0	-1.0	-1.0	-1.0	-1.0	-1.0	-1.0	-1.0	-1.0	-1.0	-1.0	-1.0	-1.0
1.6517507919049492	1.5482329723383932	1.6335254165111108	1.6371729426063333	1.6518585248506374	1.489759152092703	1.6352215147270195	1.7446364894781397	1.5933926800017448	1.4639426386165346	1.5699658570478687	1.7429029972298522	1.6471683729455164	1.6786149162073258	1.267345724617488	1.3802774396408133	1.6978999020474792	1.4183809874456295	1.6078735394629167	1.4528941334070244	1.7015595823597522	1.4864097461023187	-1.0	-1.0	-1.0	-1.0	-1.0	-1.0	-1.0	-1.0	-1.0	-1.0	-1.0	-1.0	-1.0	-1.0	-1.0	1.5256878272362315	1.8036341751811793	1.699816827217978	1.7248990442465886	1.6728345165752698	1.4346320339328358	1.5663731439323123	1.7327695594162047	1.609780801123815	1.808164619199049	1.6155996097919634	-1.0	-1.0	-1.0	-1.0	1.4539622149227704	1.8174620432669206	1.4650636361889795	1.7633660698238416	1.586101038783321	1.6875424009141295	1.6245815160769823	1.49033584052302	1.6580575167930331	1.5524277358748262	1.5334869708837942	1.5123401340372036	1.6724654177502738	1.767816778872121	-1.0	-1.0	-1.0	-1.0	-1.0	-1.0	-1.0	-1.0	-1.0	-1.0	-1.0	-1.0	-1.0	-1.0	-1.0	-1.0	-1.0	-1.0	-1.0	-1.0	-1.0	-1.0	-1.0	-1.0	-1.0	-1.0	-1.0	-1.0	-1.0	-1.0	-1.0	-1.0	-1.0	-1.0
1.3939517925540323	1.283197239156525	1.346105783883221	1.4417569620767183	1.4445394516109213	1.3097784027430601	1.6593644573007915	1.3936048057498585	1.4328067985223665	1.6534294957448679	1.482793230769241	1.5524296154720487	1.3813401675756505	1.6323681403707067	1.4066009292445152	1.5332889729481487	1.3828860819434539	1.6734812264357959	1.4958419958143359	1.6681990582334232	1.3334117359961972	1.493394613203608	-1.0	-1.0	-1.0	-1.0	-1.0	-1.0	-1.0	-1.0	-1.0	-1.0	-1.0	-1.0	-1.0	-1.0	-1.0	-1.0	-1.0	-1.0	-1.0	-1.0	-1.0	-1.0	-1.0	-1.0	-1.0	-1.0	-1.0	-1.0	-1.0	-1.0	1.6577700498113308	1.4246637054567661	1.4949510962160844	1.4876034061878356	1.5456032797372168	1.5522583031890624	1.5984116725057689	1.5410732720874019	1.4039533189369606	1.6985903588678386	1.4685128713071454	1.6638749506427302	1.4353947120523862	1.4488772715019742	-1.0	-1.0	-1.0	-1.0	-1.0	-1.0	-1.0	-1.0	-1.0	-1.0	-1.0	-1.0	-1.0	-1.0	-1.0	-1.0	-1.0	-1.0	-1.0	-1.0	-1.0	-1.0	-1.0	-1.0	-1.0	-1.0	-1.0	-1.0	-1.0	-1.0	-1.0	-1.0	-1.0	-1.0
1.4672384821643376	1.5056905141339343	1.4720647158298543	1.6492263568039638	1.5064420003773589	1.5453792615462136	1.481634890890107	1.5634993501585215	1.7019096028436096	1.6342312879121788	1.4953553563130182	1.301213618521761	1.4033995003119368	1.6481640572729905	1.5284359661623674	1.3578833754702269	1.4324890385922242	1.3485278664172111	1.5611688409681266	1.4654982268882613	1.579165051183609	1.6143806814833115	-1.0	-1.0	-1.0	-1.0	-1.0	-1.0	-1.0	-1.0	-1.0	-1.0	-1.0	-1.0	-1.0	-1.0	-1.0	-1.0	-1.0	-1.0	-1.0	-1.0	-1.0	-1.0	-1.0	-1.0	-1.0	-1.0	-1.0	-1.0	-1.0	-1.0	1.3863790116700263	1.6941739535546074	1.349969988608205	1.6099906097103391	1.6433956516990191	1.5273484711425618	1.375355430741806	1.6606301857191383	1.5578429626809722	1.5153407880323904	1.5085611447904361	1.4593038682663326	1.5152369772534116	1.4240082578798283	-1.0	-1.0	-1.0	-1.0	-1.0	-1.0	-1.0	-1.0	-1.0	-1.0	-1.0	-1.0	-1.0	-1.0	-1.0	-1.0	-1.0	-1.0	-1.0	-1.0	-1.0	-1.0	-1.0	-1.0	-1.0	-1.0	-1.0	-1.0	-1.0	-1.0	-1.0	-1.0	-1.0	-1.0
1.6828296571138608	1.5801091783108676	1.7429861826555606	1.5908343695860834	1.7847630471733522	1.434621526097223	1.5986329493994589	1.5559051141049125	1.6435802408995044	1.443086334989046	1.5402770421643868	1.6263102334686312	1.8955851356609528	1.5523234097962484	1.3868132625389633	1.31863237997878	1.805799617037637	1.5592183636059813	1.4912403446485019	1.5184096438351125	1.7388569142206716	1.5312211053905027	-1.0	-1.0	-1.0	-1.0	-1.0	-1.0	-1.0	-1.0	-1.0	-1.0	-1.0	-1.0	-1.0	-1.0	-1.0	1.6054864872727457	1.5979953806232423	1.7324696974391622	1.693504408339239	1.8981481867163335	1.6060481889877938	1.8051364894185573	1.6692380560510705	1.7189759178276818	1.7081758062255985	1.5940649830760383	-1.0	-1.0	-1.0	-1.0	1.5754282332316654	1.7637260551135148	1.6876217190024116	1.7878198397598593	1.6159190622356623	1.737986746225093	1.6642453004307345	1.469021698656031	1.6677872570910581	1.411814803701248	1.7055854727493123	1.3590954283117518	1.686788883318744	1.6852541708509228	-1.0	-1.0	-1.0	-1.0	-1.0	-1.0	-1.0	-1.0	-1.0	-1.0	-1.0	-1.0	-1.0	-1.0	-1.0	-1.0	-1.0	-1.0	-1.0	-1.0	-1.0	-1.0	-1.0	-1.0	-1.0	-1.0	-1.0	-1.0	-1.0	-1.0	-1.0	-1.0	-1.0	-1.0
1.5699222819193874	1.6529717216967943	1.6361768654068034	1.4028312392258437	1.6149593810497291	1.558262169624578	1.6628215740271284	1.684131749255326	1.7625045534978583	1.5865315892151652	1.493600197722419	1.7207345996293693	1.5477597568163761	1.4826499166504714	1.4677473687356857	1.3848191875985392	1.5504688812466514	1.4876889185999087	1.6354538269969399	1.4335316938256628	1.666118251812243	1.2421716979625868	-1.0	-1.0	-1.0	-1.0	-1.0	-1.0	-1.0	-1.0	-1.0	-1.0	-1.0	-1.0	-1.0	-1.0	-1.0	1.4590038711328663	1.8459441352411	1.5960240155081016	1.8785975653968334	1.8487140440126768	1.6632515699327088	1.6730974248464012	1.6743019591131039	1.646431793586478	1.812465479308461	1.8057469960645756	-1.0	-1.0	-1.0	-1.0	1.6841449076437858	1.7657874485491178	1.4171204542923097	1.524365850289464	1.584654627967413	1.8584003100781654	1.6830120793149805	1.6016138811840848	1.7529719171844231	1.708079734812264	1.553761666437238	1.5446435170962565	1.776437752530971	1.9077341676891044	-1.0	-1.0	-1.0	-1.0	-1.0	-1.0	-1.0	-1.0	-1.0	-1.0	-1.0	-1.0	-1.0	-1.0	-1.0	-1.0	-1.0	-1.0	-1.0	-1.0	-1.0	-1.0	-1.0	-1.0	-1.0	-1.0	-1.0	-1.0	-1.0	-1.0	-1.0	-1.0	-1.0	-1.0
1.7216949145825649	1.4561758670802527	1.714276275559877	1.8307402476508607	1.7977808333862384	1.5373129279145783	1.6930878964983112	1.4849239262329028	1.6980127076846017	1.4922347827999782	1.5050637144830672	1.7940493508049442	1.7052110936536864	1.5953840377925108	1.4398327940063735	1.553699049753957	1.604106350282979	1.5230955371961137	1.4427752320699774	1.5034773472013694	1.8648342844337082	1.5289319955687155	-1.0	-1.0	-1.0	-1.0	-1.0	-1.0	-1.0	-1.0	-1.0	-1.0	-1.0	-1.0	-1.0	-1.0	-1.0	1.7126071501843312	1.7542448553531282	1.5542565087179783	1.6712313500553413	1.6856232874909551	1.5030187527499559	1.7349341591518133	1.7633035764357377	1.658119426437307	1.7764777459063468	1.58895346042041	-1.0	-1.0	-1.0	-1.0	1.5648892525002254	1.7553172113779725	1.488714824625792	1.4624953967967667	1.5182897940255446	1.6327168512897516	1.6369783906918154	1.4976505177948283	1.70957955405119	1.4237159205710936	1.7988788514273555	1.3834712284670845	1.5961859011188064	1.7381210034512853	-1.0	-1.0	-1.0	-1.0	-1.0	-1.0	-1.0	-1.0	-1.0	-1.0	-1.0	-1.0	-1.0	-1.0	-1.0	-1.0	-1.0	-1.0	-1.0	-1.0	-1.0	-1.0	-1.0	-1.0	-1.0	-1.0	-1.0	-1.0	-1.0	-1.0	-1.0	-1.0	-1.0	-1.0
1.5352670677490263	1.5149248936885558	1.4810633015919887	1.5827006299835513	1.6514185539246684	1.6047463180449884	1.707596486904389	1.681953125391483	1.7489043709160175	1.5159273501791712	1.5456108054842554	1.5676850344632063	1.6879328131422349	1.3536663737623698	1.5011755818521224	1.3828078028619128	1.584098745752332	1.5170594760771328	1.4825904958890002	1.4490896397527753	1.6129894989102944	1.3151493893402497	-1.0	-1.0	-1.0	-1.0	-1.0	-1.0	-1.0	-1.0	-1.0	-1.0	-1.0	-1.0	-1.0	-1.0	-1.0	1.7277334856307842	1.6943200794970148	1.780804899618692	1.6989977118002126	1.838707992236107	1.7429746673389315	1.8167611364198646	1.7014092571503183	1.7390477869084453	1.686569426986135	1.6750781863929858	-1.0	-1.0	-1.0	-1.0	1.4465017723549585	1.7593917166558641	1.419617718166899	1.744773937876484	1.7076069215388272	1.6390761206253095	1.6261852566009145	1.5391754099004733	1.566367029738658	1.4475970621472012	1.7671705904903252	1.514253595966901	1.4648376856130576	1.803090750273666	-1.0	-1.0	-1.0	-1.0	-1.0	-1.0	-1.0	-1.0	-1.0	-1.0	-1.0	-1.0	-1.0	-1.0	-1.0	-1.0	-1.0	-1.0	-1.0	-1.0	-1.0	-1.0	-1.0	-1.0	-1.0	-1.0	-1.0	-1.0	-1.0	-1.0	-1.0	-1.0	-1.0	-1.0
1.6572042109044718	1.375701616302105	1.644951520880006	1.6628927296546585	1.721639418208892	1.6275716556019884	1.7455753722492924	1.8989696252589752	1.5811247757094127	1.376973117073943	1.6630738170405157	1.6745400815591158	1.5419614414169638	1.416610523947297	1.4503971103366218	1.4585447665384002	1.7052736949976768	1.3796375048641956	1.6247700456286636	1.6836775452418618	1.7703736236553504	1.539930712025935	-1.0	-1.0	-1.0	-1.0	-1.0	-1.0	-1.0	-1.0	-1.0	-1.0	-1.0	-1.0	-1.0	-1.0	-1.0	1.5815347699238407	1.704093829814916	1.5987217746866869	1.6621214681899368	1.724269738296846	1.8619854768356021	1.8165590611051832	1.6302094207807896	1.5945134804411418	1.6531174698077564	1.6209229495310027	-1.0	-1.0	-1.0	-1.0	1.4131598449369327	1.5877870683629602	1.5134536197737063	1.388565629526319	1.8097302236358113	1.6721199647516118	1.6420629534260984	1.4608435582356376	1.7163941848185307	1.5661468826975098	1.6904328063977119	1.5506590686003086	1.7471793295746074	1.769636704381331	-1.0	-1.0	-1.0	-1.0	-1.0	-1.0	-1.0	-1.0	-1.0	-1.0	-1.0	-1.0	-1.0	-1.0	-1.0	-1.0	-1.0	-1.0	-1.0	-1.0	-1.0	-1.0	-1.0	-1.0	-1.0	-1.0	-1.0	-1.0	-1.0	-1.0	-1.0	-1.0	-1.0	-1.0
1.593532921595702	1.5320587767589746	1.5207222593431247	1.3987157515681818	1.5134876701577271	1.6633363128922745	1.5644153982019278	1.4946428626643926	1.744939973790391	1.6451092275013026	1.4621081113406122	1.4209387915500178	1.5744004619847591	1.629114143671369	1.5591094138838015	1.7117581058102171	1.3806873142800438	1.530296762554869	1.473527034450675	1.3003330447009238	1.6157045265920802	1.5550404083733258	-1.0	-1.0	-1.0	-1.0	-1.0	-1.0	-1.0	-1.0	-1.0	-1.0	-1.0	-1.0	-1.0	-1.0	-1.0	-1.0	-1.0	-1.0	-1.0	-1.0	-1.0	-1.0	-1.0	-1.0	-1.0	-1.0	-1.0	-1.0	-1.0	-1.0	1.6281788912582051	1.7785010579066474	1.5669541193299341	1.5031441490066466	1.4239056118502296	1.5395278817295919	1.679349922975211	1.5808668059960076	1.4704013942260334	1.4599296975891192	1.6222075243780039	1.4476298990539473	1.5216274215271477	1.3482100272105102	-1.0	-1.0	-1.0	-1.0	-1.0	-1.0	-1.0	-1.0	-1.0	-1.0	-1.0	-1.0	-1.0	-1.0	-1.0	-1.0	-1.0	-1.0	-1.0	-1.0	-1.0	-1.0	-1.0	-1.0	-1.0	-1.0	-1.0	-1.0	-1.0	-1.0	-1.0	-1.0	-1.0	-1.0
1.5322727753898204	1.35784148238492	1.8174067445846631	1.4760452361712617	1.8617048890710792	1.4821611401974755	1.603312821790875	1.8065125442936165	1.676109431935616	1.6626434894965223	1.4267390011519514	1.6786711559809708	1.6753779219173146	1.532358956229079	1.6325690974073837	1.585775336874511	1.8376691874459619	1.3310984132918957	1.4160119101306805	1.413788709757079	1.7377355545494872	1.3474040525756177	-1.0	-1.0	-1.0	-1.0	-1.0	-1.0	-1.0	-1.0	-1.0	-1.0	-1.0	-1.0	-1.0	-1.0	-1.0	1.4580021691257463	1.7041123291891214	1.845942867490293	1.629154972420031	1.7292248311072964	1.653810124265512	1.6114555906958634	1.8089496926175754	1.5552001050284476	1.78644661153396	1.6870743295617154	-1.0	-1.0	-1.0	-1.0	1.587283247528644	1.6454818231460655	1.4620187834835203	1.5595507757604081	1.6462126716801655	1.5655701549783947	1.622273413246415	1.7804669852901573	1.5338436497841865	1.351753714568725	1.7415873620202493	1.7047893999230794	1.7021808477484193	1.6972840654556427	-1.0	-1.0	-1.0	-1.0	-1.0	-1.0	-1.0	-1.0	-1.0	-1.0	-1.0	-1.0	-1.0	-1.0	-1.0	-1.0	-1.0	-1.0	-1.0	-1.0	-1.0	-1.0	-1.0	-1.0	-1.0	-1.0	-1.0	-1.0	-1.0	-1.0	-1.0	-1.0	-1.0	-1.0
1.6799650578319019	1.4837999747854063	1.6902596270977066	1.5016425094967325	1.6584614488154343	1.5937847280125517	1.5835184935443658	1.7013069934334784	1.7070668429977571	1.525210167063806	1.5024021730906327	1.5458437001342333	1.6843879726226019	1.5030080747735908	1.4226673932019978	1.6162676869111015	1.5360673673491996	1.349841536984675	1.464631333837839	1.594034284866483	1.5564139305427673	1.4963043571760666	-1.0	-1.0	-1.0	-1.0	-1.0	-1.0	-1.0	-1.0	-1.0	-1.0	-1.0	-1.0	-1.0	-1.0	-1.0	1.399374443232045	1.6068401148982692	1.7503270075131456	1.7662604605113923	1.4610972829056867	1.629936512428454	1.5858465021179788	1.5439781415823424	1.7135750784190633	1.796868333400895	1.683921270299681	-1.0	-1.0	-1.0	-1.0	1.5782291888370983	1.6916130845386388	1.4736846526828158	1.6401522336491252	1.6736666098336637	1.718337064068145	1.7136711024553182	1.6217316928683867	1.6109433853336437	1.600768738484193	1.680898195267542	1.4825064891680355	1.5860105194057936	1.8280654139580503	-1.0	-1.0	-1.0	-1.0	-1.0	-1.0	-1.0	-1.0	-1.0	-1.0	-1.0	-1.0	-1.0	-1.0	-1.0	-1.0	-1.0	-1.0	-1.0	-1.0	-1.0	-1.0	-1.0	-1.0	-1.0	-1.0	-1.0	-1.0	-1.0	-1.0	-1.0	-1.0	-1.0	-1.0
1.5740577874231478	1.1337795745863222	1.75717247538288	1.6809237851022418	1.673099787763164	1.6946903854987365	1.5405857890184103	1.5054462415314651	1.4485112443173445	1.4952524892575554	1.505318439654604	1.6741789217188585	1.631569950483718	1.449762246379995	1.4560807309446047	1.5218178935583295	1.563381101462474	1.5147886801993162	1.61376482952456	1.407095786705109	1.3736529098779828	1.3332125691076155	-1.0	-1.0	-1.0	-1.0	-1.0	-1.0	-1.0	-1.0	-1.0	-1.0	-1.0	-1.0	-1.0	-1.0	-1.0	-1.0	-1.0	-1.0	-1.0	-1.0	-1.0	-1.0	-1.0	-1.0	-1.0	-1.0	-1.0	-1.0	-1.0	-1.0	1.5248455163224206	1.4928607092977053	1.5023206474620465	1.564524141993865	1.486143340375406	1.4706590921372196	1.6036122361346208	1.3943863886128682	1.511041452141503	1.5929290660564108	1.5019634578674377	1.5048685427592414	1.5137062342877718	1.5509719848114636	-1.0	-1.0	-1.0	-1.0	-1.0	-1.0	-1.0	-1.0	-1.0	-1.0	-1.0	-1.0	-1.0	-1.0	-1.0	-1.0	-1.0	-1.0	-1.0	-1.0	-1.0	-1.0	-1.0	-1.0	-1.0	-1.0	-1.0	-1.0	-1.0	-1.0	-1.0	-1.0	-1.0	-1.0
1.6652068642679547	1.5105693406442091	1.8915082300584336	1.6220651324647535	1.5317945701439377	1.5307515087695196	1.8416257095976303	1.6775717639435979	1.5479463272978031	1.5577642787826231	1.521858463633234	1.6903007718129597	1.7012797410520666	1.4517840032560503	1.5170296240765708	1.3141787810797838	1.7300882702234204	1.5941833914522807	1.445584621603474	1.7221485001932306	1.7564233759751662	1.3920590599858487	-1.0	-1.0	-1.0	-1.0	-1.0	-1.0	-1.0	-1.0	-1.0	-1.0	-1.0	-1.0	-1.0	-1.0	-1.0	1.758667234487477	1.6838343830754843	1.708370782679384	1.6953869358529179	1.733039491420104	1.5498432630915986	1.6788239334638977	1.517255596980748	1.709005440134982	1.7001865709230024	1.5583926219637032	-1.0	-1.0	-1.0	-1.0	1.5721251563175136	1.7122761115870253	1.7187321143611707	1.7542006293921288	1.5356214236822276	1.586860837905661	1.6828961907958697	1.392967388316451	1.7668899280669392	1.5244538072513703	1.6668817636601148	1.5175750914944115	1.7724219346898757	1.625087633811197	-1.0	-1.0	-1.0	-1.0	-1.0	-1.0	-1.0	-1.0	-1.0	-1.0	-1.0	-1.0	-1.0	-1.0	-1.0	-1.0	-1.0	-1.0	-1.0	-1.0	-1.0	-1.0	-1.0	-1.0	-1.0	-1.0	-1.0	-1.0	-1.0	-1.0	-1.0	-1.0	-1.0	-1.0
1.5184705517748034	1.3642578321301169	1.5882078567144358	1.7183281179001066	1.7870392723420814	1.632075874959055	1.7355457272380654	1.761126916935412	1.7183837982193264	1.6153016231177568	1.5274804903916728	1.8102844752871239	1.6628413629472538	1.592626137654353	1.5291412198010144	1.5585672121164102	1.6046421024662467	1.5732712217176685	1.3686642563278333	1.534283570081618	1.7642952709423136	1.3893574104769728	-1.0	-1.0	-1.0	-1.0	-1.0	-1.0	-1.0	-1.0	-1.0	-1.0	-1.0	-1.0	-1.0	-1.0	-1.0	1.7372191637776835	1.77757304207744	1.4385188869748888	1.7335733432960585	1.8997959226862942	1.717808096439285	1.5997668070839115	1.7456074044311356	1.788261884877854	1.7783848284257198	1.5216362061439723	-1.0	-1.0	-1.0	-1.0	1.5235266971385326	1.6209551824505093	1.508039903468743	1.850677088660581	1.483378725809056	1.6720690051482452	1.8353088012551557	1.6129808913525787	1.512242437681377	1.3876762432790963	1.76541328195482	1.521388644468137	1.7032698685445842	1.8230895605944129	-1.0	-1.0	-1.0	-1.0	-1.0	-1.0	-1.0	-1.0	-1.0	-1.0	-1.0	-1.0	-1.0	-1.0	-1.0	-1.0	-1.0	-1.0	-1.0	-1.0	-1.0	-1.0	-1.0	-1.0	-1.0	-1.0	-1.0	-1.0	-1.0	-1.0	-1.0	-1.0	-1.0	-1.0
1.5323179181168314	1.5488934157446426	1.7618173163792732	1.6866159526257523	1.4615391748800355	1.6091232668565085	1.607422340179529	1.6834582128344218	1.7240521043461547	1.3461400414680125	1.5647806800880342	1.7161388033993896	1.6230752341704566	1.461353237200751	1.552534518311229	1.7396786622753488	1.6394057301040639	1.3979916933016794	1.5236051246997593	1.4836482510889697	1.8295552718743653	1.52061089264282	-1.0	-1.0	-1.0	-1.0	-1.0	-1.0	-1.0	-1.0	-1.0	-1.0	-1.0	-1.0	-1.0	-1.0	-1.0	1.6716236357098921	1.6001826319993857	1.5126530492877284	1.7817043828696586	1.573237888576805	1.7917500369349004	1.7773192463085448	1.3801689793627694	1.6900689333985794	1.7566354549658034	1.6875841910377065	-1.0	-1.0	-1.0	-1.0	1.6149820661921022	1.6640752212050829	1.6096012010205287	1.5431765241986586	1.738878387489309	1.6180165414642613	1.617505799594569	1.6174371922507325	1.7376609229247426	1.4360221376837359	1.7294437974321872	1.4222274219178017	1.6296219292523373	1.7532827629072232	-1.0	-1.0	-1.0	-1.0	-1.0	-1.0	-1.0	-1.0	-1.0	-1.0	-1.0	-1.0	-1.0	-1.0	-1.0	-1.0	-1.0	-1.0	-1.0	-1.0	-1.0	-1.0	-1.0	-1.0	-1.0	-1.0	-1.0	-1.0	-1.0	-1.0	-1.0	-1.0	-1.0	-1.0
1.5897088489153786	1.3567247818109205	1.7302909418910828	1.601373784713283	1.7168138956319492	1.551869734402444	1.6156346122272405	1.6120897770870175	1.7350700012464726	1.5438272233973365	1.5372664164026282	1.74115417827363	1.703414264177487	1.3731085377682883	1.420792442926771	1.646512377049431	1.8009588713930278	1.4943859900370224	1.5702188923605576	1.5747099878573854	1.663986033489622	1.2119166619396875	-1.0	-1.0	-1.0	-1.0	-1.0	-1.0	-1.0	-1.0	-1.0	-1.0	-1.0	-1.0	-1.0	-1.0	-1.0	1.6181721996312832	1.643647420134243	1.7374151749988354	1.8665806497167623	1.765298257729153	1.7721149233129778	1.717679011319259	1.6604529182118897	1.7096800790541622	1.567012727219388	1.7028613559318688	-1.0	-1.0	-1.0	-1.0	1.4248767382437064	1.728569948300669	1.3507765314240188	1.6649618868894218	1.6074713008914299	1.5401504077522503	1.800198394650884	1.545342221750379	1.7530188771350728	1.5490389454120812	1.7783081474532276	1.3906351944334416	1.6435742183161657	1.671271192923844	-1.0	-1.0	-1.0	-1.0	-1.0	-1.0	-1.0	-1.0	-1.0	-1.0	-1.0	-1.0	-1.0	-1.0	-1.0	-1.0	-1.0	-1.0	-1.0	-1.0	-1.0	-1.0	-1.0	-1.0	-1.0	-1.0	-1.0	-1.0	-1.0	-1.0	-1.0	-1.0	-1.0	-1.0
1.5814784734611438	1.484057249670943	1.3678707470922549	1.5345647270964782	1.5686180384712933	1.4416446993061347	1.5512305120476075	1.682123095093322	1.5532984068745102	1.3694822317082669	1.4196218297944736	1.3962853576429144	1.500366518630264	1.5497461723679509	1.4570901561193055	1.3113417832034857	1.5484103717025823	1.5940799128730956	1.4713092874565357	1.423775565427638	1.4283792777858635	1.5528733103526504	-1.0	-1.0	-1.0	-1.0	-1.0	-1.0	-1.0	-1.0	-1.0	-1.0	-1.0	-1.0	-1.0	-1.0	-1.0	-1.0	-1.0	-1.0	-1.0	-1.0	-1.0	-1.0	-1.0	-1.0	-1.0	-1.0	-1.0	-1.0	-1.0	-1.0	1.6207117480219722	1.4363732992057443	1.4277188813429436	1.5545109492479159	1.4408341877505508	1.5124485517642974	1.5410325821681452	1.5860564854547523	1.5193552358299725	1.4285859724440841	1.4367788454849026	1.628686495571314	1.1978777066191086	1.3979361442213292	-1.0	-1.0	-1.0	-1.0	-1.0	-1.0	-1.0	-1.0	-1.0	-1.0	-1.0	-1.0	-1.0	-1.0	-1.0	-1.0	-1.0	-1.0	-1.0	-1.0	-1.0	-1.0	-1.0	-1.0	-1.0	-1.0	-1.0	-1.0	-1.0	-1.0	-1.0	-1.0	-1.0	-1.0
1.4974236614924132	1.5178426418085766	1.4029667210344452	1.5095359739231495	1.4256676317293318	1.54911894690055	1.4842087289128016	1.3930498717041095	1.500109302790501	1.3731599160519612	1.4280331889178084	1.2517977169983623	1.7060854304237012	1.3898373336252647	1.7022753485884567	1.4998284831598392	1.6146661745995778	1.6640466899627087	1.3378385020478043	1.5673765538751407	1.5880285284222748	1.4478232903606967	-1.0	-1.0	-1.0	-1.0	-1.0	-1.0	-1.0	-1.0	-1.0	-1.0	-1.0	-1.0	-1.0	-1.0	-1.0	-1.0	-1.0	-1.0	-1.0	-1.0	-1.0	-1.0	-1.0	-1.0	-1.0	-1.0	-1.0	-1.0	-1.0	-1.0	1.4304522631346916	1.4736334027742795	1.6306368482920077	1.4909106134599839	1.630107136307845	1.4554871205854372	1.5726446157642426	1.4883050173627146	1.483958881669853	1.5240187376398793	1.5048240735189857	1.348446048540817	1.4865132112175552	1.6639969084849335	-1.0	-1.0	-1.0	-1.0	-1.0	-1.0	-1.0	-1.0	-1.0	-1.0	-1.0	-1.0	-1.0	-1.0	-1.0	-1.0	-1.0	-1.0	-1.0	-1.0	-1.0	-1.0	-1.0	-1.0	-1.0	-1.0	-1.0	-1.0	-1.0	-1.0	-1.0	-1.0	-1.0	-1.0
